"DELTA_ROBOT"

"Time      "	"TORQUE_M1.Q"	"TORQUE_M2.Q"	"TORQUE_M3.Q"
0.000000e+00	2.759109e+04	1.037885e+04	8.612991e+03
3.694235e-03	2.759037e+04	1.037536e+04	8.613065e+03
7.388469e-03	2.759390e+04	1.037024e+04	8.609184e+03
1.108270e-02	2.759891e+04	1.036133e+04	8.600984e+03
1.477694e-02	3.491307e+04	8.163053e+03	5.720605e+03
1.847117e-02	2.274872e+04	1.178475e+04	1.048564e+04
2.216541e-02	2.091965e+04	1.232430e+04	1.120268e+04
2.585964e-02	-7.358794e+03	2.085207e+04	2.239174e+04
2.955388e-02	9.747190e+03	1.571305e+04	1.564009e+04
3.324811e-02	8.661049e+03	1.604800e+04	1.607789e+04
3.694235e-02	8.270303e+03	1.617557e+04	1.624266e+04
4.063658e-02	8.295564e+03	1.617730e+04	1.624225e+04
4.433082e-02	8.320804e+03	1.617902e+04	1.624183e+04
4.802505e-02	8.354347e+03	1.622433e+04	1.631229e+04
5.171928e-02	8.382922e+03	1.624189e+04	1.633783e+04
5.541352e-02	8.403510e+03	1.621823e+04	1.629635e+04
5.910775e-02	8.429831e+03	1.622482e+04	1.630399e+04
6.280199e-02	8.455177e+03	1.622638e+04	1.630347e+04
6.649622e-02	8.480501e+03	1.622793e+04	1.630293e+04
7.019046e-02	8.505355e+03	1.623191e+04	1.630602e+04
7.388469e-02	8.527813e+03	1.625765e+04	1.634218e+04
7.757893e-02	8.557141e+03	1.625645e+04	1.633873e+04
8.127316e-02	8.583927e+03	1.626053e+04	1.634266e+04
8.496740e-02	8.610447e+03	1.626670e+04	1.634974e+04
8.866163e-02	8.637076e+03	1.627230e+04	1.635599e+04
9.235587e-02	8.663678e+03	1.627789e+04	1.636223e+04
9.605010e-02	8.685868e+03	1.628657e+04	1.637183e+04
9.974433e-02	8.706408e+03	1.629641e+04	1.638270e+04
1.034386e-01	8.738177e+03	1.629833e+04	1.638492e+04
1.071328e-01	8.763874e+03	1.630450e+04	1.639177e+04
1.108270e-01	8.790335e+03	1.631011e+04	1.639802e+04
1.145213e-01	8.816799e+03	1.631570e+04	1.640423e+04
1.182155e-01	8.842933e+03	1.632148e+04	1.641066e+04
1.219097e-01	8.860301e+03	1.633323e+04	1.642361e+04
1.256040e-01	8.888483e+03	1.633761e+04	1.642849e+04
1.292982e-01	8.916732e+03	1.634190e+04	1.643329e+04
1.329924e-01	8.942593e+03	1.634780e+04	1.643984e+04
1.366867e-01	8.968910e+03	1.635337e+04	1.644602e+04
1.403809e-01	8.995200e+03	1.635894e+04	1.645220e+04
1.440751e-01	9.018789e+03	1.636627e+04	1.646031e+04
1.477694e-01	9.036365e+03	1.637758e+04	1.647276e+04
1.514636e-01	9.068215e+03	1.637942e+04	1.647486e+04
1.551579e-01	9.093956e+03	1.638528e+04	1.648134e+04
1.588521e-01	9.120009e+03	1.639091e+04	1.648758e+04
1.625463e-01	9.146152e+03	1.639646e+04	1.649372e+04
1.662406e-01	9.172265e+03	1.640200e+04	1.649986e+04
1.699348e-01	9.190854e+03	1.641237e+04	1.651127e+04
1.736290e-01	9.214986e+03	1.641917e+04	1.651878e+04
1.773233e-01	9.244832e+03	1.642225e+04	1.652222e+04
1.810175e-01	9.270078e+03	1.642828e+04	1.652887e+04
1.847117e-01	9.296068e+03	1.643381e+04	1.653498e+04
1.884060e-01	9.322030e+03	1.643932e+04	1.654107e+04
1.921002e-01	9.346636e+03	1.644567e+04	1.654807e+04
1.957944e-01	9.362494e+03	1.645750e+04	1.656107e+04
1.994887e-01	9.393114e+03	1.646005e+04	1.656391e+04
2.031829e-01	9.419384e+03	1.646530e+04	1.656970e+04
2.068771e-01	9.444951e+03	1.647097e+04	1.657595e+04
2.105714e-01	9.470760e+03	1.647647e+04	1.658200e+04
2.142656e-01	9.496540e+03	1.648196e+04	1.658805e+04
2.179598e-01	9.517141e+03	1.649059e+04	1.659754e+04
2.216541e-01	9.536740e+03	1.649983e+04	1.660769e+04
2.253483e-01	9.568043e+03	1.650188e+04	1.660996e+04
2.290425e-01	9.592801e+03	1.650792e+04	1.661660e+04
2.327368e-01	9.618426e+03	1.651340e+04	1.662262e+04
2.364310e-01	9.644046e+03	1.651886e+04	1.662862e+04
2.401252e-01	9.669214e+03	1.652456e+04	1.663488e+04
2.438195e-01	9.684738e+03	1.653599e+04	1.664742e+04
2.475137e-01	9.712705e+03	1.654001e+04	1.665184e+04
2.512080e-01	9.740031e+03	1.654437e+04	1.665662e+04
2.549022e-01	9.765031e+03	1.655010e+04	1.666290e+04
2.585964e-01	9.790493e+03	1.655552e+04	1.666885e+04
2.622907e-01	9.815926e+03	1.656095e+04	1.667479e+04
2.659849e-01	9.838160e+03	1.656820e+04	1.668274e+04
2.696791e-01	9.854411e+03	1.657892e+04	1.669448e+04
2.733734e-01	9.885924e+03	1.658075e+04	1.669648e+04
2.770676e-01	9.910661e+03	1.658649e+04	1.670276e+04
2.807618e-01	9.935847e+03	1.659194e+04	1.670872e+04
2.844561e-01	9.961114e+03	1.659732e+04	1.671461e+04
2.881503e-01	9.986334e+03	1.660271e+04	1.672049e+04
2.918445e-01	1.000304e+04	1.661289e+04	1.673163e+04
2.955388e-01	1.002682e+04	1.661907e+04	1.673838e+04
2.992330e-01	1.005577e+04	1.662228e+04	1.674188e+04
3.029272e-01	1.008012e+04	1.662808e+04	1.674821e+04
3.066215e-01	1.010522e+04	1.663343e+04	1.675403e+04
3.103157e-01	1.013029e+04	1.663876e+04	1.675985e+04
3.140099e-01	1.015372e+04	1.664498e+04	1.676663e+04
3.177042e-01	1.016798e+04	1.665625e+04	1.677894e+04
3.213984e-01	1.019832e+04	1.665862e+04	1.678151e+04
3.250926e-01	1.022354e+04	1.666378e+04	1.678712e+04
3.287869e-01	1.024821e+04	1.666923e+04	1.679305e+04
3.324811e-01	1.027312e+04	1.667452e+04	1.679880e+04
3.361753e-01	1.029799e+04	1.667981e+04	1.680455e+04
3.398696e-01	1.031693e+04	1.668826e+04	1.681376e+04
3.435638e-01	1.033572e+04	1.669679e+04	1.682306e+04
3.472581e-01	1.036635e+04	1.669891e+04	1.682532e+04
3.509523e-01	1.039011e+04	1.670470e+04	1.683162e+04
3.546465e-01	1.041483e+04	1.670996e+04	1.683732e+04
3.583408e-01	1.043953e+04	1.671519e+04	1.684299e+04
3.620350e-01	1.046364e+04	1.672072e+04	1.684898e+04
3.657292e-01	1.047739e+04	1.673167e+04	1.686090e+04
3.694235e-01	1.050506e+04	1.673529e+04	1.686480e+04
3.731177e-01	1.053133e+04	1.673960e+04	1.686946e+04
3.768119e-01	1.055540e+04	1.674506e+04	1.687537e+04
3.805062e-01	1.057993e+04	1.675024e+04	1.688097e+04
3.842004e-01	1.060443e+04	1.675542e+04	1.688657e+04
3.878946e-01	1.062522e+04	1.676248e+04	1.689421e+04
3.915889e-01	1.064028e+04	1.677246e+04	1.690507e+04
3.952831e-01	1.067128e+04	1.677423e+04	1.690693e+04
3.989773e-01	1.069495e+04	1.677974e+04	1.691288e+04
4.026716e-01	1.071920e+04	1.678492e+04	1.691847e+04
4.063658e-01	1.074352e+04	1.679004e+04	1.692398e+04
4.100600e-01	1.076776e+04	1.679518e+04	1.692952e+04
4.137543e-01	1.078262e+04	1.680500e+04	1.694017e+04
4.174485e-01	1.080604e+04	1.681051e+04	1.694611e+04
4.211427e-01	1.083393e+04	1.681374e+04	1.694956e+04
4.248370e-01	1.085731e+04	1.681921e+04	1.695545e+04
4.285312e-01	1.088145e+04	1.682428e+04	1.696089e+04
4.322254e-01	1.090556e+04	1.682933e+04	1.696632e+04
4.359197e-01	1.092771e+04	1.683532e+04	1.697276e+04
4.396139e-01	1.094050e+04	1.684588e+04	1.698420e+04
4.433082e-01	1.097042e+04	1.684801e+04	1.698644e+04
4.470024e-01	1.099452e+04	1.685297e+04	1.699176e+04
4.506966e-01	1.101823e+04	1.685810e+04	1.699725e+04
4.543909e-01	1.104216e+04	1.686309e+04	1.700260e+04
4.580851e-01	1.106606e+04	1.686807e+04	1.700793e+04
4.617793e-01	1.108330e+04	1.687621e+04	1.701671e+04
4.654736e-01	1.110140e+04	1.688393e+04	1.702503e+04
4.691678e-01	1.113113e+04	1.688604e+04	1.702722e+04
4.728620e-01	1.115386e+04	1.689148e+04	1.703305e+04
4.765563e-01	1.117759e+04	1.689641e+04	1.703832e+04
4.802505e-01	1.120130e+04	1.690133e+04	1.704356e+04
4.839447e-01	1.122425e+04	1.690657e+04	1.704916e+04
4.876390e-01	1.123636e+04	1.691687e+04	1.706028e+04
4.913332e-01	1.126365e+04	1.692004e+04	1.706362e+04
4.950274e-01	1.128876e+04	1.692420e+04	1.706803e+04
4.987217e-01	1.131184e+04	1.692928e+04	1.707345e+04
5.024159e-01	1.133537e+04	1.693412e+04	1.707860e+04
5.061101e-01	1.135886e+04	1.693896e+04	1.708374e+04
5.098044e-01	1.137816e+04	1.694568e+04	1.709094e+04
5.134986e-01	1.139217e+04	1.695482e+04	1.710077e+04
5.171928e-01	1.142246e+04	1.695646e+04	1.710243e+04
5.208871e-01	1.144500e+04	1.696163e+04	1.710792e+04
5.245813e-01	1.146825e+04	1.696644e+04	1.711303e+04
5.282755e-01	1.149155e+04	1.697120e+04	1.711807e+04
5.319698e-01	1.151473e+04	1.697599e+04	1.712314e+04
5.356640e-01	1.152781e+04	1.698528e+04	1.713311e+04
5.393583e-01	1.155087e+04	1.699008e+04	1.713820e+04
5.430525e-01	1.157756e+04	1.699321e+04	1.714147e+04
5.467467e-01	1.159994e+04	1.699826e+04	1.714682e+04
5.504410e-01	1.162305e+04	1.700294e+04	1.715177e+04
5.541352e-01	1.164614e+04	1.700761e+04	1.715670e+04
5.578294e-01	1.166695e+04	1.701324e+04	1.716268e+04
5.615237e-01	1.167843e+04	1.702296e+04	1.717308e+04
5.652179e-01	1.170775e+04	1.702481e+04	1.717495e+04
5.689121e-01	1.173067e+04	1.702945e+04	1.717984e+04
5.726064e-01	1.175336e+04	1.703415e+04	1.718480e+04
5.763006e-01	1.177625e+04	1.703874e+04	1.718963e+04
5.799948e-01	1.179910e+04	1.704332e+04	1.719444e+04
5.836891e-01	1.181464e+04	1.705101e+04	1.720262e+04
5.873833e-01	1.183217e+04	1.705783e+04	1.720986e+04
5.910775e-01	1.186081e+04	1.705983e+04	1.721189e+04
5.947718e-01	1.188246e+04	1.706482e+04	1.721714e+04
5.984660e-01	1.190515e+04	1.706933e+04	1.722187e+04
6.021602e-01	1.192781e+04	1.707382e+04	1.722658e+04
6.058545e-01	1.194955e+04	1.707867e+04	1.723167e+04
6.095487e-01	1.196016e+04	1.708818e+04	1.724181e+04
6.132429e-01	1.198695e+04	1.709085e+04	1.724454e+04
6.169372e-01	1.201080e+04	1.709473e+04	1.724858e+04
6.206314e-01	1.203285e+04	1.709934e+04	1.725340e+04
6.243256e-01	1.205532e+04	1.710374e+04	1.725800e+04
6.280199e-01	1.207775e+04	1.710813e+04	1.726258e+04
6.317141e-01	1.209553e+04	1.711441e+04	1.726919e+04
6.354084e-01	1.210866e+04	1.712259e+04	1.727786e+04
6.391026e-01	1.213803e+04	1.712403e+04	1.727925e+04
6.427968e-01	1.215941e+04	1.712874e+04	1.728417e+04
6.464911e-01	1.218161e+04	1.713308e+04	1.728869e+04
6.501853e-01	1.220384e+04	1.713738e+04	1.729316e+04
6.538795e-01	1.222590e+04	1.714172e+04	1.729767e+04
6.575738e-01	1.223733e+04	1.715032e+04	1.730677e+04
6.612680e-01	1.225998e+04	1.715437e+04	1.731096e+04
6.649622e-01	1.228535e+04	1.715728e+04	1.731393e+04
6.686565e-01	1.230667e+04	1.716180e+04	1.731863e+04
6.723507e-01	1.232871e+04	1.716600e+04	1.732298e+04
6.760449e-01	1.235071e+04	1.717019e+04	1.732730e+04
6.797392e-01	1.237015e+04	1.717536e+04	1.733269e+04
6.834334e-01	1.238051e+04	1.718411e+04	1.734192e+04
6.871276e-01	1.240907e+04	1.718561e+04	1.734336e+04
6.908219e-01	1.243074e+04	1.718981e+04	1.734769e+04
6.945161e-01	1.245237e+04	1.719400e+04	1.735201e+04
6.982103e-01	1.247417e+04	1.719808e+04	1.735622e+04
7.019046e-01	1.249594e+04	1.720215e+04	1.736041e+04
7.055988e-01	1.250983e+04	1.720926e+04	1.736785e+04
7.092930e-01	1.252691e+04	1.721510e+04	1.737393e+04
7.129873e-01	1.255424e+04	1.721691e+04	1.737569e+04
7.166815e-01	1.257480e+04	1.722133e+04	1.738025e+04
7.203757e-01	1.259640e+04	1.722532e+04	1.738434e+04
7.240700e-01	1.261796e+04	1.722929e+04	1.738840e+04
7.277642e-01	1.263843e+04	1.723364e+04	1.739287e+04
7.314585e-01	1.264775e+04	1.724223e+04	1.740188e+04
7.351527e-01	1.267390e+04	1.724436e+04	1.740397e+04
7.388469e-01	1.269643e+04	1.724784e+04	1.740750e+04
7.425412e-01	1.271741e+04	1.725188e+04	1.741163e+04
7.462354e-01	1.273877e+04	1.725574e+04	1.741556e+04
7.499296e-01	1.276010e+04	1.725958e+04	1.741947e+04
7.536239e-01	1.277638e+04	1.726528e+04	1.742537e+04
7.573181e-01	1.278880e+04	1.727242e+04	1.743278e+04
7.610123e-01	1.281705e+04	1.727357e+04	1.743382e+04
7.647066e-01	1.283725e+04	1.727772e+04	1.743805e+04
7.684008e-01	1.285835e+04	1.728150e+04	1.744188e+04
7.720950e-01	1.287947e+04	1.728523e+04	1.744566e+04
7.757893e-01	1.290035e+04	1.728903e+04	1.744950e+04
7.794835e-01	1.291033e+04	1.729681e+04	1.745758e+04
7.831777e-01	1.293251e+04	1.730006e+04	1.746084e+04
7.868720e-01	1.295645e+04	1.730263e+04	1.746338e+04
7.905662e-01	1.297671e+04	1.730653e+04	1.746732e+04
7.942604e-01	1.299763e+04	1.731015e+04	1.747097e+04
7.979547e-01	1.301851e+04	1.731375e+04	1.747459e+04
8.016489e-01	1.303656e+04	1.731835e+04	1.747927e+04
8.053431e-01	1.304604e+04	1.732603e+04	1.748721e+04
8.090374e-01	1.307362e+04	1.732711e+04	1.748815e+04
8.127316e-01	1.309403e+04	1.733076e+04	1.749181e+04
8.164258e-01	1.311455e+04	1.733434e+04	1.749540e+04
8.201201e-01	1.313523e+04	1.733782e+04	1.749888e+04
8.238143e-01	1.315588e+04	1.734129e+04	1.750234e+04
8.275086e-01	1.316821e+04	1.734769e+04	1.750890e+04
8.312028e-01	1.318493e+04	1.735250e+04	1.751377e+04
8.348970e-01	1.321079e+04	1.735401e+04	1.751516e+04
8.385913e-01	1.323026e+04	1.735776e+04	1.751891e+04
8.422855e-01	1.325073e+04	1.736113e+04	1.752226e+04
8.459797e-01	1.327117e+04	1.736448e+04	1.752558e+04
8.496740e-01	1.329034e+04	1.736824e+04	1.752932e+04
8.533682e-01	1.329861e+04	1.737579e+04	1.753706e+04
8.570624e-01	1.332396e+04	1.737732e+04	1.753846e+04
8.607567e-01	1.334513e+04	1.738028e+04	1.754136e+04
8.644509e-01	1.336501e+04	1.738366e+04	1.754470e+04
8.681451e-01	1.338524e+04	1.738689e+04	1.754787e+04
8.718394e-01	1.340544e+04	1.739009e+04	1.755102e+04
8.755336e-01	1.342027e+04	1.739511e+04	1.755607e+04
8.792278e-01	1.343217e+04	1.740112e+04	1.756216e+04
8.829221e-01	1.345909e+04	1.740190e+04	1.756276e+04
8.866163e-01	1.347812e+04	1.740538e+04	1.756618e+04
8.903105e-01	1.349809e+04	1.740850e+04	1.756922e+04
8.940048e-01	1.351808e+04	1.741158e+04	1.757222e+04
8.976990e-01	1.353773e+04	1.741474e+04	1.757530e+04
9.013932e-01	1.354650e+04	1.742156e+04	1.758222e+04
9.050875e-01	1.356812e+04	1.742399e+04	1.758453e+04
9.087817e-01	1.359056e+04	1.742610e+04	1.758650e+04
9.124759e-01	1.360973e+04	1.742929e+04	1.758961e+04
9.161702e-01	1.362951e+04	1.743224e+04	1.759245e+04
9.198644e-01	1.364926e+04	1.743517e+04	1.759527e+04
9.235587e-01	1.366595e+04	1.743908e+04	1.759912e+04
9.272529e-01	1.367477e+04	1.744561e+04	1.760569e+04
9.309471e-01	1.370119e+04	1.744620e+04	1.760606e+04
9.346414e-01	1.372033e+04	1.744920e+04	1.760895e+04
9.383356e-01	1.373974e+04	1.745207e+04	1.761170e+04
9.420298e-01	1.375927e+04	1.745487e+04	1.761436e+04
9.457241e-01	1.377877e+04	1.745764e+04	1.761700e+04
9.494183e-01	1.378970e+04	1.746322e+04	1.762255e+04
9.531125e-01	1.380613e+04	1.746694e+04	1.762616e+04
9.568068e-01	1.383036e+04	1.746804e+04	1.762707e+04
9.605010e-01	1.384876e+04	1.747105e+04	1.762993e+04
9.641952e-01	1.386808e+04	1.747371e+04	1.763244e+04
9.678895e-01	1.388737e+04	1.747635e+04	1.763492e+04
9.715837e-01	1.390525e+04	1.747941e+04	1.763784e+04
9.752779e-01	1.391274e+04	1.748583e+04	1.764422e+04
9.789722e-01	1.393713e+04	1.748671e+04	1.764487e+04
9.826664e-01	1.395692e+04	1.748905e+04	1.764703e+04
9.863606e-01	1.397569e+04	1.749169e+04	1.764950e+04
9.900549e-01	1.399478e+04	1.749419e+04	1.765182e+04
9.937491e-01	1.401382e+04	1.749667e+04	1.765411e+04
9.974433e-01	1.402732e+04	1.750090e+04	1.765820e+04
1.001138e+00	1.403886e+04	1.750573e+04	1.766291e+04
1.004832e+00	1.406427e+04	1.750605e+04	1.766298e+04
1.008526e+00	1.408215e+04	1.750876e+04	1.766550e+04
1.012220e+00	1.410099e+04	1.751114e+04	1.766767e+04
1.015915e+00	1.411983e+04	1.751347e+04	1.766980e+04
1.019609e+00	1.413826e+04	1.751591e+04	1.767202e+04
1.023303e+00	1.414607e+04	1.752168e+04	1.767767e+04
1.026997e+00	1.416701e+04	1.752325e+04	1.767899e+04
1.030691e+00	1.418793e+04	1.752478e+04	1.768029e+04
1.034386e+00	1.420602e+04	1.752719e+04	1.768247e+04
1.038080e+00	1.422465e+04	1.752938e+04	1.768443e+04
1.041774e+00	1.424324e+04	1.753156e+04	1.768636e+04
1.045468e+00	1.425863e+04	1.753470e+04	1.768928e+04
1.049163e+00	1.426704e+04	1.754000e+04	1.769441e+04
1.052857e+00	1.429210e+04	1.754003e+04	1.769415e+04
1.056551e+00	1.431001e+04	1.754227e+04	1.769615e+04
1.060245e+00	1.432829e+04	1.754436e+04	1.769799e+04
1.063940e+00	1.434668e+04	1.754639e+04	1.769975e+04
1.067634e+00	1.436503e+04	1.754839e+04	1.770149e+04
1.071328e+00	1.437476e+04	1.755303e+04	1.770590e+04
1.075022e+00	1.439092e+04	1.755564e+04	1.770825e+04
1.078717e+00	1.441343e+04	1.755624e+04	1.770855e+04
1.082411e+00	1.443077e+04	1.755842e+04	1.771045e+04
1.086105e+00	1.444894e+04	1.756030e+04	1.771204e+04
1.089799e+00	1.446708e+04	1.756215e+04	1.771361e+04
1.093493e+00	1.448370e+04	1.756444e+04	1.771560e+04
1.097188e+00	1.449068e+04	1.756965e+04	1.772056e+04
1.100882e+00	1.451396e+04	1.756981e+04	1.772041e+04
1.104576e+00	1.453238e+04	1.757143e+04	1.772173e+04
1.108270e+00	1.455006e+04	1.757325e+04	1.772324e+04
1.111965e+00	1.456799e+04	1.757495e+04	1.772463e+04
1.115659e+00	1.458590e+04	1.757662e+04	1.772599e+04
1.119353e+00	1.459819e+04	1.757997e+04	1.772902e+04
1.123047e+00	1.460951e+04	1.758358e+04	1.773232e+04
1.126742e+00	1.463327e+04	1.758336e+04	1.773176e+04
1.130436e+00	1.465004e+04	1.758523e+04	1.773330e+04
1.134130e+00	1.466774e+04	1.758679e+04	1.773452e+04
1.137824e+00	1.468543e+04	1.758831e+04	1.773570e+04
1.141518e+00	1.470264e+04	1.758994e+04	1.773699e+04
1.145213e+00	1.470980e+04	1.759458e+04	1.774127e+04
1.148907e+00	1.472995e+04	1.759525e+04	1.774160e+04
1.152601e+00	1.474934e+04	1.759611e+04	1.774210e+04
1.156295e+00	1.476636e+04	1.759766e+04	1.774329e+04
1.159990e+00	1.478385e+04	1.759902e+04	1.774430e+04
1.163684e+00	1.480130e+04	1.760036e+04	1.774527e+04
1.167378e+00	1.481549e+04	1.760265e+04	1.774718e+04
1.171072e+00	1.482370e+04	1.760668e+04	1.775082e+04
1.174767e+00	1.484725e+04	1.760608e+04	1.774985e+04
1.178461e+00	1.486396e+04	1.760750e+04	1.775088e+04
1.182155e+00	1.488113e+04	1.760874e+04	1.775173e+04
1.185849e+00	1.489838e+04	1.760992e+04	1.775252e+04
1.189544e+00	1.491558e+04	1.761108e+04	1.775329e+04
1.193238e+00	1.492439e+04	1.761470e+04	1.775648e+04
1.196932e+00	1.494022e+04	1.761619e+04	1.775756e+04
1.200626e+00	1.496098e+04	1.761618e+04	1.775716e+04
1.204320e+00	1.497729e+04	1.761746e+04	1.775802e+04
1.208015e+00	1.499434e+04	1.761848e+04	1.775863e+04
1.211709e+00	1.501135e+04	1.761947e+04	1.775920e+04
1.215403e+00	1.502676e+04	1.762090e+04	1.776020e+04
1.219097e+00	1.503351e+04	1.762486e+04	1.776368e+04
1.222792e+00	1.505550e+04	1.762427e+04	1.776268e+04
1.226486e+00	1.507260e+04	1.762509e+04	1.776307e+04
1.230180e+00	1.508920e+04	1.762602e+04	1.776356e+04
1.233874e+00	1.510600e+04	1.762685e+04	1.776395e+04
1.237569e+00	1.512278e+04	1.762766e+04	1.776431e+04
1.241263e+00	1.513405e+04	1.763005e+04	1.776621e+04
1.244957e+00	1.514527e+04	1.763241e+04	1.776808e+04
1.248651e+00	1.516726e+04	1.763156e+04	1.776681e+04
1.252346e+00	1.518298e+04	1.763253e+04	1.776731e+04
1.256040e+00	1.519957e+04	1.763321e+04	1.776752e+04
1.259734e+00	1.521614e+04	1.763385e+04	1.776768e+04
1.263428e+00	1.523217e+04	1.763461e+04	1.776797e+04
1.267122e+00	1.523896e+04	1.763805e+04	1.777084e+04
1.270817e+00	1.525819e+04	1.763780e+04	1.777013e+04
1.274511e+00	1.527608e+04	1.763790e+04	1.776976e+04
1.278205e+00	1.529206e+04	1.763853e+04	1.776989e+04
1.281899e+00	1.530843e+04	1.763900e+04	1.776987e+04
1.285594e+00	1.532477e+04	1.763945e+04	1.776982e+04
1.289288e+00	1.533787e+04	1.764081e+04	1.777064e+04
1.292982e+00	1.534608e+04	1.764355e+04	1.777280e+04
1.296676e+00	1.536799e+04	1.764226e+04	1.777105e+04
1.300371e+00	1.538356e+04	1.764278e+04	1.777105e+04
1.304065e+00	1.539965e+04	1.764311e+04	1.777086e+04
1.307759e+00	1.541579e+04	1.764339e+04	1.777062e+04
1.311453e+00	1.543186e+04	1.764365e+04	1.777036e+04
1.315148e+00	1.544004e+04	1.764617e+04	1.777225e+04
1.318842e+00	1.545546e+04	1.764655e+04	1.777208e+04
1.322536e+00	1.547450e+04	1.764583e+04	1.777086e+04
1.326230e+00	1.548982e+04	1.764616e+04	1.777064e+04
1.329924e+00	1.550577e+04	1.764628e+04	1.777021e+04
1.333619e+00	1.552168e+04	1.764636e+04	1.776974e+04
1.337313e+00	1.553598e+04	1.764687e+04	1.776967e+04
1.341007e+00	1.554274e+04	1.764954e+04	1.777165e+04
1.344701e+00	1.556331e+04	1.764815e+04	1.776977e+04
1.348396e+00	1.557916e+04	1.764809e+04	1.776915e+04
1.352090e+00	1.559470e+04	1.764809e+04	1.776857e+04
1.355784e+00	1.561042e+04	1.764800e+04	1.776791e+04
1.359478e+00	1.562610e+04	1.764789e+04	1.776721e+04
1.363173e+00	1.563653e+04	1.764926e+04	1.776792e+04
1.366867e+00	1.564773e+04	1.765037e+04	1.776838e+04
1.370561e+00	1.566790e+04	1.764883e+04	1.776632e+04
1.374255e+00	1.568263e+04	1.764884e+04	1.776572e+04
1.377950e+00	1.569814e+04	1.764858e+04	1.776486e+04
1.381644e+00	1.571363e+04	1.764829e+04	1.776397e+04
1.385338e+00	1.572853e+04	1.764814e+04	1.776320e+04
1.389032e+00	1.573523e+04	1.765033e+04	1.776462e+04
1.392726e+00	1.575341e+04	1.764914e+04	1.776287e+04
1.396421e+00	1.576988e+04	1.764841e+04	1.776154e+04
1.400115e+00	1.578485e+04	1.764808e+04	1.776058e+04
1.403809e+00	1.580015e+04	1.764762e+04	1.775949e+04
1.407503e+00	1.581542e+04	1.764713e+04	1.775837e+04
1.411198e+00	1.582759e+04	1.764750e+04	1.775805e+04
1.414892e+00	1.583595e+04	1.764894e+04	1.775871e+04
1.418586e+00	1.585612e+04	1.764690e+04	1.775613e+04
1.422280e+00	1.587064e+04	1.764647e+04	1.775505e+04
1.425975e+00	1.588568e+04	1.764585e+04	1.775378e+04
1.429669e+00	1.590076e+04	1.764518e+04	1.775246e+04
1.433363e+00	1.591574e+04	1.764451e+04	1.775112e+04
1.437057e+00	1.592357e+04	1.764588e+04	1.775167e+04
1.440751e+00	1.593849e+04	1.764514e+04	1.775026e+04
1.444446e+00	1.595587e+04	1.764365e+04	1.774816e+04
1.448140e+00	1.597024e+04	1.764299e+04	1.774682e+04
1.451834e+00	1.598513e+04	1.764215e+04	1.774530e+04
1.455528e+00	1.599999e+04	1.764128e+04	1.774375e+04
1.459223e+00	1.601328e+04	1.764084e+04	1.774257e+04
1.462917e+00	1.602026e+04	1.764220e+04	1.774305e+04
1.466611e+00	1.603932e+04	1.763997e+04	1.774024e+04
1.470305e+00	1.605400e+04	1.763900e+04	1.773857e+04
1.474000e+00	1.606854e+04	1.763803e+04	1.773689e+04
1.477694e+00	1.608321e+04	1.763698e+04	1.773514e+04
1.481388e+00	1.609785e+04	1.763590e+04	1.773335e+04
1.485082e+00	1.610767e+04	1.763621e+04	1.773281e+04
1.488777e+00	1.611886e+04	1.763607e+04	1.773187e+04
1.492471e+00	1.613720e+04	1.763378e+04	1.772896e+04
1.496165e+00	1.615101e+04	1.763279e+04	1.772723e+04
1.499859e+00	1.616550e+04	1.763157e+04	1.772528e+04
1.503553e+00	1.617996e+04	1.763031e+04	1.772329e+04
1.507248e+00	1.619381e+04	1.762920e+04	1.772142e+04
1.510942e+00	1.620067e+04	1.763013e+04	1.772138e+04
1.514636e+00	1.621770e+04	1.762798e+04	1.771858e+04
1.518330e+00	1.623283e+04	1.762637e+04	1.771624e+04
1.522025e+00	1.624686e+04	1.762505e+04	1.771416e+04
1.525719e+00	1.626113e+04	1.762362e+04	1.771197e+04
1.529413e+00	1.627538e+04	1.762215e+04	1.770975e+04
1.533107e+00	1.628678e+04	1.762151e+04	1.770824e+04
1.536802e+00	1.629540e+04	1.762165e+04	1.770744e+04
1.540496e+00	1.631379e+04	1.761882e+04	1.770398e+04
1.544190e+00	1.632735e+04	1.761741e+04	1.770177e+04
1.547884e+00	1.634140e+04	1.761581e+04	1.769939e+04
1.551579e+00	1.635547e+04	1.761417e+04	1.769697e+04
1.555273e+00	1.636942e+04	1.761252e+04	1.769453e+04
1.558967e+00	1.637717e+04	1.761272e+04	1.769371e+04
1.562661e+00	1.639148e+04	1.761088e+04	1.769109e+04
1.566355e+00	1.640729e+04	1.760856e+04	1.768803e+04
1.570050e+00	1.642078e+04	1.760690e+04	1.768555e+04
1.573744e+00	1.643467e+04	1.760508e+04	1.768293e+04
1.577438e+00	1.644853e+04	1.760322e+04	1.768026e+04
1.581132e+00	1.646094e+04	1.760178e+04	1.767795e+04
1.584827e+00	1.646831e+04	1.760184e+04	1.767694e+04
1.588521e+00	1.648577e+04	1.759876e+04	1.767319e+04
1.592215e+00	1.649939e+04	1.759682e+04	1.767042e+04
1.595909e+00	1.651299e+04	1.759486e+04	1.766762e+04
1.599604e+00	1.652668e+04	1.759282e+04	1.766476e+04
1.603298e+00	1.654035e+04	1.759076e+04	1.766186e+04
1.606992e+00	1.654976e+04	1.758998e+04	1.766006e+04
1.610686e+00	1.656093e+04	1.758861e+04	1.765774e+04
1.614381e+00	1.657749e+04	1.758553e+04	1.765393e+04
1.618075e+00	1.659046e+04	1.758352e+04	1.765105e+04
1.621769e+00	1.660397e+04	1.758131e+04	1.764798e+04
1.625463e+00	1.661746e+04	1.757907e+04	1.764488e+04
1.629157e+00	1.663037e+04	1.757697e+04	1.764189e+04
1.632852e+00	1.663759e+04	1.757664e+04	1.764040e+04
1.636546e+00	1.665338e+04	1.757354e+04	1.763654e+04
1.640240e+00	1.666730e+04	1.757100e+04	1.763316e+04
1.643934e+00	1.668043e+04	1.756868e+04	1.762995e+04
1.647629e+00	1.669375e+04	1.756625e+04	1.762664e+04
1.651323e+00	1.670705e+04	1.756380e+04	1.762330e+04
1.655017e+00	1.671785e+04	1.756211e+04	1.762059e+04
1.658711e+00	1.672679e+04	1.756097e+04	1.761834e+04
1.662406e+00	1.674340e+04	1.755733e+04	1.761398e+04
1.666100e+00	1.675609e+04	1.755492e+04	1.761064e+04
1.669794e+00	1.676921e+04	1.755232e+04	1.760713e+04
1.673488e+00	1.678234e+04	1.754969e+04	1.760359e+04
1.677183e+00	1.679534e+04	1.754706e+04	1.760004e+04
1.680877e+00	1.680324e+04	1.754606e+04	1.759783e+04
1.684571e+00	1.681684e+04	1.754314e+04	1.759404e+04
1.688265e+00	1.683120e+04	1.753995e+04	1.758999e+04
1.691959e+00	1.684387e+04	1.753727e+04	1.758636e+04
1.695654e+00	1.685683e+04	1.753445e+04	1.758262e+04
1.699348e+00	1.686977e+04	1.753161e+04	1.757884e+04
1.703042e+00	1.688143e+04	1.752915e+04	1.757537e+04
1.706736e+00	1.688930e+04	1.752792e+04	1.757289e+04
1.710431e+00	1.690515e+04	1.752398e+04	1.756818e+04
1.714125e+00	1.691782e+04	1.752106e+04	1.756431e+04
1.717819e+00	1.693054e+04	1.751809e+04	1.756038e+04
1.721513e+00	1.694331e+04	1.751507e+04	1.755639e+04
1.725208e+00	1.695607e+04	1.751201e+04	1.755237e+04
1.728902e+00	1.696529e+04	1.751013e+04	1.754930e+04
1.732596e+00	1.697639e+04	1.750756e+04	1.754565e+04
1.736290e+00	1.699126e+04	1.750365e+04	1.754092e+04
1.739985e+00	1.700347e+04	1.750062e+04	1.753688e+04
1.743679e+00	1.701609e+04	1.749742e+04	1.753270e+04
1.747373e+00	1.702868e+04	1.749418e+04	1.752848e+04
1.751067e+00	1.704075e+04	1.749109e+04	1.752436e+04
1.754761e+00	1.704848e+04	1.748950e+04	1.752143e+04
1.758456e+00	1.706299e+04	1.748545e+04	1.751654e+04
1.762150e+00	1.707580e+04	1.748198e+04	1.751209e+04
1.765844e+00	1.708811e+04	1.747865e+04	1.750774e+04
1.769538e+00	1.710055e+04	1.747523e+04	1.750331e+04
1.773233e+00	1.711297e+04	1.747178e+04	1.749885e+04
1.776927e+00	1.712334e+04	1.746904e+04	1.749494e+04
1.780621e+00	1.713261e+04	1.746665e+04	1.749129e+04
1.784315e+00	1.714749e+04	1.746218e+04	1.748600e+04
1.788010e+00	1.715941e+04	1.745875e+04	1.748152e+04
1.791704e+00	1.717168e+04	1.745516e+04	1.747690e+04
1.795398e+00	1.718394e+04	1.745153e+04	1.747224e+04
1.799092e+00	1.719607e+04	1.744792e+04	1.746757e+04
1.802786e+00	1.720432e+04	1.744572e+04	1.746399e+04
1.806481e+00	1.721712e+04	1.744176e+04	1.745905e+04
1.810175e+00	1.723018e+04	1.743767e+04	1.745399e+04
1.813869e+00	1.724209e+04	1.743398e+04	1.744922e+04
1.817563e+00	1.725420e+04	1.743017e+04	1.744436e+04
1.821258e+00	1.726629e+04	1.742633e+04	1.743946e+04
1.824952e+00	1.727734e+04	1.742287e+04	1.743484e+04
1.828646e+00	1.728578e+04	1.742038e+04	1.743094e+04
1.832340e+00	1.730003e+04	1.741556e+04	1.742527e+04
1.836035e+00	1.731185e+04	1.741167e+04	1.742029e+04
1.839729e+00	1.732376e+04	1.740770e+04	1.741524e+04
1.843423e+00	1.733570e+04	1.740369e+04	1.741015e+04
1.847117e+00	1.734763e+04	1.739964e+04	1.740502e+04
1.850812e+00	1.735685e+04	1.739665e+04	1.740066e+04
1.854506e+00	1.736780e+04	1.739291e+04	1.739574e+04
1.858200e+00	1.738112e+04	1.738817e+04	1.739006e+04
1.861894e+00	1.739264e+04	1.738413e+04	1.738488e+04
1.865588e+00	1.740443e+04	1.737993e+04	1.737958e+04
1.869283e+00	1.741621e+04	1.737571e+04	1.737425e+04
1.872977e+00	1.742755e+04	1.737163e+04	1.736901e+04
1.876671e+00	1.743589e+04	1.736879e+04	1.736466e+04
1.880365e+00	1.744909e+04	1.736383e+04	1.735876e+04
1.884060e+00	1.746094e+04	1.735941e+04	1.735325e+04
1.887754e+00	1.747250e+04	1.735507e+04	1.734778e+04
1.891448e+00	1.748413e+04	1.735067e+04	1.734225e+04
1.895142e+00	1.749575e+04	1.734623e+04	1.733668e+04
1.898837e+00	1.750585e+04	1.734244e+04	1.733156e+04
1.902531e+00	1.751543e+04	1.733884e+04	1.732656e+04
1.906225e+00	1.752868e+04	1.733354e+04	1.732035e+04
1.909919e+00	1.753992e+04	1.732912e+04	1.731474e+04
1.913614e+00	1.755140e+04	1.732454e+04	1.730901e+04
1.917308e+00	1.756287e+04	1.731993e+04	1.730325e+04
1.921002e+00	1.757423e+04	1.731534e+04	1.729748e+04
1.924696e+00	1.758296e+04	1.731196e+04	1.729255e+04
1.928390e+00	1.759491e+04	1.730699e+04	1.728650e+04
1.932085e+00	1.760682e+04	1.730200e+04	1.728043e+04
1.935779e+00	1.761804e+04	1.729731e+04	1.727455e+04
1.939473e+00	1.762938e+04	1.729252e+04	1.726858e+04
1.943167e+00	1.764070e+04	1.728771e+04	1.726259e+04
1.946862e+00	1.765128e+04	1.728323e+04	1.725681e+04
1.950556e+00	1.766029e+04	1.727951e+04	1.725154e+04
1.954250e+00	1.767299e+04	1.727385e+04	1.724493e+04
1.957944e+00	1.768408e+04	1.726898e+04	1.723885e+04
1.961639e+00	1.769526e+04	1.726404e+04	1.723270e+04
1.965333e+00	1.770644e+04	1.725904e+04	1.722651e+04
1.969027e+00	1.771761e+04	1.725402e+04	1.722029e+04
1.972721e+00	1.772701e+04	1.724994e+04	1.721466e+04
1.976416e+00	1.773770e+04	1.724508e+04	1.720852e+04
1.980110e+00	1.774964e+04	1.723950e+04	1.720189e+04
1.983804e+00	1.776054e+04	1.723446e+04	1.719560e+04
1.987498e+00	1.777160e+04	1.722929e+04	1.718921e+04
1.991192e+00	1.778264e+04	1.722409e+04	1.718279e+04
1.994887e+00	1.779338e+04	1.721903e+04	1.717644e+04
1.998581e+00	1.780238e+04	1.721499e+04	1.717073e+04
2.002275e+00	1.781427e+04	1.720913e+04	1.716385e+04
2.005969e+00	1.782529e+04	1.720378e+04	1.715727e+04
2.009664e+00	1.783616e+04	1.719847e+04	1.715071e+04
2.013358e+00	1.784707e+04	1.719310e+04	1.714409e+04
2.017052e+00	1.785796e+04	1.718770e+04	1.713744e+04
2.020746e+00	1.786794e+04	1.718287e+04	1.713113e+04
2.024441e+00	1.787776e+04	1.717810e+04	1.712485e+04
2.028135e+00	1.788951e+04	1.717198e+04	1.711771e+04
2.031829e+00	1.790016e+04	1.716657e+04	1.711100e+04
2.035523e+00	1.791094e+04	1.716103e+04	1.710419e+04
2.039218e+00	1.792171e+04	1.715546e+04	1.709735e+04
2.042912e+00	1.793239e+04	1.714990e+04	1.709050e+04
2.046606e+00	1.794170e+04	1.714536e+04	1.708425e+04
2.050300e+00	1.795274e+04	1.713943e+04	1.707715e+04
2.053994e+00	1.796366e+04	1.713356e+04	1.707007e+04
2.057689e+00	1.797425e+04	1.712789e+04	1.706310e+04
2.061383e+00	1.798490e+04	1.712215e+04	1.705606e+04
2.065077e+00	1.799552e+04	1.711637e+04	1.704900e+04
2.068771e+00	1.800577e+04	1.711090e+04	1.704208e+04
2.072466e+00	1.801531e+04	1.710600e+04	1.703548e+04
2.076160e+00	1.802656e+04	1.709951e+04	1.702796e+04
2.079854e+00	1.803704e+04	1.709369e+04	1.702081e+04
2.083548e+00	1.804755e+04	1.708779e+04	1.701359e+04
2.087243e+00	1.805806e+04	1.708184e+04	1.700633e+04
2.090937e+00	1.806855e+04	1.707587e+04	1.699904e+04
2.094631e+00	1.807827e+04	1.707070e+04	1.699217e+04
2.098325e+00	1.808859e+04	1.706480e+04	1.698489e+04
2.102019e+00	1.809934e+04	1.705838e+04	1.697731e+04
2.105714e+00	1.810968e+04	1.705237e+04	1.696993e+04
2.109408e+00	1.812007e+04	1.704626e+04	1.696249e+04
2.113102e+00	1.813045e+04	1.704012e+04	1.695501e+04
2.116796e+00	1.814070e+04	1.703410e+04	1.694758e+04
2.120491e+00	1.815035e+04	1.702888e+04	1.694054e+04
2.124185e+00	1.816100e+04	1.702217e+04	1.693272e+04
2.127879e+00	1.817131e+04	1.701590e+04	1.692510e+04
2.131573e+00	1.818157e+04	1.700964e+04	1.691748e+04
2.135268e+00	1.819184e+04	1.700333e+04	1.690981e+04
2.138962e+00	1.820208e+04	1.699699e+04	1.690211e+04
2.142656e+00	1.821208e+04	1.699114e+04	1.689463e+04
2.146350e+00	1.822204e+04	1.698525e+04	1.688712e+04
2.150045e+00	1.823244e+04	1.697834e+04	1.687908e+04
2.153739e+00	1.824257e+04	1.697198e+04	1.687130e+04
2.157433e+00	1.825273e+04	1.696550e+04	1.686345e+04
2.161127e+00	1.826286e+04	1.695899e+04	1.685556e+04
2.164821e+00	1.827298e+04	1.695251e+04	1.684767e+04
2.168516e+00	1.828289e+04	1.694683e+04	1.684012e+04
2.172210e+00	1.829301e+04	1.693999e+04	1.683202e+04
2.175904e+00	1.830310e+04	1.693325e+04	1.682396e+04
2.179598e+00	1.831314e+04	1.692664e+04	1.681593e+04
2.183293e+00	1.832317e+04	1.691998e+04	1.680786e+04
2.186987e+00	1.833318e+04	1.691328e+04	1.679976e+04
2.190681e+00	1.834320e+04	1.690684e+04	1.679174e+04
2.194375e+00	1.835322e+04	1.690079e+04	1.678388e+04
2.198070e+00	1.836313e+04	1.689352e+04	1.677547e+04
2.201764e+00	1.837307e+04	1.688677e+04	1.676727e+04
2.205458e+00	1.838300e+04	1.687994e+04	1.675902e+04
2.209152e+00	1.839291e+04	1.687308e+04	1.675073e+04
2.212847e+00	1.840281e+04	1.686619e+04	1.674241e+04
2.216541e+00	1.841293e+04	1.685995e+04	1.673432e+04
2.220235e+00	1.842279e+04	1.685305e+04	1.672597e+04
2.223929e+00	1.843253e+04	1.684583e+04	1.671746e+04
2.227623e+00	1.844238e+04	1.683889e+04	1.670904e+04
2.231318e+00	1.845219e+04	1.683186e+04	1.670057e+04
2.235012e+00	1.846198e+04	1.682481e+04	1.669207e+04
2.238706e+00	1.847185e+04	1.681786e+04	1.668359e+04
2.242400e+00	1.848212e+04	1.681150e+04	1.667528e+04
2.246095e+00	1.849158e+04	1.680398e+04	1.666656e+04
2.249789e+00	1.850130e+04	1.679682e+04	1.665794e+04
2.253483e+00	1.851102e+04	1.678965e+04	1.664929e+04
2.257177e+00	1.852072e+04	1.678243e+04	1.664061e+04
2.260872e+00	1.853040e+04	1.677519e+04	1.663189e+04
2.264566e+00	1.854051e+04	1.676834e+04	1.662327e+04
2.268260e+00	1.855050e+04	1.676140e+04	1.661460e+04
2.271954e+00	1.855973e+04	1.675372e+04	1.660570e+04
2.275649e+00	1.856941e+04	1.674644e+04	1.659689e+04
2.279343e+00	1.857901e+04	1.673906e+04	1.658803e+04
2.283037e+00	1.858860e+04	1.673166e+04	1.657914e+04
2.286731e+00	1.859823e+04	1.672428e+04	1.657022e+04
2.290425e+00	1.860875e+04	1.671749e+04	1.656143e+04
2.294120e+00	1.861796e+04	1.670980e+04	1.655240e+04
2.297814e+00	1.862736e+04	1.670221e+04	1.654337e+04
2.301508e+00	1.863690e+04	1.669471e+04	1.653434e+04
2.305202e+00	1.864639e+04	1.668715e+04	1.652527e+04
2.308897e+00	1.865587e+04	1.667956e+04	1.651617e+04
2.312591e+00	1.866577e+04	1.667218e+04	1.650708e+04
2.316285e+00	1.867615e+04	1.666504e+04	1.649801e+04
2.319979e+00	1.868487e+04	1.665701e+04	1.648876e+04
2.323674e+00	1.869437e+04	1.664937e+04	1.647955e+04
2.327368e+00	1.870377e+04	1.664165e+04	1.647031e+04
2.331062e+00	1.871316e+04	1.663391e+04	1.646104e+04
2.334756e+00	1.872255e+04	1.662615e+04	1.645173e+04
2.338451e+00	1.873312e+04	1.661886e+04	1.644245e+04
2.342145e+00	1.874244e+04	1.661104e+04	1.643309e+04
2.345839e+00	1.875136e+04	1.660303e+04	1.642368e+04
2.349533e+00	1.876076e+04	1.659520e+04	1.641426e+04
2.353227e+00	1.877006e+04	1.658730e+04	1.640481e+04
2.356922e+00	1.877934e+04	1.657938e+04	1.639533e+04
2.360616e+00	1.878893e+04	1.657153e+04	1.638582e+04
2.364310e+00	1.879974e+04	1.656408e+04	1.637629e+04
2.368004e+00	1.880810e+04	1.655579e+04	1.636673e+04
2.371699e+00	1.881733e+04	1.654777e+04	1.635713e+04
2.375393e+00	1.882657e+04	1.653973e+04	1.634751e+04
2.379087e+00	1.883577e+04	1.653165e+04	1.633786e+04
2.382781e+00	1.884496e+04	1.652354e+04	1.632818e+04
2.386476e+00	1.885526e+04	1.651571e+04	1.631844e+04
2.390170e+00	1.886517e+04	1.650777e+04	1.630868e+04
2.393864e+00	1.887342e+04	1.649936e+04	1.629894e+04
2.397558e+00	1.888271e+04	1.649120e+04	1.628914e+04
2.401252e+00	1.889182e+04	1.648297e+04	1.627932e+04
2.404947e+00	1.890092e+04	1.647471e+04	1.626946e+04
2.408641e+00	1.891017e+04	1.646647e+04	1.625958e+04
2.412335e+00	1.892125e+04	1.645860e+04	1.624957e+04
2.416029e+00	1.892957e+04	1.645012e+04	1.623968e+04
2.419724e+00	1.893841e+04	1.644172e+04	1.622972e+04
2.423418e+00	1.894751e+04	1.643335e+04	1.621972e+04
2.427112e+00	1.895654e+04	1.642494e+04	1.620970e+04
2.430806e+00	1.896554e+04	1.641651e+04	1.619965e+04
2.434501e+00	1.897541e+04	1.640821e+04	1.618951e+04
2.438195e+00	1.898604e+04	1.640003e+04	1.617930e+04
2.441889e+00	1.899371e+04	1.639130e+04	1.616925e+04
2.445583e+00	1.900284e+04	1.638280e+04	1.615908e+04
2.449278e+00	1.901179e+04	1.637424e+04	1.614889e+04
2.452972e+00	1.902071e+04	1.636566e+04	1.613867e+04
2.456666e+00	1.902966e+04	1.635706e+04	1.612842e+04
2.460360e+00	1.904070e+04	1.634874e+04	1.611796e+04
2.464054e+00	1.904944e+04	1.634007e+04	1.610768e+04
2.467749e+00	1.905769e+04	1.633130e+04	1.609740e+04
2.471443e+00	1.906670e+04	1.632262e+04	1.608703e+04
2.475137e+00	1.907555e+04	1.631389e+04	1.607664e+04
2.478831e+00	1.908439e+04	1.630513e+04	1.606623e+04
2.482526e+00	1.909377e+04	1.629642e+04	1.605573e+04
2.486220e+00	1.910502e+04	1.628790e+04	1.604503e+04
2.489914e+00	1.911239e+04	1.627891e+04	1.603468e+04
2.493608e+00	1.912122e+04	1.627007e+04	1.602415e+04
2.497303e+00	1.913004e+04	1.626120e+04	1.601360e+04
2.500997e+00	1.913881e+04	1.625230e+04	1.600302e+04
2.504691e+00	1.914756e+04	1.624337e+04	1.599242e+04
2.508385e+00	1.915810e+04	1.623459e+04	1.598159e+04
2.512080e+00	1.916782e+04	1.622572e+04	1.597082e+04
2.515774e+00	1.917527e+04	1.621660e+04	1.596027e+04
2.519468e+00	1.918421e+04	1.620760e+04	1.594953e+04
2.523162e+00	1.919290e+04	1.619856e+04	1.593879e+04
2.526856e+00	1.920158e+04	1.618949e+04	1.592802e+04
2.530551e+00	1.921052e+04	1.618041e+04	1.591719e+04
2.534245e+00	1.922210e+04	1.617151e+04	1.590602e+04
2.537939e+00	1.922958e+04	1.616229e+04	1.589531e+04
2.541633e+00	1.923796e+04	1.615310e+04	1.588446e+04
2.545328e+00	1.924668e+04	1.614392e+04	1.587355e+04
2.549022e+00	1.925529e+04	1.613471e+04	1.586262e+04
2.552716e+00	1.926389e+04	1.612547e+04	1.585166e+04
2.556410e+00	1.927377e+04	1.611628e+04	1.584050e+04
2.560105e+00	1.928454e+04	1.610711e+04	1.582921e+04
2.563799e+00	1.929132e+04	1.609771e+04	1.581841e+04
2.567493e+00	1.930013e+04	1.608839e+04	1.580731e+04
2.571187e+00	1.930868e+04	1.607904e+04	1.579622e+04
2.574882e+00	1.931721e+04	1.606966e+04	1.578510e+04
2.578576e+00	1.932580e+04	1.606025e+04	1.577395e+04
2.582270e+00	1.933727e+04	1.605093e+04	1.576236e+04
2.585964e+00	1.934540e+04	1.604148e+04	1.575121e+04
2.589658e+00	1.935312e+04	1.603198e+04	1.574010e+04
2.593353e+00	1.936177e+04	1.602249e+04	1.572882e+04
2.597047e+00	1.937024e+04	1.601297e+04	1.571754e+04
2.600741e+00	1.937869e+04	1.600342e+04	1.570624e+04
2.604435e+00	1.938794e+04	1.599387e+04	1.569479e+04
2.608130e+00	1.939950e+04	1.598435e+04	1.568296e+04
2.611824e+00	1.940600e+04	1.597470e+04	1.567187e+04
2.615518e+00	1.941452e+04	1.596507e+04	1.566045e+04
2.619212e+00	1.942296e+04	1.595541e+04	1.564901e+04
2.622907e+00	1.943135e+04	1.594573e+04	1.563755e+04
2.626601e+00	1.943973e+04	1.593602e+04	1.562607e+04
2.630295e+00	1.945054e+04	1.592630e+04	1.561417e+04
2.633989e+00	1.945995e+04	1.591656e+04	1.560246e+04
2.637684e+00	1.946677e+04	1.590678e+04	1.559114e+04
2.641378e+00	1.947540e+04	1.589698e+04	1.557950e+04
2.645072e+00	1.948372e+04	1.588716e+04	1.556789e+04
2.648766e+00	1.949203e+04	1.587732e+04	1.555624e+04
2.652460e+00	1.950073e+04	1.586744e+04	1.554451e+04
2.656155e+00	1.951269e+04	1.585752e+04	1.553220e+04
2.659849e+00	1.951941e+04	1.584763e+04	1.552075e+04
2.663543e+00	1.952744e+04	1.583770e+04	1.550905e+04
2.667237e+00	1.953581e+04	1.582774e+04	1.549726e+04
2.670932e+00	1.954406e+04	1.581776e+04	1.548546e+04
2.674626e+00	1.955231e+04	1.580776e+04	1.547364e+04
2.678320e+00	1.956226e+04	1.579770e+04	1.546149e+04
2.682014e+00	1.957302e+04	1.578760e+04	1.544918e+04
2.685709e+00	1.957908e+04	1.577758e+04	1.543766e+04
2.689403e+00	1.958761e+04	1.576748e+04	1.542567e+04
2.693097e+00	1.959581e+04	1.575736e+04	1.541372e+04
2.696791e+00	1.960399e+04	1.574722e+04	1.540175e+04
2.700486e+00	1.961227e+04	1.573706e+04	1.538972e+04
2.704180e+00	1.962412e+04	1.572675e+04	1.537703e+04
2.707874e+00	1.963163e+04	1.571657e+04	1.536510e+04
2.711568e+00	1.963895e+04	1.570638e+04	1.535318e+04
2.715262e+00	1.964729e+04	1.569612e+04	1.534104e+04
2.718957e+00	1.965541e+04	1.568585e+04	1.532891e+04
2.722651e+00	1.966352e+04	1.567555e+04	1.531676e+04
2.726345e+00	1.967268e+04	1.566518e+04	1.530438e+04
2.730039e+00	1.968444e+04	1.565469e+04	1.529149e+04
2.733734e+00	1.969020e+04	1.564444e+04	1.527971e+04
2.737428e+00	1.969844e+04	1.563405e+04	1.526742e+04
2.741122e+00	1.970656e+04	1.562364e+04	1.525513e+04
2.744816e+00	1.971462e+04	1.561321e+04	1.524283e+04
2.748511e+00	1.972267e+04	1.560276e+04	1.523050e+04
2.752205e+00	1.973377e+04	1.559212e+04	1.521754e+04
2.755899e+00	1.974276e+04	1.558158e+04	1.520498e+04
2.759593e+00	1.974910e+04	1.557116e+04	1.519291e+04
2.763287e+00	1.975745e+04	1.556061e+04	1.518042e+04
2.766982e+00	1.976544e+04	1.555005e+04	1.516797e+04
2.770676e+00	1.977343e+04	1.553946e+04	1.515549e+04
2.774370e+00	1.978194e+04	1.552883e+04	1.514288e+04
2.778064e+00	1.979419e+04	1.551792e+04	1.512948e+04
2.781759e+00	1.980021e+04	1.550741e+04	1.511734e+04
2.785453e+00	1.980795e+04	1.549676e+04	1.510481e+04
2.789147e+00	1.981602e+04	1.548606e+04	1.509219e+04
2.792841e+00	1.982396e+04	1.547535e+04	1.507956e+04
2.796536e+00	1.983188e+04	1.546462e+04	1.506691e+04
2.800230e+00	1.984193e+04	1.545370e+04	1.505379e+04
2.803924e+00	1.985257e+04	1.544271e+04	1.504051e+04
2.807618e+00	1.985804e+04	1.543211e+04	1.502831e+04
2.811313e+00	1.986632e+04	1.542126e+04	1.501548e+04
2.815007e+00	1.987422e+04	1.541042e+04	1.500271e+04
2.818701e+00	1.988209e+04	1.539956e+04	1.498991e+04
2.822395e+00	1.989011e+04	1.538866e+04	1.497705e+04
2.826089e+00	1.990225e+04	1.537738e+04	1.496327e+04
2.829784e+00	1.990917e+04	1.536654e+04	1.495061e+04
2.833478e+00	1.991617e+04	1.535567e+04	1.493791e+04
2.837172e+00	1.992422e+04	1.534469e+04	1.492495e+04
2.840866e+00	1.993204e+04	1.533370e+04	1.491201e+04
2.844561e+00	1.993986e+04	1.532268e+04	1.489904e+04
2.848255e+00	1.994897e+04	1.531152e+04	1.488576e+04
2.851949e+00	1.996079e+04	1.530009e+04	1.487183e+04
2.855643e+00	1.996592e+04	1.528927e+04	1.485940e+04
2.859338e+00	1.997394e+04	1.527816e+04	1.484628e+04
2.863032e+00	1.998176e+04	1.526703e+04	1.483319e+04
2.866726e+00	1.998952e+04	1.525589e+04	1.482008e+04
2.870420e+00	1.999728e+04	1.524473e+04	1.480694e+04
2.874115e+00	2.000863e+04	1.523317e+04	1.479293e+04
2.877809e+00	2.001714e+04	1.522189e+04	1.477958e+04
2.881503e+00	2.002314e+04	1.521085e+04	1.476678e+04
2.885197e+00	2.003122e+04	1.519957e+04	1.475347e+04
2.888891e+00	2.003893e+04	1.518831e+04	1.474022e+04
2.892586e+00	2.004663e+04	1.517702e+04	1.472694e+04
2.896280e+00	2.005498e+04	1.516564e+04	1.471348e+04
2.899974e+00	2.006740e+04	1.515376e+04	1.469900e+04
2.903668e+00	2.007280e+04	1.514268e+04	1.468622e+04
2.907363e+00	2.008031e+04	1.513133e+04	1.467288e+04
2.911057e+00	2.008810e+04	1.511993e+04	1.465946e+04
2.914751e+00	2.009575e+04	1.510852e+04	1.464604e+04
2.918445e+00	2.010339e+04	1.509708e+04	1.463259e+04
2.922140e+00	2.011353e+04	1.508531e+04	1.461850e+04
2.925834e+00	2.012395e+04	1.507349e+04	1.460431e+04
2.929528e+00	2.012896e+04	1.506233e+04	1.459146e+04
2.933222e+00	2.013701e+04	1.505076e+04	1.457781e+04
2.936917e+00	2.014462e+04	1.503923e+04	1.456425e+04
2.940611e+00	2.015222e+04	1.502767e+04	1.455066e+04
2.944305e+00	2.016003e+04	1.501606e+04	1.453699e+04
2.947999e+00	2.017237e+04	1.500382e+04	1.452213e+04
2.951693e+00	2.017871e+04	1.499237e+04	1.450880e+04
2.955388e+00	2.018547e+04	1.498084e+04	1.449532e+04
2.959082e+00	2.019325e+04	1.496915e+04	1.448156e+04
2.962776e+00	2.020080e+04	1.495747e+04	1.446784e+04
2.966470e+00	2.020834e+04	1.494576e+04	1.445408e+04
2.970165e+00	2.021742e+04	1.493381e+04	1.443990e+04
2.973859e+00	2.022918e+04	1.492146e+04	1.442497e+04
2.977553e+00	2.023379e+04	1.491013e+04	1.441193e+04
2.981247e+00	2.024160e+04	1.489830e+04	1.439801e+04
2.984942e+00	2.024914e+04	1.488649e+04	1.438413e+04
2.988636e+00	2.025664e+04	1.487466e+04	1.437024e+04
2.992330e+00	2.026413e+04	1.486281e+04	1.435632e+04
2.996024e+00	2.027569e+04	1.485032e+04	1.434126e+04
2.999719e+00	2.028368e+04	1.483835e+04	1.432716e+04
3.003413e+00	2.028943e+04	1.482671e+04	1.431364e+04
3.007107e+00	2.029724e+04	1.481472e+04	1.429954e+04
3.010801e+00	2.030468e+04	1.480277e+04	1.428550e+04
3.014495e+00	2.031212e+04	1.479080e+04	1.427145e+04
3.018190e+00	2.032035e+04	1.477867e+04	1.425714e+04
3.021884e+00	2.033281e+04	1.476584e+04	1.424161e+04
3.025578e+00	2.033767e+04	1.475424e+04	1.422822e+04
3.029272e+00	2.034498e+04	1.474221e+04	1.421409e+04
3.032967e+00	2.035250e+04	1.473012e+04	1.419989e+04
3.036661e+00	2.035989e+04	1.471802e+04	1.418569e+04
3.040355e+00	2.036728e+04	1.470591e+04	1.417147e+04
3.044049e+00	2.037750e+04	1.469328e+04	1.415640e+04
3.047744e+00	2.038757e+04	1.468066e+04	1.414134e+04
3.051438e+00	2.039224e+04	1.466895e+04	1.412784e+04
3.055132e+00	2.040006e+04	1.465668e+04	1.411339e+04
3.058826e+00	2.040741e+04	1.464446e+04	1.409906e+04
3.062520e+00	2.041474e+04	1.463222e+04	1.408470e+04
3.066215e+00	2.042236e+04	1.461990e+04	1.407022e+04
3.069909e+00	2.043479e+04	1.460669e+04	1.405428e+04
3.073603e+00	2.044059e+04	1.459468e+04	1.404031e+04
3.077297e+00	2.044716e+04	1.458250e+04	1.402608e+04
3.080992e+00	2.045468e+04	1.457012e+04	1.401153e+04
3.084686e+00	2.046197e+04	1.455776e+04	1.399703e+04
3.088380e+00	2.046926e+04	1.454538e+04	1.398250e+04
3.092074e+00	2.047831e+04	1.453263e+04	1.396741e+04
3.095769e+00	2.048988e+04	1.451938e+04	1.395151e+04
3.099463e+00	2.049406e+04	1.450754e+04	1.393787e+04
3.103157e+00	2.050167e+04	1.449501e+04	1.392314e+04
3.106851e+00	2.050895e+04	1.448251e+04	1.390849e+04
3.110546e+00	2.051618e+04	1.447001e+04	1.389382e+04
3.114240e+00	2.052344e+04	1.445747e+04	1.387912e+04
3.117934e+00	2.053511e+04	1.444402e+04	1.386300e+04
3.121628e+00	2.054257e+04	1.443142e+04	1.384819e+04
3.125322e+00	2.054813e+04	1.441917e+04	1.383396e+04
3.129017e+00	2.055568e+04	1.440649e+04	1.381906e+04
3.132711e+00	2.056287e+04	1.439386e+04	1.380425e+04
3.136405e+00	2.057005e+04	1.438121e+04	1.378942e+04
3.140099e+00	2.057817e+04	1.436834e+04	1.377426e+04
3.143794e+00	2.059054e+04	1.435454e+04	1.375767e+04
3.147488e+00	2.059492e+04	1.434243e+04	1.374369e+04
3.151182e+00	2.060205e+04	1.432970e+04	1.372877e+04
3.154876e+00	2.060930e+04	1.431692e+04	1.371378e+04
3.158571e+00	2.061643e+04	1.430415e+04	1.369881e+04
3.162265e+00	2.062355e+04	1.429135e+04	1.368381e+04
3.165959e+00	2.063383e+04	1.427783e+04	1.366773e+04
3.169653e+00	2.064347e+04	1.426443e+04	1.365184e+04
3.173348e+00	2.064788e+04	1.425218e+04	1.363768e+04
3.177042e+00	2.065546e+04	1.423920e+04	1.362242e+04
3.180736e+00	2.066255e+04	1.422629e+04	1.360731e+04
3.184430e+00	2.066963e+04	1.421337e+04	1.359217e+04
3.188124e+00	2.067706e+04	1.420034e+04	1.357688e+04
3.191819e+00	2.068948e+04	1.418613e+04	1.355983e+04
3.195513e+00	2.069476e+04	1.417357e+04	1.354524e+04
3.199207e+00	2.070116e+04	1.416072e+04	1.353023e+04
3.202901e+00	2.070841e+04	1.414765e+04	1.351490e+04
3.206596e+00	2.071544e+04	1.413460e+04	1.349961e+04
3.210290e+00	2.072246e+04	1.412153e+04	1.348430e+04
3.213984e+00	2.073146e+04	1.410795e+04	1.346825e+04
3.217678e+00	2.074273e+04	1.409380e+04	1.345138e+04
3.221373e+00	2.074656e+04	1.408145e+04	1.343713e+04
3.225067e+00	2.075395e+04	1.406819e+04	1.342158e+04
3.228761e+00	2.076097e+04	1.405501e+04	1.340614e+04
3.232455e+00	2.076794e+04	1.404181e+04	1.339068e+04
3.236150e+00	2.077496e+04	1.402857e+04	1.337518e+04
3.239844e+00	2.078666e+04	1.401412e+04	1.335793e+04
3.243538e+00	2.079355e+04	1.400088e+04	1.334243e+04
3.247232e+00	2.079895e+04	1.398800e+04	1.332745e+04
3.250926e+00	2.080623e+04	1.397460e+04	1.331174e+04
3.254621e+00	2.081315e+04	1.396128e+04	1.329614e+04
3.258315e+00	2.082007e+04	1.394792e+04	1.328050e+04
3.262009e+00	2.082805e+04	1.393426e+04	1.326444e+04
3.265703e+00	2.084021e+04	1.391947e+04	1.324678e+04
3.269398e+00	2.084416e+04	1.390684e+04	1.323219e+04
3.273092e+00	2.085109e+04	1.389339e+04	1.321644e+04
3.276786e+00	2.085807e+04	1.387990e+04	1.320064e+04
3.280480e+00	2.086493e+04	1.386642e+04	1.318486e+04
3.284175e+00	2.087179e+04	1.385291e+04	1.316905e+04
3.287869e+00	2.088206e+04	1.383842e+04	1.315188e+04
3.291563e+00	2.089116e+04	1.382425e+04	1.313515e+04
3.295257e+00	2.089537e+04	1.381141e+04	1.312029e+04
3.298952e+00	2.090268e+04	1.379768e+04	1.310419e+04
3.302646e+00	2.090949e+04	1.378406e+04	1.308825e+04
3.306340e+00	2.091629e+04	1.377042e+04	1.307229e+04
3.310034e+00	2.092352e+04	1.375662e+04	1.305613e+04
3.313728e+00	2.093580e+04	1.374135e+04	1.303792e+04
3.317423e+00	2.094057e+04	1.372823e+04	1.302269e+04
3.321117e+00	2.094679e+04	1.371465e+04	1.300685e+04
3.324811e+00	2.095375e+04	1.370084e+04	1.299067e+04
3.328505e+00	2.096050e+04	1.368706e+04	1.297455e+04
3.332200e+00	2.096723e+04	1.367325e+04	1.295840e+04
3.335894e+00	2.097614e+04	1.365876e+04	1.294133e+04
3.339588e+00	2.098699e+04	1.364367e+04	1.292344e+04
3.343282e+00	2.099051e+04	1.363076e+04	1.290853e+04
3.346977e+00	2.099764e+04	1.361673e+04	1.289209e+04
3.350671e+00	2.100436e+04	1.360279e+04	1.287579e+04
3.354365e+00	2.101105e+04	1.358884e+04	1.285948e+04
3.358059e+00	2.101780e+04	1.357484e+04	1.284311e+04
3.361753e+00	2.102940e+04	1.355928e+04	1.282465e+04
3.365448e+00	2.103570e+04	1.354538e+04	1.280842e+04
3.369142e+00	2.104093e+04	1.353178e+04	1.279259e+04
3.372836e+00	2.104790e+04	1.351761e+04	1.277600e+04
3.376530e+00	2.105452e+04	1.350351e+04	1.275952e+04
3.380225e+00	2.106113e+04	1.348938e+04	1.274301e+04
3.383919e+00	2.106894e+04	1.347484e+04	1.272595e+04
3.387613e+00	2.108074e+04	1.345897e+04	1.270712e+04
3.391307e+00	2.108428e+04	1.344577e+04	1.269186e+04
3.395002e+00	2.109097e+04	1.343150e+04	1.267518e+04
3.398696e+00	2.109763e+04	1.341722e+04	1.265849e+04
3.402390e+00	2.110418e+04	1.340294e+04	1.264181e+04
3.406084e+00	2.111071e+04	1.338863e+04	1.262509e+04
3.409779e+00	2.112089e+04	1.337306e+04	1.260671e+04
3.413473e+00	2.112937e+04	1.335805e+04	1.258907e+04
3.417167e+00	2.113337e+04	1.334451e+04	1.257339e+04
3.420861e+00	2.114035e+04	1.332994e+04	1.255634e+04
3.424555e+00	2.114684e+04	1.331549e+04	1.253947e+04
3.428250e+00	2.115332e+04	1.330102e+04	1.252257e+04
3.431944e+00	2.116029e+04	1.328634e+04	1.250540e+04
3.435638e+00	2.117227e+04	1.326987e+04	1.248590e+04
3.439332e+00	2.117651e+04	1.325610e+04	1.246993e+04
3.443027e+00	2.118249e+04	1.324168e+04	1.245312e+04
3.446721e+00	2.118909e+04	1.322700e+04	1.243598e+04
3.450415e+00	2.119550e+04	1.321236e+04	1.241889e+04
3.454109e+00	2.120188e+04	1.319769e+04	1.240176e+04
3.457804e+00	2.121061e+04	1.318213e+04	1.238350e+04
3.461498e+00	2.122088e+04	1.316597e+04	1.236446e+04
3.465192e+00	2.122409e+04	1.315238e+04	1.234874e+04
3.468886e+00	2.123089e+04	1.313742e+04	1.233126e+04
3.472581e+00	2.123725e+04	1.312259e+04	1.231396e+04
3.476275e+00	2.124357e+04	1.310774e+04	1.229663e+04
3.479969e+00	2.124998e+04	1.309281e+04	1.227921e+04
3.483663e+00	2.126133e+04	1.307596e+04	1.225934e+04
3.487357e+00	2.126697e+04	1.306127e+04	1.224223e+04
3.491052e+00	2.127196e+04	1.304678e+04	1.222538e+04
3.494746e+00	2.127852e+04	1.303165e+04	1.220773e+04
3.498440e+00	2.128476e+04	1.301660e+04	1.219018e+04
3.502134e+00	2.129097e+04	1.300152e+04	1.217260e+04
3.505829e+00	2.129850e+04	1.298588e+04	1.215432e+04
3.509523e+00	2.130977e+04	1.296873e+04	1.213412e+04
3.513217e+00	2.131286e+04	1.295478e+04	1.211798e+04
3.516911e+00	2.131921e+04	1.293949e+04	1.210016e+04
3.520606e+00	2.132544e+04	1.292421e+04	1.208234e+04
3.524300e+00	2.133157e+04	1.290892e+04	1.206453e+04
3.527994e+00	2.133769e+04	1.289359e+04	1.204667e+04
3.531688e+00	2.134763e+04	1.287665e+04	1.202679e+04
3.535383e+00	2.135531e+04	1.286060e+04	1.200804e+04
3.539077e+00	2.135905e+04	1.284612e+04	1.199126e+04
3.542771e+00	2.136557e+04	1.283046e+04	1.197300e+04
3.546465e+00	2.137161e+04	1.281494e+04	1.195493e+04
3.550159e+00	2.137763e+04	1.279938e+04	1.193682e+04
3.553854e+00	2.138422e+04	1.278352e+04	1.191834e+04
3.557548e+00	2.139568e+04	1.276555e+04	1.189724e+04
3.561242e+00	2.139931e+04	1.275088e+04	1.188025e+04
3.564936e+00	2.140492e+04	1.273531e+04	1.186214e+04
3.568631e+00	2.141102e+04	1.271947e+04	1.184371e+04
3.572325e+00	2.141693e+04	1.270367e+04	1.182532e+04
3.576019e+00	2.142282e+04	1.268781e+04	1.180688e+04
3.579713e+00	2.143118e+04	1.267081e+04	1.178703e+04
3.583408e+00	2.144067e+04	1.265326e+04	1.176652e+04
3.587102e+00	2.144344e+04	1.263864e+04	1.174960e+04
3.590796e+00	2.144973e+04	1.262239e+04	1.173070e+04
3.594490e+00	2.145555e+04	1.260629e+04	1.171199e+04
3.598185e+00	2.146132e+04	1.259015e+04	1.169324e+04
3.601879e+00	2.146723e+04	1.257389e+04	1.167434e+04
3.605573e+00	2.147807e+04	1.255531e+04	1.165261e+04
3.609267e+00	2.148288e+04	1.253944e+04	1.163421e+04
3.612961e+00	2.148745e+04	1.252362e+04	1.161586e+04
3.616656e+00	2.149340e+04	1.250709e+04	1.159667e+04
3.620350e+00	2.149904e+04	1.249063e+04	1.157757e+04
3.624044e+00	2.150466e+04	1.247412e+04	1.155841e+04
3.627738e+00	2.151856e+04	1.245104e+04	1.153407e+04
3.631433e+00	2.154435e+04	1.241914e+04	1.150243e+04
3.635127e+00	2.151885e+04	1.242765e+04	1.150232e+04
3.638821e+00	2.151811e+04	1.241622e+04	1.148675e+04
3.642515e+00	2.151556e+04	1.240618e+04	1.147221e+04
3.646210e+00	2.151250e+04	1.239642e+04	1.145788e+04
3.649904e+00	2.150937e+04	1.238659e+04	1.144346e+04
3.653598e+00	2.159246e+04	1.225180e+04	1.134588e+04
3.657292e+00	2.161772e+04	1.224069e+04	1.132633e+04
3.660987e+00	2.157037e+04	1.232721e+04	1.137239e+04
3.664681e+00	2.157764e+04	1.232571e+04	1.136075e+04
3.668375e+00	2.157566e+04	1.233952e+04	1.135900e+04
3.672069e+00	2.157355e+04	1.235326e+04	1.135712e+04
3.675763e+00	2.128113e+04	1.489508e+04	1.430329e+04
3.679458e+00	1.903487e+04	3.646381e+04	3.862451e+04
3.683152e+00	2.010593e+04	2.683152e+04	2.761757e+04
3.686846e+00	2.021136e+04	2.565696e+04	2.638630e+04
3.690540e+00	2.015479e+04	2.627634e+04	2.707175e+04
3.694235e+00	2.015713e+04	2.627455e+04	2.706980e+04


