"DELTA_ROBOT"

"Time      "	"TORQUE_M1.Q"	"TORQUE_M2.Q"	"TORQUE_M3.Q"
0.000000e+00	2.825685e+04	1.791910e+04	1.465413e+04
4.020000e-03	2.826214e+04	1.792057e+04	1.465166e+04
8.040000e-03	2.827573e+04	1.791552e+04	1.463974e+04
1.206000e-02	2.829952e+04	1.790472e+04	1.461706e+04
1.608000e-02	3.605752e+04	2.069280e+04	1.387872e+04
2.010000e-02	2.322230e+04	1.595975e+04	1.500534e+04
2.412000e-02	5.057022e+03	8.611956e+03	1.660090e+04
2.814000e-02	-1.835799e+03	7.803150e+03	1.732849e+04
3.216000e-02	1.033881e+04	1.128420e+04	1.619576e+04
3.618000e-02	7.918524e+03	1.050668e+04	1.643013e+04
4.020000e-02	7.966856e+03	1.048939e+04	1.643514e+04
4.422000e-02	8.015038e+03	1.047216e+04	1.644014e+04
4.824000e-02	8.039248e+03	1.042649e+04	1.642433e+04
5.226000e-02	7.899807e+03	1.023855e+04	1.627419e+04
5.628000e-02	8.019120e+03	1.041961e+04	1.635879e+04
6.030000e-02	8.066731e+03	1.046602e+04	1.637352e+04
6.432000e-02	8.101559e+03	1.050197e+04	1.637792e+04
6.834000e-02	8.141149e+03	1.054454e+04	1.638663e+04
7.236000e-02	8.180741e+03	1.058711e+04	1.639538e+04
7.638000e-02	8.199465e+03	1.056989e+04	1.637626e+04
8.040000e-02	8.199127e+03	1.049877e+04	1.633603e+04
8.442000e-02	8.245897e+03	1.056246e+04	1.635919e+04
8.844000e-02	8.271427e+03	1.056541e+04	1.635244e+04
9.246000e-02	8.299439e+03	1.057555e+04	1.634940e+04
9.648000e-02	8.327506e+03	1.058593e+04	1.634650e+04
1.005000e-01	8.355572e+03	1.059635e+04	1.634321e+04
1.045200e-01	8.384465e+03	1.060833e+04	1.632939e+04
1.085400e-01	8.412270e+03	1.061832e+04	1.632901e+04
1.125600e-01	8.440050e+03	1.062833e+04	1.632833e+04
1.165800e-01	8.468007e+03	1.063871e+04	1.632500e+04
1.206000e-01	8.495886e+03	1.064900e+04	1.632226e+04
1.246200e-01	8.523730e+03	1.065927e+04	1.631953e+04
1.286400e-01	8.551740e+03	1.066996e+04	1.631358e+04
1.326600e-01	8.580158e+03	1.068159e+04	1.630081e+04
1.366800e-01	8.607527e+03	1.069092e+04	1.630481e+04
1.407000e-01	8.635287e+03	1.070121e+04	1.630161e+04
1.447200e-01	8.662988e+03	1.071142e+04	1.629888e+04
1.487400e-01	8.690646e+03	1.072161e+04	1.629631e+04
1.527600e-01	8.718271e+03	1.073177e+04	1.629375e+04
1.567800e-01	8.746230e+03	1.074301e+04	1.628250e+04
1.608000e-01	8.773915e+03	1.075344e+04	1.627787e+04
1.648200e-01	8.801286e+03	1.076303e+04	1.627973e+04
1.688400e-01	8.828833e+03	1.077325e+04	1.627640e+04
1.728600e-01	8.856312e+03	1.078335e+04	1.627397e+04
1.768800e-01	8.883756e+03	1.079344e+04	1.627157e+04
1.809000e-01	8.911197e+03	1.080368e+04	1.626770e+04
1.849200e-01	8.938824e+03	1.081505e+04	1.625395e+04
1.889400e-01	8.966097e+03	1.082450e+04	1.625695e+04
1.929600e-01	8.993417e+03	1.083449e+04	1.625512e+04
1.969800e-01	9.020720e+03	1.084455e+04	1.625253e+04
2.010000e-01	9.047984e+03	1.085456e+04	1.625028e+04
2.050200e-01	9.075213e+03	1.086456e+04	1.624804e+04
2.090400e-01	9.102405e+03	1.087513e+04	1.624022e+04
2.130600e-01	9.129594e+03	1.088584e+04	1.623107e+04
2.170800e-01	9.156769e+03	1.089516e+04	1.623518e+04
2.211000e-01	9.183885e+03	1.090522e+04	1.623203e+04
2.251200e-01	9.210973e+03	1.091517e+04	1.622989e+04
2.291400e-01	9.238026e+03	1.092510e+04	1.622781e+04
2.331600e-01	9.265036e+03	1.093505e+04	1.622534e+04
2.371800e-01	9.291777e+03	1.094598e+04	1.621247e+04
2.412000e-01	9.318829e+03	1.095567e+04	1.621283e+04
2.452200e-01	9.345822e+03	1.096536e+04	1.621294e+04
2.492400e-01	9.372717e+03	1.097528e+04	1.621043e+04
2.532600e-01	9.399592e+03	1.098515e+04	1.620849e+04
2.572800e-01	9.426433e+03	1.099500e+04	1.620658e+04
2.613000e-01	9.453093e+03	1.100511e+04	1.620151e+04
2.653200e-01	9.479427e+03	1.101580e+04	1.618971e+04
2.693400e-01	9.506517e+03	1.102507e+04	1.619439e+04
2.733600e-01	9.533220e+03	1.103494e+04	1.619202e+04
2.773800e-01	9.559912e+03	1.104475e+04	1.619010e+04
2.814000e-01	9.586576e+03	1.105454e+04	1.618833e+04
2.854200e-01	9.613206e+03	1.106433e+04	1.618659e+04
2.894400e-01	9.639200e+03	1.107475e+04	1.617639e+04
2.934600e-01	9.665654e+03	1.108468e+04	1.617257e+04
2.974800e-01	9.692521e+03	1.109411e+04	1.617515e+04
3.015000e-01	9.718978e+03	1.110392e+04	1.617264e+04
3.055200e-01	9.745465e+03	1.111365e+04	1.617103e+04
3.095400e-01	9.771917e+03	1.112337e+04	1.616943e+04
3.135600e-01	9.798196e+03	1.113318e+04	1.616643e+04
3.175800e-01	9.823518e+03	1.114364e+04	1.615384e+04
3.216000e-01	9.850419e+03	1.115300e+04	1.615746e+04
3.256200e-01	9.876805e+03	1.116265e+04	1.615643e+04
3.296400e-01	9.903082e+03	1.117235e+04	1.615466e+04
3.336600e-01	9.929355e+03	1.118202e+04	1.615322e+04
3.376800e-01	9.955593e+03	1.119168e+04	1.615179e+04
3.417000e-01	9.981128e+03	1.120165e+04	1.614502e+04
3.457200e-01	1.000650e+04	1.121171e+04	1.613690e+04
3.497400e-01	1.003343e+04	1.122098e+04	1.614158e+04
3.537600e-01	1.005943e+04	1.123066e+04	1.613928e+04
3.577800e-01	1.008552e+04	1.124027e+04	1.613795e+04
3.618000e-01	1.011158e+04	1.124987e+04	1.613668e+04
3.658200e-01	1.013754e+04	1.125949e+04	1.613504e+04
3.698400e-01	1.016196e+04	1.126963e+04	1.612348e+04
3.738600e-01	1.018830e+04	1.127910e+04	1.612450e+04
3.778800e-01	1.021456e+04	1.128856e+04	1.612534e+04
3.819000e-01	1.024038e+04	1.129815e+04	1.612365e+04
3.859200e-01	1.026626e+04	1.130771e+04	1.612252e+04
3.899400e-01	1.029210e+04	1.131725e+04	1.612142e+04
3.939600e-01	1.031735e+04	1.132692e+04	1.611734e+04
3.979800e-01	1.034141e+04	1.133689e+04	1.610685e+04
4.020000e-01	1.036833e+04	1.134613e+04	1.611198e+04
4.060200e-01	1.039396e+04	1.135566e+04	1.611044e+04
4.100400e-01	1.041963e+04	1.136517e+04	1.610933e+04
4.140600e-01	1.044528e+04	1.137466e+04	1.610837e+04
4.180800e-01	1.047090e+04	1.138414e+04	1.610743e+04
4.221000e-01	1.049477e+04	1.139394e+04	1.609858e+04
4.261200e-01	1.051992e+04	1.140349e+04	1.609564e+04
4.301400e-01	1.054634e+04	1.141280e+04	1.609877e+04
4.341600e-01	1.057166e+04	1.142229e+04	1.609712e+04
4.381800e-01	1.059713e+04	1.143173e+04	1.609630e+04
4.422000e-01	1.062256e+04	1.144117e+04	1.609550e+04
4.462200e-01	1.064762e+04	1.145064e+04	1.609341e+04
4.502400e-01	1.067041e+04	1.146040e+04	1.608239e+04
4.542600e-01	1.069698e+04	1.146966e+04	1.608642e+04
4.582800e-01	1.072241e+04	1.147905e+04	1.608616e+04
4.623000e-01	1.074761e+04	1.148846e+04	1.608521e+04
4.663200e-01	1.077285e+04	1.149784e+04	1.608455e+04
4.703400e-01	1.079805e+04	1.150722e+04	1.608392e+04
4.743600e-01	1.082179e+04	1.151673e+04	1.607839e+04
4.783800e-01	1.084516e+04	1.152626e+04	1.607157e+04
4.824000e-01	1.087190e+04	1.153547e+04	1.607656e+04
4.864200e-01	1.089672e+04	1.154485e+04	1.607512e+04
4.904400e-01	1.092176e+04	1.155419e+04	1.607458e+04
4.944600e-01	1.094676e+04	1.156352e+04	1.607409e+04
4.984800e-01	1.097162e+04	1.157285e+04	1.607329e+04
5.025000e-01	1.099346e+04	1.158236e+04	1.606345e+04
5.065200e-01	1.101907e+04	1.159163e+04	1.606501e+04
5.105400e-01	1.104457e+04	1.160090e+04	1.606646e+04
5.145600e-01	1.106926e+04	1.161020e+04	1.606560e+04
5.185800e-01	1.109407e+04	1.161949e+04	1.606525e+04
5.226000e-01	1.111884e+04	1.162876e+04	1.606492e+04
5.266200e-01	1.114257e+04	1.163807e+04	1.606195e+04
5.306400e-01	1.116411e+04	1.164746e+04	1.605316e+04
5.346600e-01	1.119089e+04	1.165663e+04	1.605842e+04
5.386800e-01	1.121536e+04	1.166588e+04	1.605772e+04
5.427000e-01	1.123993e+04	1.167512e+04	1.605739e+04
5.467200e-01	1.126449e+04	1.168435e+04	1.605720e+04
5.507400e-01	1.128902e+04	1.169357e+04	1.605703e+04
5.547600e-01	1.131054e+04	1.170285e+04	1.604986e+04
5.587800e-01	1.133426e+04	1.171207e+04	1.604787e+04
5.628000e-01	1.136023e+04	1.172124e+04	1.605133e+04
5.668200e-01	1.138432e+04	1.173044e+04	1.605052e+04
5.708400e-01	1.140868e+04	1.173962e+04	1.605046e+04
5.748600e-01	1.143300e+04	1.174880e+04	1.605043e+04
5.788800e-01	1.145673e+04	1.175797e+04	1.604927e+04
5.829000e-01	1.147671e+04	1.176715e+04	1.604028e+04
5.869200e-01	1.150295e+04	1.177629e+04	1.604444e+04
5.909400e-01	1.152733e+04	1.178543e+04	1.604489e+04
5.949600e-01	1.155136e+04	1.179456e+04	1.604472e+04
5.989800e-01	1.157547e+04	1.180369e+04	1.604481e+04
6.030000e-01	1.159954e+04	1.181281e+04	1.604493e+04
6.070200e-01	1.162130e+04	1.182190e+04	1.604084e+04
6.110400e-01	1.164245e+04	1.183098e+04	1.603559e+04
6.150600e-01	1.166901e+04	1.184009e+04	1.604055e+04
6.190800e-01	1.169253e+04	1.184917e+04	1.603998e+04
6.231000e-01	1.171642e+04	1.185825e+04	1.604018e+04
6.271200e-01	1.174027e+04	1.186732e+04	1.604042e+04
6.311400e-01	1.176391e+04	1.187637e+04	1.604041e+04
6.351600e-01	1.178290e+04	1.188535e+04	1.603274e+04
6.391800e-01	1.180770e+04	1.189441e+04	1.603469e+04
6.432000e-01	1.183237e+04	1.190346e+04	1.603659e+04
6.472200e-01	1.185579e+04	1.191248e+04	1.603652e+04
6.512400e-01	1.187942e+04	1.192150e+04	1.603689e+04
6.552600e-01	1.190301e+04	1.193051e+04	1.603729e+04
6.592800e-01	1.192506e+04	1.193947e+04	1.603549e+04
6.633000e-01	1.194380e+04	1.194836e+04	1.602883e+04
6.673200e-01	1.197044e+04	1.195741e+04	1.603386e+04
6.713400e-01	1.199363e+04	1.196638e+04	1.603395e+04
6.753600e-01	1.201698e+04	1.197534e+04	1.603434e+04
6.793800e-01	1.204034e+04	1.198430e+04	1.603486e+04
6.834000e-01	1.206366e+04	1.199325e+04	1.603539e+04
6.874200e-01	1.208259e+04	1.200206e+04	1.603024e+04
6.914400e-01	1.210471e+04	1.201096e+04	1.602924e+04
6.954600e-01	1.213017e+04	1.201994e+04	1.603274e+04
6.994800e-01	1.215289e+04	1.202884e+04	1.603276e+04
7.035000e-01	1.217603e+04	1.203774e+04	1.603338e+04
7.075200e-01	1.219911e+04	1.204664e+04	1.603404e+04
7.115400e-01	1.222138e+04	1.205550e+04	1.603380e+04
7.155600e-01	1.223824e+04	1.206416e+04	1.602733e+04
7.195800e-01	1.226409e+04	1.207312e+04	1.603129e+04
7.236000e-01	1.228731e+04	1.208199e+04	1.603233e+04
7.276200e-01	1.231004e+04	1.209083e+04	1.603288e+04
7.316400e-01	1.233290e+04	1.209967e+04	1.603364e+04
7.356600e-01	1.235570e+04	1.210850e+04	1.603443e+04
7.396800e-01	1.237528e+04	1.211720e+04	1.603197e+04
7.437000e-01	1.239395e+04	1.212586e+04	1.602856e+04
7.477200e-01	1.242030e+04	1.213479e+04	1.603309e+04
7.517400e-01	1.244237e+04	1.214356e+04	1.603334e+04
7.557600e-01	1.246497e+04	1.215234e+04	1.603419e+04
7.597800e-01	1.248753e+04	1.216111e+04	1.603508e+04
7.638000e-01	1.250981e+04	1.216987e+04	1.603578e+04
7.678200e-01	1.252566e+04	1.217836e+04	1.603074e+04
7.718400e-01	1.254953e+04	1.218715e+04	1.603288e+04
7.758600e-01	1.257327e+04	1.219593e+04	1.603502e+04
7.798800e-01	1.259528e+04	1.220463e+04	1.603568e+04
7.839000e-01	1.261760e+04	1.221334e+04	1.603667e+04
7.879200e-01	1.263987e+04	1.222204e+04	1.603768e+04
7.919400e-01	1.266005e+04	1.223065e+04	1.603712e+04
7.959600e-01	1.267570e+04	1.223905e+04	1.603300e+04
7.999800e-01	1.270215e+04	1.224790e+04	1.603736e+04
8.040000e-01	1.272391e+04	1.225654e+04	1.603816e+04
8.080200e-01	1.274589e+04	1.226519e+04	1.603918e+04
8.120400e-01	1.276791e+04	1.227383e+04	1.604029e+04
8.160600e-01	1.278988e+04	1.228245e+04	1.604142e+04
8.200800e-01	1.280596e+04	1.229082e+04	1.603861e+04
8.241000e-01	1.282628e+04	1.229935e+04	1.603863e+04
8.281200e-01	1.285117e+04	1.230807e+04	1.604183e+04
8.321400e-01	1.287236e+04	1.231662e+04	1.604259e+04
8.361600e-01	1.289412e+04	1.232519e+04	1.604379e+04
8.401800e-01	1.291582e+04	1.233375e+04	1.604501e+04
8.442000e-01	1.293645e+04	1.234226e+04	1.604566e+04
8.482200e-01	1.294988e+04	1.235044e+04	1.604216e+04
8.522400e-01	1.297527e+04	1.235912e+04	1.604555e+04
8.562600e-01	1.299719e+04	1.236765e+04	1.604703e+04
8.602800e-01	1.301846e+04	1.237615e+04	1.604818e+04
8.643000e-01	1.303991e+04	1.238464e+04	1.604949e+04
8.683200e-01	1.306130e+04	1.239312e+04	1.605081e+04
8.723400e-01	1.307847e+04	1.240141e+04	1.605013e+04
8.763600e-01	1.309440e+04	1.240962e+04	1.604882e+04
8.803800e-01	1.312047e+04	1.241827e+04	1.605246e+04
8.844000e-01	1.314093e+04	1.242666e+04	1.605345e+04
8.884200e-01	1.316208e+04	1.243508e+04	1.605482e+04
8.924400e-01	1.318320e+04	1.244349e+04	1.605622e+04
8.964600e-01	1.320397e+04	1.245187e+04	1.605752e+04
9.004800e-01	1.321637e+04	1.245987e+04	1.605551e+04
9.045000e-01	1.323918e+04	1.246831e+04	1.605760e+04
9.085200e-01	1.326187e+04	1.247674e+04	1.605972e+04
9.125400e-01	1.328232e+04	1.248506e+04	1.606100e+04
9.165600e-01	1.330316e+04	1.249339e+04	1.606247e+04
9.205800e-01	1.332395e+04	1.250171e+04	1.606396e+04
9.246000e-01	1.334208e+04	1.250991e+04	1.606465e+04
9.286200e-01	1.335434e+04	1.251782e+04	1.606344e+04
9.326400e-01	1.338052e+04	1.252633e+04	1.606665e+04
9.366600e-01	1.340069e+04	1.253457e+04	1.606803e+04
9.406800e-01	1.342114e+04	1.254282e+04	1.606953e+04
9.447000e-01	1.344165e+04	1.255106e+04	1.607108e+04
9.487200e-01	1.346210e+04	1.255928e+04	1.607265e+04
9.527400e-01	1.347507e+04	1.256717e+04	1.607244e+04
9.567600e-01	1.349339e+04	1.257527e+04	1.607346e+04
9.607800e-01	1.351761e+04	1.258361e+04	1.607596e+04
9.648000e-01	1.353710e+04	1.259175e+04	1.607737e+04
9.688200e-01	1.355732e+04	1.259990e+04	1.607898e+04
9.728400e-01	1.357748e+04	1.260804e+04	1.608061e+04
9.768600e-01	1.359630e+04	1.261612e+04	1.608204e+04
9.808800e-01	1.360601e+04	1.262378e+04	1.608191e+04
9.849000e-01	1.363082e+04	1.263207e+04	1.608429e+04
9.889200e-01	1.365129e+04	1.264017e+04	1.608602e+04
9.929400e-01	1.367093e+04	1.264822e+04	1.608763e+04
9.969600e-01	1.369080e+04	1.265627e+04	1.608931e+04
1.000980e+00	1.371061e+04	1.266431e+04	1.609100e+04
1.005000e+00	1.372516e+04	1.267211e+04	1.609217e+04
1.009020e+00	1.373810e+04	1.267983e+04	1.609313e+04
1.013040e+00	1.376381e+04	1.268806e+04	1.609540e+04
1.017060e+00	1.378248e+04	1.269599e+04	1.609701e+04
1.021080e+00	1.380202e+04	1.270395e+04	1.609872e+04
1.025100e+00	1.382153e+04	1.271189e+04	1.610045e+04
1.029120e+00	1.384062e+04	1.271981e+04	1.610219e+04
1.033140e+00	1.384932e+04	1.272728e+04	1.610352e+04
1.037160e+00	1.387090e+04	1.273525e+04	1.610528e+04
1.041180e+00	1.389240e+04	1.274322e+04	1.610709e+04
1.045200e+00	1.391110e+04	1.275106e+04	1.610882e+04
1.049220e+00	1.393031e+04	1.275890e+04	1.611058e+04
1.053240e+00	1.394945e+04	1.276674e+04	1.611236e+04
1.057260e+00	1.396534e+04	1.277443e+04	1.611422e+04
1.061280e+00	1.397395e+04	1.278180e+04	1.611620e+04
1.065300e+00	1.399975e+04	1.278983e+04	1.611777e+04
1.069320e+00	1.401816e+04	1.279757e+04	1.611956e+04
1.073340e+00	1.403691e+04	1.280531e+04	1.612135e+04
1.077360e+00	1.405574e+04	1.281303e+04	1.612315e+04
1.081380e+00	1.407452e+04	1.282074e+04	1.612496e+04
1.085400e+00	1.408417e+04	1.282809e+04	1.612749e+04
1.089420e+00	1.410028e+04	1.283565e+04	1.612944e+04
1.093440e+00	1.412369e+04	1.284349e+04	1.613084e+04
1.097460e+00	1.414130e+04	1.285109e+04	1.613272e+04
1.101480e+00	1.415982e+04	1.285871e+04	1.613454e+04
1.105500e+00	1.417828e+04	1.286631e+04	1.613636e+04
1.109520e+00	1.419512e+04	1.287384e+04	1.613840e+04
1.113540e+00	1.420086e+04	1.288093e+04	1.614190e+04
1.117560e+00	1.422495e+04	1.288868e+04	1.614288e+04
1.121580e+00	1.424381e+04	1.289623e+04	1.614461e+04
1.125600e+00	1.426165e+04	1.290372e+04	1.614648e+04
1.129620e+00	1.427978e+04	1.291121e+04	1.614831e+04
1.133640e+00	1.429786e+04	1.291868e+04	1.615014e+04
1.137660e+00	1.430960e+04	1.292591e+04	1.615315e+04
1.141680e+00	1.431933e+04	1.293303e+04	1.615645e+04
1.145700e+00	1.434454e+04	1.294070e+04	1.615689e+04
1.149720e+00	1.436124e+04	1.294805e+04	1.615892e+04
1.153740e+00	1.437901e+04	1.295542e+04	1.616075e+04
1.157760e+00	1.439675e+04	1.296277e+04	1.616258e+04
1.161780e+00	1.441399e+04	1.297009e+04	1.616452e+04
1.165800e+00	1.441878e+04	1.297696e+04	1.616935e+04
1.169820e+00	1.443897e+04	1.298432e+04	1.617050e+04
1.173840e+00	1.445914e+04	1.299168e+04	1.617169e+04
1.177860e+00	1.447593e+04	1.299891e+04	1.617366e+04
1.181880e+00	1.449333e+04	1.300614e+04	1.617548e+04
1.185900e+00	1.451067e+04	1.301335e+04	1.617730e+04
1.189920e+00	1.452416e+04	1.302042e+04	1.618019e+04
1.193940e+00	1.452891e+04	1.302716e+04	1.618546e+04
1.197960e+00	1.455418e+04	1.303456e+04	1.618495e+04
1.201980e+00	1.457067e+04	1.304166e+04	1.618692e+04
1.206000e+00	1.458757e+04	1.304875e+04	1.618876e+04
1.210020e+00	1.460457e+04	1.305583e+04	1.619056e+04
1.214040e+00	1.462150e+04	1.306289e+04	1.619236e+04
1.218060e+00	1.462766e+04	1.306959e+04	1.619763e+04
1.222080e+00	1.464138e+04	1.307649e+04	1.620036e+04
1.226100e+00	1.466385e+04	1.308366e+04	1.620027e+04
1.230120e+00	1.467942e+04	1.309059e+04	1.620240e+04
1.234140e+00	1.469608e+04	1.309754e+04	1.620417e+04
1.238160e+00	1.471267e+04	1.310446e+04	1.620593e+04
1.242180e+00	1.472738e+04	1.311132e+04	1.620837e+04
1.246200e+00	1.472899e+04	1.311774e+04	1.621553e+04
1.250220e+00	1.475220e+04	1.312478e+04	1.621473e+04
1.254240e+00	1.476931e+04	1.313163e+04	1.621619e+04
1.258260e+00	1.478519e+04	1.313842e+04	1.621806e+04
1.262280e+00	1.480144e+04	1.314520e+04	1.621978e+04
1.266300e+00	1.481761e+04	1.315196e+04	1.622150e+04
1.270320e+00	1.482640e+04	1.315849e+04	1.622618e+04
1.274340e+00	1.483276e+04	1.316491e+04	1.623176e+04
1.278360e+00	1.485732e+04	1.317183e+04	1.622995e+04
1.282380e+00	1.487192e+04	1.317846e+04	1.623217e+04
1.286400e+00	1.488776e+04	1.318510e+04	1.623385e+04
1.290420e+00	1.490358e+04	1.319172e+04	1.623551e+04
1.294440e+00	1.491883e+04	1.319830e+04	1.623740e+04
1.298460e+00	1.491956e+04	1.320445e+04	1.624565e+04
1.302480e+00	1.493821e+04	1.321105e+04	1.624590e+04
1.306500e+00	1.495691e+04	1.321764e+04	1.624613e+04
1.310520e+00	1.497164e+04	1.322410e+04	1.624808e+04
1.314540e+00	1.498711e+04	1.323057e+04	1.624968e+04
1.318560e+00	1.500250e+04	1.323701e+04	1.625127e+04
1.322580e+00	1.501344e+04	1.324331e+04	1.625495e+04
1.326600e+00	1.501418e+04	1.324930e+04	1.626341e+04
1.330620e+00	1.503880e+04	1.325589e+04	1.626044e+04
1.334640e+00	1.505324e+04	1.326221e+04	1.626232e+04
1.338660e+00	1.506814e+04	1.326851e+04	1.626393e+04
1.342680e+00	1.508318e+04	1.327479e+04	1.626545e+04
1.346700e+00	1.509815e+04	1.328105e+04	1.626696e+04
1.350720e+00	1.510198e+04	1.328705e+04	1.627485e+04
1.354740e+00	1.511261e+04	1.329310e+04	1.627811e+04
1.358760e+00	1.513257e+04	1.329935e+04	1.627606e+04
1.362780e+00	1.514555e+04	1.330543e+04	1.627814e+04
1.366800e+00	1.515960e+04	1.331151e+04	1.627952e+04
1.370820e+00	1.517359e+04	1.331757e+04	1.628089e+04
1.374840e+00	1.518694e+04	1.332363e+04	1.628350e+04
1.378860e+00	1.519515e+04	1.332989e+04	1.629494e+04
1.382880e+00	1.520907e+04	1.333559e+04	1.629144e+04
1.386900e+00	1.522189e+04	1.334145e+04	1.629213e+04
1.390920e+00	1.523420e+04	1.334729e+04	1.629360e+04
1.394940e+00	1.524656e+04	1.335310e+04	1.629477e+04
1.398960e+00	1.525885e+04	1.335888e+04	1.629594e+04
1.402980e+00	1.527201e+04	1.336500e+04	1.630255e+04
1.407000e+00	1.528616e+04	1.337126e+04	1.631101e+04
1.411020e+00	1.529805e+04	1.337656e+04	1.630574e+04
1.415040e+00	1.531080e+04	1.338232e+04	1.630787e+04
1.419060e+00	1.532338e+04	1.338799e+04	1.630902e+04
1.423080e+00	1.533589e+04	1.339363e+04	1.631011e+04
1.427100e+00	1.534792e+04	1.339923e+04	1.631155e+04
1.431120e+00	1.534852e+04	1.340478e+04	1.632319e+04
1.435140e+00	1.536533e+04	1.341045e+04	1.632226e+04
1.439160e+00	1.538139e+04	1.341605e+04	1.632115e+04
1.443180e+00	1.539412e+04	1.342161e+04	1.632280e+04
1.447200e+00	1.540749e+04	1.342715e+04	1.632386e+04
1.451220e+00	1.542078e+04	1.343266e+04	1.632492e+04
1.455240e+00	1.542919e+04	1.343805e+04	1.632906e+04
1.459260e+00	1.542631e+04	1.344317e+04	1.634038e+04
1.463280e+00	1.544976e+04	1.344876e+04	1.633467e+04
1.467300e+00	1.546202e+04	1.345412e+04	1.633613e+04
1.471320e+00	1.547479e+04	1.345947e+04	1.633721e+04
1.475340e+00	1.548771e+04	1.346479e+04	1.633813e+04
1.479360e+00	1.550056e+04	1.347008e+04	1.633903e+04
1.483380e+00	1.549979e+04	1.347509e+04	1.634896e+04
1.487400e+00	1.550840e+04	1.348022e+04	1.635252e+04
1.491420e+00	1.552837e+04	1.348553e+04	1.634844e+04
1.495440e+00	1.553952e+04	1.349067e+04	1.635022e+04
1.499460e+00	1.555206e+04	1.349580e+04	1.635099e+04
1.503480e+00	1.556453e+04	1.350089e+04	1.635175e+04
1.507500e+00	1.557467e+04	1.350593e+04	1.635405e+04
1.511520e+00	1.556828e+04	1.351064e+04	1.636769e+04
1.515540e+00	1.558903e+04	1.351575e+04	1.636246e+04
1.519560e+00	1.560221e+04	1.352073e+04	1.636243e+04
1.523580e+00	1.561384e+04	1.352565e+04	1.636341e+04
1.527600e+00	1.562592e+04	1.353054e+04	1.636401e+04
1.531620e+00	1.563794e+04	1.353541e+04	1.636459e+04
1.535640e+00	1.564084e+04	1.354011e+04	1.637160e+04
1.539660e+00	1.564052e+04	1.354470e+04	1.638082e+04
1.543680e+00	1.566302e+04	1.354961e+04	1.637364e+04
1.547700e+00	1.567311e+04	1.355432e+04	1.637530e+04
1.551720e+00	1.568475e+04	1.355901e+04	1.637576e+04
1.555740e+00	1.569638e+04	1.356367e+04	1.637617e+04
1.559760e+00	1.570735e+04	1.356830e+04	1.637700e+04
1.563780e+00	1.570045e+04	1.357262e+04	1.639089e+04
1.567800e+00	1.571545e+04	1.357721e+04	1.638854e+04
1.571820e+00	1.573070e+04	1.358178e+04	1.638595e+04
1.575840e+00	1.574102e+04	1.358625e+04	1.638693e+04
1.579860e+00	1.575227e+04	1.359071e+04	1.638715e+04
1.583880e+00	1.576344e+04	1.359513e+04	1.638735e+04
1.587900e+00	1.576927e+04	1.359945e+04	1.639152e+04
1.591920e+00	1.576258e+04	1.360354e+04	1.640508e+04
1.595940e+00	1.578493e+04	1.360799e+04	1.639651e+04
1.599960e+00	1.579499e+04	1.361225e+04	1.639723e+04
1.603980e+00	1.580559e+04	1.361649e+04	1.639745e+04
1.608000e+00	1.581638e+04	1.362070e+04	1.639745e+04
1.612020e+00	1.582709e+04	1.362487e+04	1.639743e+04
1.616040e+00	1.582298e+04	1.362883e+04	1.640886e+04
1.620060e+00	1.582898e+04	1.363284e+04	1.641230e+04
1.624080e+00	1.584752e+04	1.363699e+04	1.640591e+04
1.628100e+00	1.585638e+04	1.364100e+04	1.640699e+04
1.632120e+00	1.586677e+04	1.364498e+04	1.640679e+04
1.636140e+00	1.587710e+04	1.364894e+04	1.640656e+04
1.640160e+00	1.588493e+04	1.365283e+04	1.640824e+04
1.644180e+00	1.587481e+04	1.365647e+04	1.642414e+04
1.648200e+00	1.589408e+04	1.366039e+04	1.641647e+04
1.652220e+00	1.590521e+04	1.366420e+04	1.641523e+04
1.656240e+00	1.591464e+04	1.366796e+04	1.641528e+04
1.660260e+00	1.592457e+04	1.367169e+04	1.641483e+04
1.664280e+00	1.593444e+04	1.367538e+04	1.641435e+04
1.668300e+00	1.593454e+04	1.367894e+04	1.642176e+04
1.672320e+00	1.593106e+04	1.368240e+04	1.643198e+04
1.676340e+00	1.595224e+04	1.368608e+04	1.642196e+04
1.680360e+00	1.596005e+04	1.368961e+04	1.642279e+04
1.684380e+00	1.596954e+04	1.369311e+04	1.642217e+04
1.688400e+00	1.597902e+04	1.369658e+04	1.642146e+04
1.692420e+00	1.598780e+04	1.370000e+04	1.642125e+04
1.696440e+00	1.597749e+04	1.370320e+04	1.643686e+04
1.700460e+00	1.599051e+04	1.370656e+04	1.643288e+04
1.704480e+00	1.600391e+04	1.370990e+04	1.642852e+04
1.708500e+00	1.601201e+04	1.371316e+04	1.642849e+04
1.712520e+00	1.602111e+04	1.371640e+04	1.642755e+04
1.716540e+00	1.603013e+04	1.371960e+04	1.642657e+04
1.720560e+00	1.603351e+04	1.372271e+04	1.643030e+04
1.724580e+00	1.602351e+04	1.372565e+04	1.644531e+04
1.728600e+00	1.604442e+04	1.372881e+04	1.643388e+04
1.732620e+00	1.605228e+04	1.373184e+04	1.643350e+04
1.736640e+00	1.606072e+04	1.373483e+04	1.643253e+04
1.740660e+00	1.606937e+04	1.373779e+04	1.643129e+04
1.744680e+00	1.607794e+04	1.374072e+04	1.643003e+04
1.748700e+00	1.607091e+04	1.374348e+04	1.644219e+04
1.752720e+00	1.607440e+04	1.374626e+04	1.644511e+04
1.756740e+00	1.609128e+04	1.374912e+04	1.643630e+04
1.760760e+00	1.609791e+04	1.375186e+04	1.643633e+04
1.764780e+00	1.610617e+04	1.375459e+04	1.643483e+04
1.768800e+00	1.611436e+04	1.375727e+04	1.643330e+04
1.772820e+00	1.611996e+04	1.375990e+04	1.643396e+04
1.776840e+00	1.610668e+04	1.376235e+04	1.645118e+04
1.780860e+00	1.612422e+04	1.376495e+04	1.644105e+04
1.784880e+00	1.613330e+04	1.376747e+04	1.643832e+04
1.788900e+00	1.614056e+04	1.376995e+04	1.643710e+04
1.792920e+00	1.614837e+04	1.377239e+04	1.643530e+04
1.796940e+00	1.615612e+04	1.377479e+04	1.643345e+04
1.800960e+00	1.615372e+04	1.377709e+04	1.644061e+04
1.804980e+00	1.614747e+04	1.377930e+04	1.645111e+04
1.809000e+00	1.616703e+04	1.378164e+04	1.643830e+04
1.813020e+00	1.617265e+04	1.378386e+04	1.643796e+04
1.817040e+00	1.618002e+04	1.378606e+04	1.643593e+04
1.821060e+00	1.618738e+04	1.378821e+04	1.643380e+04
1.825080e+00	1.619405e+04	1.379033e+04	1.643222e+04
1.829100e+00	1.618093e+04	1.379229e+04	1.644858e+04
1.833120e+00	1.619191e+04	1.379431e+04	1.644281e+04
1.837140e+00	1.620338e+04	1.379632e+04	1.643650e+04
1.841160e+00	1.620933e+04	1.379826e+04	1.643514e+04
1.845180e+00	1.621633e+04	1.380017e+04	1.643272e+04
1.849200e+00	1.622326e+04	1.380203e+04	1.643025e+04
1.853220e+00	1.622442e+04	1.380384e+04	1.643304e+04
1.857240e+00	1.621172e+04	1.380551e+04	1.644855e+04
1.861260e+00	1.623088e+04	1.380729e+04	1.643439e+04
1.865280e+00	1.623664e+04	1.380898e+04	1.643258e+04
1.869300e+00	1.624298e+04	1.381064e+04	1.643011e+04
1.873320e+00	1.624955e+04	1.381226e+04	1.642735e+04
1.877340e+00	1.625605e+04	1.381384e+04	1.642453e+04
1.881360e+00	1.624664e+04	1.381531e+04	1.643658e+04
1.885380e+00	1.624785e+04	1.381675e+04	1.643851e+04
1.889400e+00	1.626289e+04	1.381822e+04	1.642730e+04
1.893420e+00	1.626741e+04	1.381962e+04	1.642592e+04
1.897440e+00	1.627360e+04	1.382099e+04	1.642284e+04
1.901460e+00	1.627974e+04	1.382231e+04	1.641972e+04
1.905480e+00	1.628327e+04	1.382359e+04	1.641897e+04
1.909500e+00	1.626760e+04	1.382475e+04	1.643645e+04
1.913520e+00	1.628319e+04	1.382595e+04	1.642392e+04
1.917540e+00	1.629026e+04	1.382710e+04	1.641946e+04
1.921560e+00	1.629547e+04	1.382821e+04	1.641666e+04
1.925580e+00	1.630124e+04	1.382928e+04	1.641322e+04
1.929600e+00	1.630696e+04	1.383031e+04	1.640972e+04
1.933620e+00	1.630249e+04	1.383127e+04	1.641598e+04
1.937640e+00	1.629403e+04	1.383215e+04	1.642598e+04
1.941660e+00	1.631168e+04	1.383307e+04	1.641055e+04
1.945680e+00	1.631527e+04	1.383392e+04	1.640867e+04
1.949700e+00	1.632062e+04	1.383474e+04	1.640497e+04
1.953720e+00	1.632598e+04	1.383551e+04	1.640115e+04
1.957740e+00	1.633066e+04	1.383625e+04	1.639790e+04
1.961760e+00	1.631554e+04	1.383689e+04	1.641396e+04
1.965780e+00	1.632444e+04	1.383751e+04	1.640628e+04
1.969800e+00	1.633396e+04	1.383811e+04	1.639791e+04
1.973820e+00	1.633792e+04	1.383867e+04	1.639491e+04
1.977840e+00	1.634293e+04	1.383919e+04	1.639075e+04
1.981860e+00	1.634789e+04	1.383966e+04	1.638653e+04
1.985880e+00	1.634714e+04	1.384009e+04	1.638789e+04
1.989900e+00	1.633255e+04	1.384044e+04	1.640290e+04
1.993920e+00	1.634965e+04	1.384078e+04	1.638621e+04
1.997940e+00	1.635347e+04	1.384108e+04	1.638268e+04
2.001960e+00	1.635787e+04	1.384134e+04	1.637846e+04
2.005980e+00	1.636248e+04	1.384156e+04	1.637390e+04
2.010000e+00	1.636704e+04	1.384175e+04	1.636929e+04
2.014020e+00	1.635597e+04	1.384187e+04	1.638034e+04
2.018040e+00	1.635521e+04	1.384193e+04	1.638084e+04
2.022060e+00	1.636824e+04	1.384197e+04	1.636730e+04
2.026080e+00	1.637085e+04	1.384197e+04	1.636420e+04
2.030100e+00	1.637513e+04	1.384193e+04	1.635930e+04
2.034120e+00	1.637935e+04	1.384185e+04	1.635433e+04
2.038140e+00	1.638105e+04	1.384174e+04	1.635184e+04
2.042160e+00	1.636392e+04	1.384157e+04	1.636848e+04
2.046180e+00	1.637737e+04	1.384133e+04	1.635370e+04
2.050200e+00	1.638255e+04	1.384108e+04	1.634730e+04
2.054220e+00	1.638588e+04	1.384078e+04	1.634268e+04
2.058240e+00	1.638978e+04	1.384045e+04	1.633736e+04
2.062260e+00	1.639363e+04	1.384008e+04	1.633198e+04
2.066280e+00	1.638763e+04	1.383967e+04	1.633669e+04
2.070300e+00	1.637764e+04	1.383919e+04	1.634541e+04
2.074320e+00	1.639309e+04	1.383865e+04	1.632761e+04
2.078340e+00	1.639489e+04	1.383810e+04	1.632390e+04
2.082360e+00	1.639840e+04	1.383751e+04	1.631829e+04
2.086380e+00	1.640193e+04	1.383688e+04	1.631255e+04
2.090400e+00	1.640480e+04	1.383621e+04	1.630737e+04
2.094420e+00	1.638863e+04	1.383552e+04	1.632211e+04
2.098440e+00	1.639551e+04	1.383472e+04	1.631246e+04
2.102460e+00	1.640308e+04	1.383391e+04	1.630199e+04
2.106480e+00	1.640527e+04	1.383306e+04	1.629708e+04
2.110500e+00	1.640849e+04	1.383218e+04	1.629098e+04
2.114520e+00	1.641165e+04	1.383125e+04	1.628481e+04
2.118540e+00	1.640941e+04	1.383030e+04	1.628429e+04
2.122560e+00	1.639387e+04	1.382931e+04	1.629781e+04
2.126580e+00	1.640862e+04	1.382820e+04	1.627890e+04
2.130600e+00	1.641073e+04	1.382710e+04	1.627339e+04
2.134620e+00	1.641337e+04	1.382596e+04	1.626719e+04
2.138640e+00	1.641624e+04	1.382478e+04	1.626065e+04
2.142660e+00	1.641906e+04	1.382356e+04	1.625403e+04
2.146680e+00	1.640711e+04	1.382233e+04	1.626327e+04
2.150700e+00	1.640480e+04	1.382102e+04	1.626195e+04
2.154720e+00	1.641569e+04	1.381963e+04	1.624624e+04
2.158740e+00	1.641666e+04	1.381824e+04	1.624117e+04
2.162760e+00	1.641923e+04	1.381680e+04	1.623424e+04
2.166780e+00	1.642176e+04	1.381533e+04	1.622726e+04
2.170800e+00	1.642194e+04	1.381383e+04	1.622273e+04
2.174820e+00	1.640442e+04	1.381234e+04	1.623751e+04
2.178840e+00	1.641556e+04	1.381068e+04	1.622067e+04
2.182860e+00	1.641900e+04	1.380902e+04	1.621220e+04
2.186880e+00	1.642070e+04	1.380734e+04	1.620554e+04
2.190900e+00	1.642294e+04	1.380562e+04	1.619816e+04
2.194920e+00	1.642514e+04	1.380386e+04	1.619073e+04
2.198940e+00	1.641823e+04	1.380210e+04	1.619334e+04
2.202960e+00	1.640749e+04	1.380029e+04	1.620007e+04
2.206980e+00	1.642050e+04	1.379833e+04	1.618020e+04
2.211000e+00	1.642080e+04	1.379640e+04	1.617441e+04
2.215020e+00	1.642270e+04	1.379443e+04	1.616673e+04
2.219040e+00	1.642462e+04	1.379242e+04	1.615891e+04
2.223060e+00	1.642596e+04	1.379037e+04	1.615163e+04
2.227080e+00	1.640977e+04	1.378838e+04	1.616411e+04
2.231100e+00	1.641471e+04	1.378620e+04	1.615248e+04
2.235120e+00	1.642040e+04	1.378399e+04	1.613992e+04
2.239140e+00	1.642109e+04	1.378178e+04	1.613291e+04
2.243160e+00	1.642275e+04	1.377953e+04	1.612470e+04
2.247180e+00	1.642437e+04	1.377724e+04	1.611642e+04
2.251200e+00	1.642108e+04	1.377494e+04	1.611368e+04
2.255220e+00	1.640561e+04	1.377265e+04	1.612485e+04
2.259240e+00	1.641778e+04	1.377014e+04	1.610402e+04
2.263260e+00	1.641845e+04	1.376769e+04	1.609637e+04
2.267280e+00	1.641960e+04	1.376519e+04	1.608806e+04
2.271300e+00	1.642097e+04	1.376265e+04	1.607938e+04
2.275320e+00	1.642230e+04	1.376008e+04	1.607064e+04
2.279340e+00	1.641035e+04	1.375756e+04	1.607736e+04
2.283360e+00	1.640696e+04	1.375492e+04	1.607390e+04
2.287380e+00	1.641559e+04	1.375215e+04	1.605621e+04
2.291400e+00	1.641526e+04	1.374943e+04	1.604896e+04
2.295420e+00	1.641638e+04	1.374665e+04	1.603990e+04
2.299440e+00	1.641746e+04	1.374384e+04	1.603076e+04
2.303460e+00	1.641648e+04	1.374101e+04	1.602399e+04
2.307480e+00	1.639965e+04	1.373827e+04	1.603604e+04
2.311500e+00	1.640839e+04	1.373524e+04	1.601736e+04
2.315520e+00	1.641032e+04	1.373226e+04	1.600675e+04
2.319540e+00	1.641068e+04	1.372925e+04	1.599792e+04
2.323560e+00	1.641153e+04	1.372620e+04	1.598839e+04
2.327580e+00	1.641234e+04	1.372312e+04	1.597879e+04
2.331600e+00	1.640515e+04	1.372008e+04	1.597885e+04
2.335620e+00	1.639449e+04	1.371701e+04	1.598300e+04
2.339640e+00	1.640485e+04	1.371369e+04	1.596137e+04
2.343660e+00	1.640401e+04	1.371046e+04	1.595335e+04
2.347680e+00	1.640457e+04	1.370718e+04	1.594350e+04
2.351700e+00	1.640516e+04	1.370387e+04	1.593350e+04
2.355720e+00	1.640526e+04	1.370053e+04	1.592402e+04
2.359740e+00	1.639007e+04	1.369731e+04	1.593348e+04
2.363760e+00	1.639324e+04	1.369382e+04	1.591989e+04
2.367780e+00	1.639714e+04	1.369031e+04	1.590530e+04
2.371800e+00	1.639667e+04	1.368681e+04	1.589607e+04
2.375820e+00	1.639705e+04	1.368327e+04	1.588568e+04
2.379840e+00	1.639740e+04	1.367970e+04	1.587521e+04
2.383860e+00	1.639356e+04	1.367614e+04	1.587000e+04
2.387880e+00	1.637915e+04	1.367266e+04	1.587812e+04
2.391900e+00	1.638857e+04	1.366883e+04	1.585570e+04
2.395920e+00	1.638812e+04	1.366511e+04	1.584581e+04
2.399940e+00	1.638808e+04	1.366135e+04	1.583529e+04
2.403960e+00	1.638823e+04	1.365755e+04	1.582443e+04
2.407980e+00	1.638836e+04	1.365372e+04	1.581350e+04
2.412000e+00	1.637723e+04	1.365000e+04	1.581717e+04
2.416020e+00	1.637326e+04	1.364613e+04	1.581132e+04
2.420040e+00	1.637963e+04	1.364208e+04	1.579186e+04
2.424060e+00	1.637834e+04	1.363811e+04	1.578234e+04
2.428080e+00	1.637830e+04	1.363410e+04	1.577108e+04
2.432100e+00	1.637823e+04	1.363005e+04	1.575975e+04
2.436120e+00	1.637645e+04	1.362599e+04	1.575062e+04
2.440140e+00	1.636136e+04	1.362210e+04	1.575923e+04
2.444160e+00	1.636767e+04	1.361781e+04	1.573895e+04
2.448180e+00	1.636834e+04	1.361360e+04	1.572620e+04
2.452200e+00	1.636767e+04	1.360938e+04	1.571514e+04
2.456220e+00	1.636743e+04	1.360512e+04	1.570341e+04
2.460240e+00	1.636716e+04	1.360082e+04	1.569161e+04
2.464260e+00	1.636030e+04	1.359661e+04	1.568881e+04
2.468280e+00	1.635049e+04	1.359239e+04	1.568994e+04
2.472300e+00	1.635812e+04	1.358783e+04	1.566687e+04
2.476320e+00	1.635649e+04	1.358341e+04	1.565653e+04
2.480340e+00	1.635602e+04	1.357894e+04	1.564448e+04
2.484360e+00	1.635558e+04	1.357444e+04	1.563229e+04
2.488380e+00	1.635475e+04	1.356991e+04	1.562055e+04
2.492400e+00	1.634149e+04	1.356558e+04	1.562643e+04
2.496420e+00	1.634310e+04	1.356091e+04	1.561095e+04
2.500440e+00	1.634538e+04	1.355621e+04	1.559445e+04
2.504460e+00	1.634409e+04	1.355155e+04	1.558296e+04
2.508480e+00	1.634350e+04	1.354685e+04	1.557037e+04
2.512500e+00	1.634289e+04	1.354211e+04	1.555771e+04
2.516520e+00	1.633894e+04	1.353742e+04	1.554987e+04
2.520540e+00	1.632649e+04	1.353286e+04	1.555442e+04
2.524560e+00	1.633312e+04	1.352784e+04	1.553072e+04
2.528580e+00	1.633188e+04	1.352298e+04	1.551857e+04
2.532600e+00	1.633096e+04	1.351807e+04	1.550585e+04
2.536620e+00	1.633021e+04	1.351314e+04	1.549280e+04
2.540640e+00	1.632944e+04	1.350818e+04	1.547968e+04
2.544660e+00	1.631985e+04	1.350339e+04	1.547991e+04
2.548680e+00	1.631579e+04	1.349842e+04	1.547154e+04
2.552700e+00	1.631995e+04	1.349323e+04	1.545057e+04
2.556720e+00	1.631807e+04	1.348816e+04	1.543873e+04
2.560740e+00	1.631718e+04	1.348303e+04	1.542530e+04
2.564760e+00	1.631627e+04	1.347788e+04	1.541180e+04
2.568780e+00	1.631406e+04	1.347274e+04	1.540027e+04
2.572800e+00	1.630156e+04	1.346782e+04	1.540490e+04
2.576820e+00	1.630554e+04	1.346241e+04	1.538330e+04
2.580840e+00	1.630522e+04	1.345711e+04	1.536847e+04
2.584860e+00	1.630386e+04	1.345180e+04	1.535521e+04
2.588880e+00	1.630283e+04	1.344646e+04	1.534133e+04
2.592900e+00	1.630179e+04	1.344109e+04	1.532737e+04
2.596920e+00	1.629567e+04	1.343574e+04	1.531977e+04
2.600940e+00	1.628731e+04	1.343045e+04	1.531653e+04
2.604960e+00	1.629252e+04	1.342503e+04	1.529630e+04
2.608980e+00	1.629052e+04	1.341961e+04	1.528444e+04
2.613000e+00	1.628943e+04	1.341416e+04	1.527147e+04
2.617020e+00	1.628837e+04	1.340869e+04	1.525840e+04
2.621040e+00	1.628699e+04	1.340316e+04	1.524520e+04
2.625060e+00	1.627518e+04	1.339692e+04	1.523081e+04
2.629080e+00	1.627589e+04	1.339152e+04	1.521881e+04
2.633100e+00	1.627720e+04	1.338612e+04	1.520641e+04
2.637120e+00	1.627548e+04	1.338049e+04	1.519352e+04
2.641140e+00	1.627437e+04	1.337487e+04	1.518066e+04
2.645160e+00	1.627324e+04	1.336922e+04	1.516774e+04
2.649180e+00	1.626949e+04	1.336345e+04	1.515582e+04
2.653200e+00	1.625888e+04	1.335733e+04	1.514538e+04
2.657220e+00	1.626335e+04	1.335169e+04	1.512792e+04
2.661240e+00	1.626166e+04	1.334585e+04	1.511377e+04
2.665260e+00	1.626022e+04	1.333998e+04	1.509932e+04
2.669280e+00	1.625892e+04	1.333410e+04	1.508474e+04
2.673300e+00	1.625760e+04	1.332819e+04	1.507009e+04
2.677320e+00	1.625005e+04	1.332243e+04	1.506582e+04
2.681340e+00	1.624628e+04	1.331645e+04	1.505400e+04
2.685360e+00	1.624842e+04	1.331030e+04	1.503236e+04
2.689380e+00	1.624628e+04	1.330426e+04	1.501810e+04
2.693400e+00	1.624485e+04	1.329818e+04	1.500252e+04
2.697420e+00	1.624341e+04	1.329207e+04	1.498687e+04
2.701440e+00	1.624111e+04	1.328598e+04	1.497300e+04
2.705460e+00	1.623187e+04	1.328021e+04	1.497382e+04
2.709480e+00	1.623369e+04	1.327383e+04	1.495084e+04
2.713500e+00	1.623266e+04	1.326759e+04	1.493396e+04
2.717520e+00	1.623092e+04	1.326137e+04	1.491851e+04
2.721540e+00	1.622942e+04	1.325510e+04	1.490250e+04
2.725560e+00	1.622791e+04	1.324882e+04	1.488641e+04
2.729580e+00	1.622322e+04	1.324269e+04	1.487759e+04
2.733600e+00	1.621698e+04	1.323660e+04	1.487214e+04
2.737620e+00	1.621932e+04	1.322999e+04	1.484685e+04
2.741640e+00	1.621716e+04	1.322363e+04	1.483193e+04
2.745660e+00	1.621557e+04	1.321721e+04	1.481562e+04
2.749680e+00	1.621400e+04	1.321077e+04	1.479917e+04
2.753700e+00	1.621228e+04	1.320432e+04	1.478308e+04
2.757720e+00	1.620487e+04	1.319822e+04	1.478113e+04
2.761740e+00	1.620417e+04	1.319163e+04	1.476214e+04
2.765760e+00	1.620387e+04	1.318500e+04	1.474215e+04
2.769780e+00	1.620193e+04	1.317846e+04	1.472625e+04
2.773800e+00	1.620032e+04	1.317187e+04	1.470945e+04
2.777820e+00	1.619871e+04	1.316527e+04	1.469258e+04
2.781840e+00	1.619572e+04	1.315875e+04	1.467949e+04
2.785860e+00	1.618908e+04	1.315247e+04	1.467637e+04
2.789880e+00	1.619048e+04	1.314553e+04	1.465072e+04
2.793900e+00	1.618862e+04	1.313884e+04	1.463421e+04
2.797920e+00	1.618690e+04	1.313212e+04	1.461726e+04
2.801940e+00	1.618525e+04	1.312537e+04	1.460004e+04
2.805960e+00	1.618361e+04	1.311860e+04	1.458276e+04
2.809980e+00	1.617861e+04	1.311212e+04	1.457591e+04
2.814000e+00	1.617563e+04	1.310540e+04	1.456249e+04
2.818020e+00	1.617588e+04	1.309838e+04	1.453894e+04
2.822040e+00	1.617381e+04	1.309156e+04	1.452265e+04
2.826060e+00	1.617214e+04	1.308468e+04	1.450508e+04
2.830080e+00	1.617047e+04	1.307778e+04	1.448745e+04
2.834100e+00	1.616837e+04	1.307091e+04	1.447132e+04
2.838120e+00	1.616273e+04	1.306439e+04	1.446786e+04
2.842140e+00	1.616268e+04	1.305722e+04	1.444393e+04
2.846160e+00	1.616122e+04	1.305020e+04	1.442520e+04
2.850180e+00	1.615941e+04	1.304320e+04	1.440772e+04
2.854200e+00	1.615772e+04	1.303617e+04	1.438974e+04
2.858220e+00	1.615604e+04	1.302912e+04	1.437170e+04
2.862240e+00	1.615291e+04	1.302225e+04	1.435985e+04
2.866260e+00	1.614904e+04	1.301544e+04	1.435096e+04
2.870280e+00	1.614910e+04	1.300807e+04	1.432500e+04
2.874300e+00	1.614712e+04	1.300098e+04	1.430793e+04
2.878320e+00	1.614542e+04	1.299382e+04	1.428967e+04
2.882340e+00	1.614373e+04	1.298665e+04	1.427128e+04
2.886360e+00	1.614199e+04	1.297948e+04	1.425319e+04
2.890380e+00	1.613801e+04	1.297268e+04	1.424716e+04
2.894400e+00	1.613662e+04	1.296536e+04	1.422663e+04
2.898420e+00	1.613543e+04	1.295801e+04	1.420520e+04
2.902440e+00	1.613360e+04	1.295077e+04	1.418725e+04
2.906460e+00	1.613191e+04	1.294348e+04	1.416854e+04
2.910480e+00	1.613024e+04	1.293617e+04	1.414976e+04
2.914500e+00	1.612814e+04	1.292896e+04	1.413418e+04
2.918520e+00	1.612485e+04	1.292201e+04	1.412708e+04
2.922540e+00	1.612409e+04	1.291438e+04	1.410085e+04
2.926560e+00	1.612234e+04	1.290701e+04	1.408236e+04
2.930580e+00	1.612064e+04	1.289961e+04	1.406349e+04
2.934600e+00	1.611897e+04	1.289219e+04	1.404439e+04
2.938620e+00	1.611732e+04	1.288475e+04	1.402522e+04
2.942640e+00	1.611495e+04	1.287761e+04	1.401484e+04
2.946660e+00	1.611296e+04	1.287025e+04	1.399899e+04
2.950680e+00	1.611169e+04	1.286257e+04	1.397451e+04
2.954700e+00	1.610995e+04	1.285509e+04	1.395617e+04
2.958720e+00	1.610830e+04	1.284757e+04	1.393674e+04
2.962740e+00	1.610666e+04	1.284002e+04	1.391726e+04
2.966760e+00	1.610501e+04	1.283251e+04	1.389902e+04
2.970780e+00	1.610307e+04	1.282538e+04	1.389143e+04
2.974800e+00	1.610150e+04	1.281757e+04	1.386668e+04
2.978820e+00	1.609988e+04	1.280993e+04	1.384625e+04
2.982840e+00	1.609825e+04	1.280231e+04	1.382687e+04
2.986860e+00	1.609664e+04	1.279466e+04	1.380707e+04
2.990880e+00	1.609505e+04	1.278700e+04	1.378721e+04
2.994900e+00	1.609364e+04	1.277952e+04	1.377249e+04
2.998920e+00	1.609227e+04	1.277211e+04	1.376029e+04
3.002940e+00	1.609042e+04	1.276415e+04	1.373381e+04
3.006960e+00	1.608886e+04	1.275645e+04	1.371474e+04
3.010980e+00	1.608729e+04	1.274871e+04	1.369467e+04
3.015000e+00	1.608573e+04	1.274095e+04	1.367450e+04
3.019020e+00	1.608421e+04	1.273319e+04	1.365455e+04
3.023040e+00	1.608366e+04	1.272581e+04	1.364460e+04
3.027060e+00	1.608190e+04	1.271792e+04	1.362268e+04
3.031080e+00	1.608012e+04	1.271000e+04	1.359994e+04
3.035100e+00	1.607865e+04	1.270219e+04	1.358012e+04
3.039120e+00	1.607713e+04	1.269434e+04	1.355964e+04
3.043140e+00	1.607563e+04	1.268647e+04	1.353911e+04
3.047160e+00	1.607458e+04	1.267870e+04	1.352118e+04
3.051180e+00	1.607464e+04	1.267118e+04	1.351028e+04
3.055200e+00	1.607212e+04	1.266302e+04	1.348361e+04
3.059220e+00	1.607070e+04	1.265511e+04	1.346328e+04
3.063240e+00	1.606926e+04	1.264717e+04	1.344266e+04
3.067260e+00	1.606781e+04	1.263921e+04	1.342183e+04
3.071280e+00	1.606638e+04	1.263125e+04	1.340094e+04
3.075300e+00	1.606663e+04	1.262356e+04	1.338720e+04
3.079320e+00	1.606580e+04	1.261567e+04	1.336907e+04
3.083340e+00	1.606337e+04	1.260747e+04	1.334381e+04
3.087360e+00	1.606216e+04	1.259948e+04	1.332358e+04
3.091380e+00	1.606077e+04	1.259144e+04	1.330246e+04
3.095400e+00	1.605940e+04	1.258339e+04	1.328128e+04
3.099420e+00	1.605837e+04	1.257537e+04	1.326110e+04
3.103440e+00	1.605998e+04	1.256770e+04	1.324956e+04
3.107460e+00	1.605730e+04	1.255942e+04	1.322413e+04
3.111480e+00	1.605577e+04	1.255128e+04	1.320215e+04
3.115500e+00	1.605453e+04	1.254317e+04	1.318104e+04
3.119520e+00	1.605322e+04	1.253504e+04	1.315957e+04
3.123540e+00	1.605193e+04	1.252689e+04	1.313805e+04
3.127560e+00	1.605226e+04	1.251891e+04	1.312065e+04
3.131580e+00	1.605336e+04	1.251100e+04	1.310532e+04
3.135600e+00	1.605004e+04	1.250259e+04	1.307846e+04
3.139620e+00	1.604910e+04	1.249442e+04	1.305756e+04
3.143640e+00	1.604787e+04	1.248621e+04	1.303585e+04
3.147660e+00	1.604665e+04	1.247799e+04	1.301405e+04
3.151680e+00	1.604556e+04	1.246977e+04	1.299242e+04
3.155700e+00	1.604824e+04	1.246187e+04	1.297876e+04
3.159720e+00	1.604640e+04	1.245354e+04	1.295558e+04
3.163740e+00	1.604431e+04	1.244519e+04	1.293170e+04
3.167760e+00	1.604337e+04	1.243692e+04	1.291016e+04
3.171780e+00	1.604223e+04	1.242863e+04	1.288808e+04
3.175800e+00	1.604111e+04	1.242032e+04	1.286595e+04
3.179820e+00	1.604119e+04	1.241209e+04	1.284587e+04
3.183840e+00	1.604438e+04	1.240408e+04	1.283137e+04
3.187860e+00	1.604058e+04	1.239553e+04	1.280439e+04
3.191880e+00	1.603968e+04	1.238719e+04	1.278240e+04
3.195900e+00	1.603869e+04	1.237883e+04	1.276017e+04
3.199920e+00	1.603765e+04	1.237046e+04	1.273778e+04
3.203940e+00	1.603664e+04	1.236207e+04	1.271533e+04
3.207960e+00	1.603934e+04	1.235391e+04	1.269847e+04
3.211980e+00	1.603976e+04	1.234559e+04	1.267821e+04
3.216000e+00	1.603656e+04	1.233702e+04	1.265231e+04
3.220020e+00	1.603603e+04	1.232861e+04	1.263036e+04
3.224040e+00	1.603508e+04	1.232017e+04	1.260770e+04
3.228060e+00	1.603415e+04	1.231172e+04	1.258499e+04
3.232080e+00	1.603387e+04	1.230329e+04	1.256304e+04
3.236100e+00	1.603872e+04	1.229512e+04	1.254781e+04
3.240120e+00	1.603534e+04	1.228650e+04	1.252180e+04
3.244140e+00	1.603409e+04	1.227798e+04	1.249844e+04
3.248160e+00	1.603342e+04	1.226948e+04	1.247576e+04
3.252180e+00	1.603259e+04	1.226097e+04	1.245279e+04
3.256200e+00	1.603178e+04	1.225244e+04	1.242977e+04
3.260220e+00	1.603379e+04	1.224403e+04	1.240991e+04
3.264240e+00	1.603720e+04	1.223567e+04	1.239166e+04
3.268260e+00	1.603287e+04	1.222695e+04	1.236452e+04
3.272280e+00	1.603266e+04	1.221840e+04	1.234196e+04
3.276300e+00	1.603195e+04	1.220982e+04	1.231876e+04
3.280320e+00	1.603124e+04	1.220124e+04	1.229549e+04
3.284340e+00	1.603072e+04	1.219265e+04	1.227234e+04
3.288360e+00	1.603628e+04	1.218427e+04	1.225524e+04
3.292380e+00	1.603462e+04	1.217562e+04	1.223093e+04
3.296400e+00	1.603251e+04	1.216693e+04	1.220605e+04
3.300420e+00	1.603224e+04	1.215831e+04	1.218294e+04
3.304440e+00	1.603164e+04	1.214966e+04	1.215942e+04
3.308460e+00	1.603106e+04	1.214101e+04	1.213586e+04
3.312480e+00	1.603227e+04	1.213240e+04	1.211381e+04
3.316500e+00	1.603826e+04	1.212393e+04	1.209598e+04
3.320520e+00	1.603364e+04	1.211511e+04	1.206876e+04
3.324540e+00	1.603338e+04	1.210643e+04	1.204527e+04
3.328560e+00	1.603299e+04	1.209773e+04	1.202160e+04
3.332580e+00	1.603252e+04	1.208901e+04	1.199779e+04
3.336600e+00	1.603207e+04	1.208029e+04	1.197394e+04
3.340620e+00	1.603697e+04	1.207169e+04	1.195421e+04
3.344640e+00	1.603866e+04	1.206300e+04	1.193200e+04
3.348660e+00	1.603504e+04	1.205418e+04	1.190555e+04
3.352680e+00	1.603529e+04	1.204543e+04	1.188204e+04
3.356700e+00	1.603493e+04	1.203667e+04	1.185800e+04
3.360720e+00	1.603460e+04	1.202789e+04	1.183391e+04
3.364740e+00	1.603513e+04	1.201912e+04	1.181036e+04
3.368760e+00	1.604280e+04	1.201047e+04	1.179173e+04
3.372780e+00	1.603910e+04	1.200161e+04	1.176522e+04
3.376800e+00	1.603831e+04	1.199279e+04	1.174063e+04
3.380820e+00	1.603831e+04	1.198397e+04	1.171652e+04
3.384840e+00	1.603809e+04	1.197515e+04	1.169220e+04
3.388860e+00	1.603790e+04	1.196631e+04	1.166783e+04
3.392880e+00	1.604144e+04	1.195751e+04	1.164571e+04
3.396900e+00	1.604692e+04	1.194873e+04	1.162479e+04
3.400920e+00	1.604204e+04	1.193981e+04	1.159743e+04
3.404940e+00	1.604263e+04	1.193095e+04	1.157336e+04
3.408960e+00	1.604256e+04	1.192207e+04	1.154883e+04
3.412980e+00	1.604249e+04	1.191318e+04	1.152423e+04
3.417000e+00	1.604265e+04	1.190429e+04	1.149971e+04
3.421020e+00	1.605068e+04	1.189544e+04	1.147945e+04
3.425040e+00	1.604942e+04	1.188652e+04	1.145413e+04
3.429060e+00	1.604751e+04	1.187759e+04	1.142835e+04
3.433080e+00	1.604800e+04	1.186866e+04	1.140383e+04
3.437100e+00	1.604805e+04	1.185972e+04	1.137902e+04
3.441120e+00	1.604812e+04	1.185078e+04	1.135415e+04
3.445140e+00	1.605044e+04	1.184183e+04	1.133033e+04
3.449160e+00	1.605881e+04	1.183287e+04	1.130943e+04
3.453180e+00	1.605382e+04	1.182390e+04	1.128202e+04
3.457200e+00	1.605429e+04	1.181492e+04	1.125718e+04
3.461220e+00	1.605459e+04	1.180593e+04	1.123220e+04
3.465240e+00	1.605479e+04	1.179694e+04	1.120712e+04
3.469260e+00	1.605502e+04	1.178793e+04	1.118200e+04
3.473280e+00	1.606179e+04	1.177890e+04	1.115965e+04
3.477300e+00	1.606470e+04	1.176987e+04	1.113565e+04
3.481320e+00	1.606103e+04	1.176086e+04	1.110874e+04
3.485340e+00	1.606211e+04	1.175182e+04	1.108382e+04
3.489360e+00	1.606244e+04	1.174278e+04	1.105852e+04
3.493380e+00	1.606279e+04	1.173373e+04	1.103318e+04
3.497400e+00	1.606418e+04	1.172466e+04	1.100819e+04
3.501420e+00	1.607417e+04	1.171550e+04	1.098644e+04
3.505440e+00	1.607051e+04	1.170647e+04	1.095949e+04
3.509460e+00	1.607030e+04	1.169739e+04	1.093378e+04
3.513480e+00	1.607106e+04	1.168830e+04	1.090838e+04
3.517500e+00	1.607154e+04	1.167920e+04	1.088283e+04
3.521520e+00	1.607205e+04	1.167009e+04	1.085724e+04
3.525540e+00	1.607696e+04	1.166091e+04	1.083307e+04
3.529560e+00	1.608420e+04	1.165168e+04	1.080969e+04
3.533580e+00	1.607918e+04	1.164264e+04	1.078216e+04
3.537600e+00	1.608062e+04	1.163349e+04	1.075672e+04
3.541620e+00	1.608127e+04	1.162434e+04	1.073097e+04
3.545640e+00	1.608191e+04	1.161518e+04	1.070517e+04
3.549660e+00	1.608282e+04	1.160602e+04	1.067940e+04
3.553680e+00	1.609286e+04	1.159665e+04	1.065627e+04
3.557700e+00	1.609217e+04	1.158750e+04	1.063000e+04
3.561720e+00	1.609067e+04	1.157837e+04	1.060342e+04
3.565740e+00	1.609197e+04	1.156916e+04	1.057762e+04
3.569760e+00	1.609275e+04	1.155996e+04	1.055161e+04
3.573780e+00	1.609355e+04	1.155075e+04	1.052556e+04
3.577800e+00	1.609690e+04	1.154146e+04	1.050012e+04
3.581820e+00	1.610721e+04	1.153198e+04	1.047643e+04
3.585840e+00	1.610223e+04	1.152290e+04	1.044884e+04
3.589860e+00	1.610348e+04	1.151365e+04	1.042276e+04
3.593880e+00	1.610455e+04	1.150439e+04	1.039659e+04
3.597900e+00	1.610548e+04	1.149513e+04	1.037034e+04
3.601920e+00	1.610645e+04	1.148586e+04	1.034405e+04
3.605940e+00	1.611477e+04	1.147635e+04	1.031933e+04
3.609960e+00	1.611882e+04	1.146697e+04	1.029368e+04
3.613980e+00	1.611537e+04	1.145783e+04	1.026634e+04
3.618000e+00	1.611731e+04	1.144850e+04	1.024011e+04
3.622020e+00	1.611839e+04	1.143919e+04	1.021366e+04
3.626040e+00	1.611949e+04	1.142987e+04	1.018718e+04
3.630060e+00	1.612173e+04	1.142051e+04	1.016085e+04
3.634080e+00	1.613356e+04	1.141076e+04	1.013627e+04
3.638100e+00	1.613022e+04	1.140159e+04	1.010890e+04
3.642120e+00	1.613069e+04	1.139227e+04	1.008215e+04
3.646140e+00	1.613224e+04	1.138290e+04	1.005557e+04
3.650160e+00	1.613348e+04	1.137353e+04	1.002888e+04
3.654180e+00	1.613475e+04	1.136415e+04	1.000216e+04
3.658200e+00	1.614082e+04	1.135455e+04	9.976124e+03
3.662220e+00	1.614953e+04	1.134482e+04	9.950485e+03
3.666240e+00	1.614472e+04	1.133571e+04	9.922757e+03
3.670260e+00	1.614700e+04	1.132626e+04	9.896047e+03
3.674280e+00	1.614842e+04	1.131684e+04	9.869169e+03
3.678300e+00	1.614983e+04	1.130741e+04	9.842246e+03
3.682320e+00	1.615151e+04	1.129796e+04	9.815318e+03
3.686340e+00	1.616313e+04	1.128797e+04	9.789572e+03
3.690360e+00	1.616313e+04	1.127860e+04	9.762410e+03
3.694380e+00	1.616219e+04	1.126927e+04	9.735072e+03
3.698400e+00	1.616431e+04	1.125976e+04	9.708064e+03
3.702420e+00	1.616585e+04	1.125028e+04	9.680947e+03
3.706440e+00	1.616743e+04	1.124079e+04	9.653793e+03
3.710460e+00	1.617172e+04	1.123112e+04	9.626856e+03
3.714480e+00	1.618355e+04	1.122101e+04	9.600610e+03
3.718500e+00	1.617892e+04	1.121188e+04	9.572802e+03
3.722520e+00	1.618096e+04	1.120233e+04	9.545558e+03
3.726540e+00	1.618281e+04	1.119278e+04	9.518260e+03
3.730560e+00	1.618452e+04	1.118324e+04	9.490909e+03
3.734580e+00	1.618626e+04	1.117368e+04	9.463522e+03
3.738600e+00	1.619582e+04	1.116359e+04	9.436622e+03
3.742620e+00	1.620090e+04	1.115380e+04	9.409423e+03
3.746640e+00	1.619792e+04	1.114453e+04	9.381641e+03
3.750660e+00	1.620069e+04	1.113487e+04	9.354193e+03
3.754680e+00	1.620254e+04	1.112527e+04	9.326647e+03
3.758700e+00	1.620442e+04	1.111565e+04	9.299065e+03
3.762720e+00	1.620750e+04	1.110593e+04	9.271494e+03
3.766740e+00	1.622071e+04	1.109545e+04	9.244314e+03
3.770760e+00	1.621793e+04	1.108617e+04	9.216476e+03
3.774780e+00	1.621913e+04	1.107657e+04	9.188740e+03
3.778800e+00	1.622148e+04	1.106688e+04	9.161013e+03
3.782820e+00	1.622350e+04	1.105720e+04	9.133235e+03
3.786840e+00	1.622555e+04	1.104751e+04	9.105421e+03
3.790860e+00	1.623261e+04	1.103740e+04	9.077652e+03
3.794880e+00	1.624250e+04	1.102704e+04	9.049919e+03
3.798900e+00	1.623817e+04	1.101787e+04	9.021928e+03
3.802920e+00	1.624127e+04	1.100805e+04	8.994002e+03
3.806940e+00	1.624348e+04	1.099831e+04	8.966028e+03
3.810960e+00	1.624567e+04	1.098855e+04	8.938016e+03
3.814980e+00	1.624814e+04	1.097875e+04	8.909965e+03
3.819000e+00	1.626093e+04	1.096800e+04	8.881809e+03
3.823020e+00	1.626169e+04	1.095837e+04	8.853743e+03
3.827040e+00	1.626143e+04	1.094880e+04	8.825629e+03
3.831060e+00	1.626436e+04	1.093893e+04	8.797451e+03
3.835080e+00	1.626669e+04	1.092911e+04	8.769241e+03
3.839100e+00	1.626904e+04	1.091927e+04	8.740995e+03
3.843120e+00	1.627419e+04	1.090914e+04	8.712627e+03
3.847140e+00	1.628715e+04	1.089821e+04	8.684004e+03
3.851160e+00	1.628311e+04	1.088900e+04	8.655881e+03
3.855180e+00	1.628595e+04	1.087908e+04	8.627492e+03
3.859200e+00	1.628858e+04	1.086916e+04	8.599074e+03
3.863220e+00	1.629108e+04	1.085925e+04	8.570625e+03
3.867240e+00	1.629360e+04	1.084932e+04	8.542138e+03
3.871260e+00	1.630411e+04	1.083849e+04	8.513196e+03
3.875280e+00	1.631011e+04	1.082817e+04	8.484489e+03
3.879300e+00	1.630777e+04	1.081876e+04	8.456180e+03
3.883320e+00	1.631136e+04	1.080867e+04	8.427510e+03
3.887340e+00	1.631400e+04	1.079868e+04	8.398856e+03
3.891360e+00	1.631666e+04	1.078867e+04	8.370164e+03
3.895380e+00	1.632053e+04	1.077850e+04	8.341347e+03
3.899400e+00	1.633474e+04	1.076706e+04	8.311741e+03
3.903420e+00	1.633267e+04	1.075761e+04	8.283327e+03
3.907440e+00	1.633463e+04	1.074765e+04	8.254560e+03
3.911460e+00	1.633777e+04	1.073752e+04	8.225668e+03
3.915480e+00	1.634057e+04	1.072742e+04	8.196765e+03
3.919500e+00	1.634340e+04	1.071731e+04	8.167823e+03
3.923520e+00	1.635128e+04	1.070651e+04	8.138368e+03
3.927540e+00	1.636208e+04	1.069533e+04	8.108625e+03
3.931560e+00	1.635845e+04	1.068604e+04	8.080217e+03
3.935580e+00	1.636235e+04	1.067574e+04	8.051043e+03
3.939600e+00	1.636534e+04	1.066554e+04	8.021920e+03
3.943620e+00	1.636831e+04	1.065533e+04	7.992761e+03
3.947640e+00	1.637244e+04	1.064735e+04	7.964423e+03
3.951660e+00	1.641616e+04	1.071370e+04	7.964273e+03
3.955680e+00	1.639304e+04	1.063977e+04	7.910457e+03
3.959700e+00	1.637306e+04	1.057689e+04	7.860946e+03
3.963720e+00	1.636744e+04	1.054226e+04	7.822144e+03
3.967740e+00	1.635873e+04	1.050124e+04	7.780895e+03
3.971760e+00	1.635008e+04	1.046021e+04	7.739619e+03
3.975780e+00	1.638025e+04	1.047652e+04	7.742965e+03
3.979800e+00	1.652371e+04	1.070828e+04	7.864841e+03
3.983820e+00	1.643014e+04	1.062244e+04	7.706097e+03
3.987840e+00	1.643026e+04	1.064077e+04	7.663112e+03
3.991860e+00	1.642778e+04	1.066018e+04	7.615803e+03
3.995880e+00	1.642298e+04	1.067662e+04	7.565574e+03
3.999900e+00	1.641819e+04	1.069314e+04	7.515173e+03
4.003920e+00	1.430213e+04	1.713017e+04	3.074019e+04
4.007940e+00	1.355357e+04	2.184964e+04	4.057419e+04
4.011960e+00	1.483032e+04	1.661115e+04	2.623063e+04
4.015980e+00	1.459550e+04	1.759517e+04	2.903017e+04
4.020000e+00	1.460036e+04	1.759996e+04	2.902779e+04


