-90.48326827863907
-90.41075553086705
-90.3374086582287
-90.26321158846318
-90.18814390746877
-90.11218086763687
-90.03529339102553
-89.9574480674279
-89.8786071473977
-89.79872853029377
-89.71776574741469
-89.63566794029512
-89.5523798342438
-89.46784170720647
-89.38198935404408
-89.29475404632315
-89.20606248772108
-89.11583676515863
-89.02399429577883
-88.93044776990139
-88.83510509009062
-88.73786930648738
-88.63863854856547
-88.53730595348611
-88.4337595912381
-88.3278823867656
-88.21955203930109
-88.10864093913834
-87.99501608209864
-87.87853898196232
-87.75906558115946
-87.6364461600346
-87.5105252450261
-87.38114151612322
-87.24812771399309
-87.11131054719739
-86.97051059994736
-86.82554224087959
-86.67621353336578
-86.52232614790742
-86.36367527719959
-86.2000495544904
-86.03123097589874
-85.85699482739801
-85.67710961721426
-85.4913370144338
-85.29943179466072
-85.10114179361274
-84.89620786959324
-84.6843638758271
-4.177011255821926
-4.229633246702523
-4.2813488773034365
-4.3321985265380984
-4.382223812534476
-4.431467555311583
-4.479973735835364
-4.527787451461118
-4.5749548677827665
-4.621523166922704
-4.667540492310058
-4.713055890009259
-4.7581192466753475
-4.80278122422731
-4.847093191345289
-4.891107151912505
-4.934875670537613
-4.978451795307606
-5.0218889779361255
-5.065240991485985
-5.108561845858465
-5.151905701255378
-5.195326779832093
-5.238879275772243
-5.282617264025561
-5.326594607960951
-5.370864866196106
-5.415481198873229
-5.46049627365822
-5.505962171746077
-5.551930294160456
-5.598451268639135
-5.645574857398701
-5.693349866073255
-5.74182405412094
-5.7910440469899935
-5.841055250333035
-5.89190176655274
-5.943626313955857
-5.996270148785034
-6.049872990388032
-6.104472949773773
-6.160106461792629
-6.216808221164954
-6.2746111225679275
-6.333546204974593
-6.393642600423401
-6.454927487378127
-6.517426048820444
-6.581161435198419
-6.646154732334033
-6.712424934373365
-6.779988921842629
-6.848861444851855
-6.9190551114681975
-6.990580381259341
-7.063445563987179
-7.137656823411478
-7.213218186143151
-7.29013155546753
-7.368396730038814
-7.4480114273289075
-7.528971311696496
-7.61127002692571
-7.694899233068386
-7.779848647409281
-7.866106089360918
-7.95365752908188
-8.042487139602514
-8.1325773522317
-8.223908915010458
-8.316460953971303
-8.41021103695689
-8.505135239746256
-8.601208214235985
-8.698403258419786
-8.796692387911351
-8.896046408755378
-8.996434991274143
-9.097826744699871
-9.20018929234799
-9.30348934709103
-9.407692786899835
-9.51276473022575
-9.618669611004933
-9.725371253075615
-9.832832943807674
-9.941017506754063
-10.049887373144482
-10.159404652051862
-10.269531199073956
-10.380228683383518
-10.491458653012405
-10.60318259824625
-10.715362013018776
-10.827958454206078
-10.940933598732958
-11.054249298415256
-11.16786763247288
-11.281750957660122
-11.395861955969451
-11.510163679876811
-11.624619595105251
-11.739193620894302
-11.85385016777096
-11.96855417282758
-12.083271132519776
-12.197967133005363
-12.312608878052574
-12.427163714552748
-12.54159965567867
-12.655885401735457
-12.769990358756427
-12.883884654900543
-12.997539154712747
-13.110925471311845
-13.224015976573895
-13.336783809381956
-13.449202882015133
-13.561247884752031
-13.67289428876483
-13.784118347381618
-13.89489709579522
-14.00520834929695
-14.1150307001141
-14.224343512929384
-14.333126919160268
-14.441361810075106
-14.549029828822176
-14.656113361446259
-14.762595526965924
-14.868460166583608
-14.97369183209769
-15.078275773585055
-15.182197926419839
-15.285444897692042
-15.388003952087715
-15.489862997289944
-15.591010568957332
-15.691435815334838
-15.791128481548814
-15.890078893635977
-15.988277942353708
-16.08571706681623
-16.182388237999326
-16.278283942153514
-16.3733971641633
-16.467721370887947
-16.56125049451684
-16.653978915970235
-16.74590144837419
-6.29822903304083
-6.702969598235531
-7.096420219230433
-7.478727861913921
-7.850035953732951
-8.210484378294955
-8.560209474619478
-8.899344040610504
-9.22801734035271
-9.546355114857677
-9.854479595908455
-10.152509522679107
-10.440560160820473
-10.71874332373029
-10.987167395738663
-11.245937356963609
-11.495154809604117
-11.734918005456866
-11.965321874455062
-12.186458054046732
-12.398414919236078
-12.601277613132018
-12.795128077852354
-12.98004508564948
-13.156104270127965
-13.323378157440507
-13.481936197350949
-13.631844794068204
-13.773167336757453
-13.905964229648
-14.030292921657843
-14.146207935469842
-14.253760895991167
-14.35300055814267
-14.443972833925333
-14.526720818715663
-14.60128481675125
-14.667702365767841
-14.726008260756753
-14.77623457681446
-14.818410691060151
-14.852563303601666
-14.878716457533955
-14.896891557956177
-14.907107389999737
-14.909380135859578
-14.903723390828524
-14.890148178331955
-14.868662963970067
-14.839273668570506
