0.0
0.001
0.002
0.003
0.004
0.005
0.006
0.007
0.008
0.009000000000000001
0.010000000000000002
0.011000000000000003
0.012000000000000004
0.013000000000000005
0.014000000000000005
0.015000000000000006
0.016000000000000007
0.017000000000000008
0.01800000000000001
0.01900000000000001
0.02000000000000001
0.02100000000000001
0.022000000000000013
0.023000000000000013
0.024000000000000014
0.025000000000000015
0.026000000000000016
0.027000000000000017
0.028000000000000018
0.02900000000000002
0.03000000000000002
0.03100000000000002
0.03200000000000002
0.03300000000000002
0.03400000000000002
0.035000000000000024
0.036000000000000025
0.037000000000000026
0.03800000000000003
0.03900000000000003
0.04000000000000003
0.04100000000000003
0.04200000000000003
0.04300000000000003
0.04400000000000003
0.04500000000000003
0.046000000000000034
0.047000000000000035
0.048000000000000036
0.04900000000000004
0.05000000000000004
0.05211615640944988
0.054232312818899724
0.05634846922834957
0.05846462563779941
0.06058078204724925
0.0626969384566991
0.06481309486614895
0.06692925127559879
0.06904540768504863
0.07116156409449848
0.07327772050394832
0.07539387691339816
0.077510033322848
0.07962618973229785
0.08174234614174769
0.08385850255119753
0.08597465896064738
0.08809081537009722
0.09020697177954706
0.0923231281889969
0.09443928459844675
0.09655544100789659
0.09867159741734643
0.10078775382679628
0.10290391023624612
0.10502006664569596
0.10713622305514581
0.10925237946459565
0.1113685358740455
0.11348469228349534
0.11560084869294518
0.11771700510239502
0.11983316151184487
0.12194931792129471
0.12406547433074455
0.1261816307401944
0.12829778714964424
0.13041394355909408
0.13253009996854392
0.13464625637799377
0.1367624127874436
0.13887856919689345
0.1409947256063433
0.14311088201579314
0.14522703842524298
0.14734319483469283
0.14945935124414267
0.1515755076535925
0.15369166406304235
0.1558078204724922
0.15792397688194204
0.16004013329139188
0.16215628970084173
0.16427244611029157
0.1663886025197414
0.16850475892919126
0.1706209153386411
0.17273707174809094
0.17485322815754079
0.17696938456699063
0.17908554097644047
0.18120169738589031
0.18331785379534016
0.18543401020479
0.18755016661423984
0.1896663230236897
0.19178247943313953
0.19389863584258937
0.19601479225203922
0.19813094866148906
0.2002471050709389
0.20236326148038875
0.2044794178898386
0.20659557429928843
0.20871173070873827
0.21082788711818812
0.21294404352763796
0.2150601999370878
0.21717635634653765
0.2192925127559875
0.22140866916543733
0.22352482557488718
0.22564098198433702
0.22775713839378686
0.2298732948032367
0.23198945121268655
0.2341056076221364
0.23622176403158623
0.23833792044103608
0.24045407685048592
0.24257023325993576
0.2446863896693856
0.24680254607883545
0.2489187024882853
0.25103485889773514
0.253151015307185
0.2552671717166348
0.25738332812608467
0.2594994845355345
0.26161564094498435
0.2637317973544342
0.26584795376388404
0.2679641101733339
0.2700802665827837
0.27219642299223357
0.2743125794016834
0.27642873581113325
0.2785448922205831
0.28066104863003294
0.2827772050394828
0.2848933614489326
0.28700951785838247
0.2891256742678323
0.29124183067728215
0.293357987086732
0.29547414349618184
0.2975902999056317
0.2997064563150815
0.30182261272453137
0.3039387691339812
0.30605492554343106
0.3081710819528809
0.31028723836233074
0.3124033947717806
0.31451955118123043
0.31663570759068027
0.3187518640001301
0.32086802040957996
0.3229841768190298
0.32510033322847964
0.3272164896379295
0.32933264604737933
0.3314488024568292
0.333564958866279
0.33568111527572886
0.3377972716851787
0.33991342809462854
0.3420295845040784
0.34414574091352823
0.3462618973229781
0.3483780537324279
0.35049421014187776
0.3526103665513276
0.35472652296077745
0.3568426793702273
0.35895883577967713
0.361074992189127
0.3631911485985768
0.36530730500802666
0.3674234614174765
0.3684234614174765
0.3694234614174765
0.3704234614174765
0.3714234614174765
0.3724234614174765
0.3734234614174765
0.3744234614174765
0.3754234614174765
0.3764234614174765
0.3774234614174765
0.3784234614174765
0.3794234614174765
0.3804234614174765
0.3814234614174765
0.3824234614174765
0.3834234614174765
0.3844234614174765
0.3854234614174765
0.3864234614174765
0.3874234614174765
0.3884234614174765
0.3894234614174765
0.3904234614174765
0.3914234614174765
0.3924234614174765
0.3934234614174765
0.39442346141747653
0.39542346141747653
0.39642346141747653
0.39742346141747653
0.39842346141747653
0.39942346141747653
0.40042346141747653
0.40142346141747653
0.40242346141747654
0.40342346141747654
0.40442346141747654
0.40542346141747654
0.40642346141747654
0.40742346141747654
0.40842346141747654
0.40942346141747654
0.41042346141747654
0.41142346141747654
0.41242346141747654
0.41342346141747655
0.41442346141747655
0.41542346141747655
0.41642346141747655
0.4174234614174766
