-90.48326827863906
-90.41075553086702
-90.33740865822867
-90.26321158846316
-90.18814390746876
-90.11218086763685
-90.0352933910255
-89.9574480674279
-89.87860714739769
-89.79872853029377
-89.71776574741469
-89.63566794029511
-89.55237983424375
-89.46784170720642
-89.38198935404408
-89.29475404632313
-89.20606248772106
-89.11583676515862
-89.02399429577882
-88.93044776990139
-88.83510509009061
-88.73786930648738
-88.63863854856545
-88.53730595348608
-88.43375959123807
-88.3278823867656
-88.21955203930108
-88.10864093913833
-87.99501608209864
-87.87853898196232
-87.75906558115946
-87.6364461600346
-87.5105252450261
-87.38114151612321
-87.24812771399309
-87.11131054719738
-86.97051059994736
-86.82554224087954
-86.67621353336578
-86.5223261479074
-86.3636752771996
-86.2000495544904
-86.03123097589874
-85.85699482739798
-85.67710961721424
-85.49133701443378
-85.2994317946607
-85.10114179361274
-84.89620786959321
-84.68436387582707
-4.177011255821931
-4.229633246702531
-4.281348877303442
-4.332198526538103
-4.38222381253448
-4.4314675553115865
-4.479973735835367
-4.527787451461121
-4.574954867782768
-4.621523166922707
-4.667540492310061
-4.713055890009267
-4.758119246675351
-4.802781224227314
-4.84709319134529
-4.891107151912509
-4.934875670537616
-4.978451795307608
-5.0218889779361335
-5.06524099148599
-5.10856184585847
-5.151905701255382
-5.195326779832097
-5.23887927577225
-5.282617264025564
-5.326594607960958
-5.370864866196109
-5.4154811988732305
-5.460496273658224
-5.5059621717460825
-5.55193029416046
-5.59845126863914
-5.645574857398705
-5.693349866073266
-5.741824054120942
-5.791044046989999
-5.841055250333037
-5.89190176655274
-5.94362631395586
-5.996270148785038
-6.049872990388037
-6.104472949773775
-6.1601064617926315
-6.21680822116496
-6.274611122567927
-6.333546204974596
-6.393642600423408
-6.454927487378132
-6.517426048820448
-6.581161435198424
-6.646154732334035
-6.71242493437337
-6.779988921842639
-6.848861444851862
-6.9190551114682055
-6.9905803812593446
-7.063445563987184
-7.137656823411478
-7.213218186143159
-7.2901315554675294
-7.3683967300388185
-7.448011427328911
-7.528971311696497
-7.611270026925712
-7.694899233068387
-7.779848647409309
-7.866106089360922
-7.953657529081883
-8.042487139602523
-8.132577352231696
-8.223908915010462
-8.316460953971307
-8.410211036956882
-8.505135239746256
-8.601208214235989
-8.698403258419788
-8.79669238791136
-8.896046408755382
-8.996434991274143
-9.09782674469987
-9.200189292347993
-9.303489347091034
-9.407692786899837
-9.51276473022575
-9.618669611004936
-9.72537125307562
-9.832832943807674
-9.941017506754065
-10.04988737314449
-10.159404652051865
-10.26953119907396
-10.380228683383518
-10.491458653012408
-10.60318259824625
-10.715362013018769
-10.827958454206078
-10.940933598732961
-11.054249298415252
-11.167867632472888
-11.281750957660126
-11.395861955969455
-11.510163679876811
-11.624619595105257
-11.739193620894309
-11.853850167770954
-11.968554172827584
-12.08327113251978
-12.197967133005367
-12.312608878052579
-12.427163714552748
-12.54159965567867
-12.65588540173546
-12.769990358756429
-12.883884654900537
-12.997539154712742
-13.110925471311848
-13.224015976573902
-13.336783809381954
-13.449202882015133
-13.561247884752037
-13.672894288764827
-13.784118347381613
-13.89489709579522
-14.005208349296947
-14.1150307001141
-14.22434351292939
-14.333126919160264
-14.441361810075108
-14.549029828822183
-14.65611336144626
-14.762595526965928
-14.868460166583606
-14.973691832097689
-15.078275773585053
-15.182197926419839
-15.285444897692042
-15.388003952087718
-15.489862997289944
-15.59101056895733
-15.691435815334833
-15.79112848154881
-15.890078893635977
-15.988277942353708
-16.08571706681623
-16.182388237999326
-16.278283942153518
-16.373397164163297
-16.46772137088795
-16.561250494516838
-16.653978915970235
-16.74590144837419
-6.298229033040835
-6.702969598235516
-7.096420219230465
-7.478727861913932
-7.850035953732961
-8.210484378294996
-8.560209474619494
-8.899344040610494
-9.228017340352721
-9.546355114857668
-9.85447959590844
-10.152509522679118
-10.440560160820473
-10.718743323730305
-10.987167395738656
-11.245937356963589
-11.495154809604108
-11.734918005456866
-11.965321874455073
-12.186458054046735
-12.398414919236085
-12.601277613132027
-12.795128077852368
-12.98004508564948
-13.15610427012794
-13.323378157440498
-13.481936197350961
-13.63184479406822
-13.773167336757457
-13.905964229648008
-14.030292921657832
-14.146207935469853
-14.253760895991173
-14.353000558142668
-14.443972833925343
-14.526720818715663
-14.601284816751239
-14.667702365767852
-14.726008260756746
-14.776234576814439
-14.818410691060166
-14.852563303601677
-14.878716457533965
-14.896891557956183
-14.907107389999751
-14.909380135859587
-14.90372339082854
-14.890148178331971
-14.868662963970056
-14.839273668570502
