18.868241003053413
18.764922249573296
18.66794491730184
18.577305202343425
18.492995387469833
18.41500387794809
18.343315239095887
18.27791023556492
18.218765872361253
18.16585543761811
18.119148547146956
18.078611190798448
18.044205780673664
18.015891201231334
17.99362286134493
17.977352748368595
17.96702948427638
17.96259838394525
17.964001515656015
17.971177763891006
17.98406289451016
18.002589622390587
18.026687681616828
18.056283898309545
18.09130226618308
18.13166402492029
18.177287741453934
18.22808939424148
18.283982460618482
18.34487800731235
18.410684784193776
18.481309321339324
18.556656029471984
18.636627303839955
18.721123631586543
18.8100437026555
18.90328452426577
19.00074153898067
19.1023087463834
19.207878828359455
19.317343277973258
19.43059253191099
19.547516106448057
19.668002736882322
19.79194052035806
19.919217061987858
20.049719624161575
20.183335278911997
20.319951063187695
20.459454136863215
-18.503538285479426
-18.58686834867764
-18.66829013563939
-18.747792294364302
-18.825364488206915
-18.900997365239455
-18.974682527565502
-19.046412500699006
-19.116180703116115
-19.18398141607961
-19.249809753827968
-19.313661634213574
-19.37553374986706
-19.43542353995648
-19.493329162603104
-19.549249468007417
-19.60318397233229
-19.65513283238242
-19.705096821112225
-19.753077303988135
-19.7990762162242
-19.843096040903603
-19.885139787993396
-19.9252109742535
-19.963313604035964
-19.99945215096568
-20.033631540489022
-20.065857133272544
-20.096134709430324
-20.124470453554746
-20.150870940522555
-20.175343122045128
-20.19789431392966
-20.218532184015764
-20.237264740750405
-20.254100322362447
-20.269047586597594
-20.282115500973095
-20.293313333511712
-20.302650643913974
-20.31013727512805
-20.315783345276962
-20.31959923990315
-20.32159560449194
-20.321783337235715
-20.3201735820024
-20.316777721473073
-20.311607370415004
-20.304674369058286
-20.295990776545864
-20.28556886442862
-20.273421110179502
-20.259560190702267
-20.243998975812623
-20.22675052167201
-20.20782806415577
-20.18724501214012
-20.165014940694135
-20.141151584165186
-20.11566882914817
-20.08858070733101
-20.059901388210807
-20.02964517167665
-19.997826480457356
-19.964459852433485
-19.929559932815252
-19.893141466188773
-19.855219288435137
-19.815808318527537
-19.774923550213394
-19.732580043588978
-19.688792916575423
-19.643577336305732
-19.59694851043301
-19.548921678370995
-19.499512102478423
-19.448735059199088
-19.396605830169957
-19.34313969330985
-19.28835191390125
-19.232257735678008
-19.17487237193157
-19.116210996648235
-19.056288735689755
-18.995120658029418
-18.93272176705517
-18.869106991951327
-18.804291179169493
-18.738289083999277
-18.671115362248543
-18.60278456204241
-18.53331111574967
-18.462709332044632
-18.390993388111596
-18.318177321998753
-18.244275025127166
-18.16930023496032
-18.093266527838445
-18.016187311981554
-17.938075820664068
-17.858945105563375
-17.778808030283955
-17.697677264057738
-17.615565275621098
-17.532484327267696
-17.44844646907623
-17.363463533310984
-17.277547128992857
-17.19070863663763
-17.102959203157855
-17.014309736923984
-16.92477090297986
-16.834353118407254
-16.743066547833486
-16.650921099075603
-16.55792641891432
-16.464091888990396
-16.36942662181541
-16.27393945688904
-16.177638956913743
-16.080533404098325
-15.982630796540464
-15.883938844678742
-15.784464967803894
-15.684216290618776
-15.583199639836224
-15.481421540803652
-15.37888821414283
-15.27560557239304
-15.171579216645462
-15.066814433156226
-14.961316189925343
-14.855089133228363
-14.748137584087143
-14.640465534665946
-14.532076644578494
-14.422974237091381
-14.31316129520873
-14.20264045762263
-14.091414014513298
-13.979483903182548
-13.8668517035036
-13.753518633169637
-13.63948554272294
-13.52475291034597
-13.409320836394727
-13.293189037654361
-13.17635684129589
-13.05882317851237
-12.940586577811583
-12.821645157941555
-80.39755131389894
-80.35275816869006
-80.30880726413798
-80.26568530368166
-80.22337810233542
-80.18187064703696
-80.14114715617362
-80.10119113829565
-80.06198545002114
-80.02351235313283
-79.98575357086426
-79.94869034336705
-79.91230348234978
-79.87657342487289
-79.84148028628323
-79.80700391226694
-79.77312392999707
-79.7398197983498
-79.70707085715968
-79.67485637548263
-79.6431555988334
-79.61194779536092
-79.58121230092466
-79.55092856303234
-79.52107618359909
-79.49163496048526
-79.46258492777109
-79.43390639472445
-79.4055799834173
-79.37758666494703
-79.34990779421803
-79.32252514323895
-79.29542093289234
-79.26857786313255
-79.24197914156932
-79.21560851039615
-79.1894502716216
-79.16348931056535
-79.13771111758088
-79.11210180796868
-79.08664814004631
-79.06133753134293
-79.03615807288789
-79.01109854156695
-78.98614841051979
-78.96129785755664
-78.93653777157424
-78.91185975695319
-78.8872561359231
-78.86271994888294
