9.894888100247107
9.806394733947148
9.724836695922322
9.650211181840257
9.582511994038516
9.521729566670887
9.467850992882887
9.420860054008594
9.38073725078388
9.347459836573137
9.32100185260872
9.301334165246256
9.288424505238435
9.282237509034434
9.282734762112433
9.289874844354555
9.303613377475603
9.32390307451734
9.350693791422037
9.383932580698955
9.423563747198767
9.469528906010678
9.521767042497796
9.580214574485284
9.644805416615952
9.715471046887588
9.792140575383602
9.874740815209613
9.96319635564461
10.057429637514597
10.157361030793973
10.262908914436466
10.373989758435048
10.49051820810605
10.61240717058913
10.73956790354963
10.871910106065991
11.0093420116785
11.151770483570758
11.299101111848518
11.451238312874407
11.608085430609355
11.769544839904906
11.935518051681784
12.105905819922675
12.280608250397592
12.45952491103219
12.642554943818691
12.82959717816082
13.020550245532734
-16.798654821497575
-16.877644305522985
-16.955222589520133
-17.031378740996708
-17.106102188011963
-17.179382716461923
-17.251210467360227
-17.321575934156627
-17.390469960131338
-17.45788373589909
-17.52380879705335
-17.588237021976326
-17.651160629837545
-17.712572178798734
-17.772464564439943
-17.83083101841743
-17.887665107360533
-17.942960732011286
-17.996712126606923
-18.04891385850257
-18.099560828027926
-18.148648268569396
-18.196171746865865
-18.24212716350427
-18.28651075359856
-18.329319087633586
-18.370549072453606
-18.410197952373366
-18.44826331038825
-18.484743069458858
-18.51963549384405
-18.552939190456172
-18.58465311021093
-18.61477654934469
-18.6433091506712
-18.67025090475019
-18.69560215094023
-18.719363578308737
-18.74153622637271
-18.76212148564433
-18.781121097956586
-18.798537156545052
-18.81437210586335
-18.828628741110954
-18.84131020745336
-18.85241999891653
-18.861961956938707
-18.869940268564783
-18.87635946427001
-18.881224415401377
-18.88454033122753
-18.886312755589174
-18.886547563144397
-18.88525095520493
-18.882429455161322
-18.87808990349683
-18.872239452391714
-18.864885559921376
-18.856035983853307
-18.845698775049897
-18.833882270485297
-18.820595085886197
-18.80584610800811
-18.789644486559443
-18.77199962578755
-18.752921175741648
-18.732419023228758
-18.710503282479614
-18.687184285542425
-18.662472572423106
-18.636378880990996
-18.60891413666996
-18.58008944193474
-18.5499160656331
-18.51840543215421
-18.48556911046395
-18.45141880302775
-18.415966334641613
-18.379223641191437
-18.34120275836093
-18.301915810307634
-18.261374998326488
-18.219592589519518
-18.176580905490006
-18.132352311078513
-18.086919203157876
-18.040293999502993
-17.99248912775103
-17.943517014466426
-17.89339007432443
-17.842120699425948
-17.78972124875564
-17.736204037794202
-17.681581328294918
-17.625865318233522
-17.569068131939616
-17.51120181041678
-17.452278301857618
-17.392309452359157
-17.331306996842862
-17.269282550182847
-17.20624759854479
-17.142213490937234
-17.07719143097615
-17.01119246886263
-16.944227493572996
-16.876307225259534
-16.807442207859545
-16.73764280190946
-16.66691917756016
-16.595281307788937
-16.52273896180274
-16.449301698626922
-16.374978860872844
-16.299779568677298
-16.223712713806016
-16.14678695391303
-16.069010706947125
-15.990392145696159
-15.91093919245932
-15.830659513837396
-15.749560515630101
-15.667649337829477
-15.584932849697847
-15.501417644918334
-15.417110036805566
-15.33201605356387
-15.246141433579773
-15.159491620735237
-15.072071759727727
-14.983886691382754
-14.894940947944121
-14.80523874832676
-14.714783993316491
-14.623580260700741
-14.531630800313714
-14.43893852897899
-14.34550602533212
-14.251335524505208
-14.156428912654853
-14.060787721314282
-13.96441312154991
-13.867305917901732
-13.769466542086318
-13.670895046440496
-13.571591097082681
-13.471553966768184
-13.370782527413745
-13.269275242265444
-13.167030157683076
-13.064044894512836
-75.09795281922663
-75.08883036254358
-75.07961489087346
-75.07030177448875
-75.06088513552294
-75.051357918645
-75.04171196090135
-75.03193806072481
-75.02202604610399
-75.0119648419045
-75.00174253632841
-74.99134644649484
-74.98076318312157
-74.96997871428329
-74.95897842821924
-74.94774719516022
-74.93626942814078
-74.92452914276095
-74.91251001585847
-74.90019544304984
-74.88756859509732
-74.87461247305535
-74.8613099621499
-74.84764388434132
-74.83359704951991
-74.81915230528385
-74.80429258524586
-74.78900095581645
-74.77326066140999
-74.75705516801999
-74.74036820511039
-74.72318380576914
-74.70548634507232
-74.68726057660625
-74.66849166709723
-74.6491652290998
-74.62926735169486
-74.60878462915235
-74.58770418751364
-74.56601370905189
-74.54370145457047
-74.52075628350255
-74.49716767177684
-74.47292572741861
-74.44802120385636
-74.42244551090965
-74.39619072343507
-74.36924958761175
-74.34161552485094
-74.31328263331775
