0.000000e+00	-1.482047e+04	-6.544928e+03	8.621847e+04
4.200000e-04	-1.481663e+04	-6.540281e+03	8.621967e+04
8.400000e-04	-1.481062e+04	-6.533017e+03	8.622133e+04
1.260000e-03	-1.482491e+04	-6.550316e+03	8.621801e+04
1.680000e-03	-2.649996e+04	-1.504844e+04	1.155180e+05
2.100000e-03	-7.014807e+03	-8.521935e+02	6.667940e+04
2.520000e-03	-1.615587e+04	-7.533819e+03	8.946477e+04
2.940000e-03	-1.480937e+04	-6.535837e+03	8.621683e+04
3.360000e-03	-1.483957e+04	-6.568929e+03	8.621435e+04
3.780000e-03	-1.487747e+04	-6.607617e+03	8.620566e+04
4.200000e-03	-1.480282e+04	-6.521521e+03	8.620717e+04
4.620000e-03	-1.494091e+04	-6.676407e+03	8.619373e+04
5.040000e-03	-1.480768e+04	-6.530418e+03	8.620384e+04
5.460000e-03	-1.493957e+04	-6.679691e+03	8.619107e+04
5.880000e-03	-1.489257e+04	-6.624390e+03	8.619292e+04
6.300000e-03	-1.487018e+04	-6.598101e+03	8.619200e+04
6.720000e-03	-1.501844e+04	-6.766256e+03	8.617487e+04
7.140000e-03	-1.483046e+04	-6.555390e+03	8.618513e+04
7.560000e-03	-1.507985e+04	-6.832203e+03	8.616090e+04
7.980000e-03	-1.489682e+04	-6.624935e+03	8.617486e+04
8.400000e-03	-1.501909e+04	-6.762077e+03	8.616012e+04
8.820000e-03	-1.506547e+04	-6.815336e+03	8.615155e+04
9.240000e-03	-1.492063e+04	-6.653178e+03	8.615954e+04
9.660000e-03	-1.521235e+04	-6.982915e+03	8.612614e+04
1.008000e-02	-1.491776e+04	-6.649579e+03	8.614707e+04
1.050000e-02	-1.523196e+04	-7.001341e+03	8.611361e+04
1.092000e-02	-1.506945e+04	-6.816694e+03	8.612778e+04
1.134000e-02	-1.510262e+04	-6.852432e+03	8.611943e+04
1.176000e-02	-1.531070e+04	-7.086287e+03	8.609023e+04
1.218000e-02	-1.501179e+04	-6.751194e+03	8.611114e+04
1.260000e-02	-1.543849e+04	-7.231818e+03	8.606116e+04
1.302000e-02	-1.508276e+04	-6.829575e+03	8.609669e+04
1.344000e-02	-1.537608e+04	-7.160065e+03	8.605725e+04
1.386000e-02	-1.533465e+04	-7.110739e+03	8.605223e+04
1.428000e-02	-1.520851e+04	-6.966639e+03	8.605805e+04
1.470000e-02	-1.559976e+04	-7.409998e+03	8.600969e+04
1.512000e-02	-1.515780e+04	-6.912838e+03	8.605454e+04
1.554000e-02	-1.567231e+04	-7.491024e+03	8.598573e+04
1.596000e-02	-1.534354e+04	-7.113978e+03	8.601632e+04
1.638000e-02	-1.551219e+04	-7.303428e+03	8.598482e+04
1.680000e-02	-1.568387e+04	-7.502413e+03	8.595752e+04
1.722000e-02	-1.534239e+04	-7.118456e+03	8.599398e+04
1.764000e-02	-1.591717e+04	-7.763800e+03	8.590598e+04
1.806000e-02	-1.539010e+04	-7.161072e+03	8.596807e+04
1.848000e-02	-1.589859e+04	-7.736194e+03	8.588853e+04
1.890000e-02	-1.568925e+04	-7.502790e+03	8.591319e+04
1.932000e-02	-1.565998e+04	-7.470719e+03	8.590748e+04
1.974000e-02	-1.607828e+04	-7.941636e+03	8.583566e+04
2.016000e-02	-1.554347e+04	-7.331158e+03	8.590359e+04
2.058000e-02	-1.624018e+04	-8.122485e+03	8.578564e+04
2.100000e-02	-1.571296e+04	-7.523279e+03	8.586242e+04
2.142000e-02	-1.609257e+04	-7.953846e+03	8.578806e+04
2.184000e-02	-1.613035e+04	-7.994922e+03	8.577316e+04
2.226000e-02	-1.584222e+04	-7.666091e+03	8.580961e+04
2.268000e-02	-1.649497e+04	-8.407120e+03	8.568492e+04
2.310000e-02	-1.582164e+04	-7.638626e+03	8.579446e+04
2.352000e-02	-1.654805e+04	-8.465981e+03	8.564829e+04
2.394000e-02	-1.613349e+04	-7.991981e+03	8.571829e+04
2.436000e-02	-1.627927e+04	-8.158021e+03	8.567618e+04
2.478000e-02	-1.663277e+04	-8.559362e+03	8.559642e+04
2.520000e-02	-1.607738e+04	-7.922421e+03	8.569383e+04
2.562000e-02	-1.691206e+04	-8.876802e+03	8.551116e+04
2.604000e-02	-1.619242e+04	-8.051794e+03	8.565208e+04
2.646000e-02	-1.682353e+04	-8.773636e+03	8.550118e+04
2.688000e-02	-1.664680e+04	-8.568118e+03	8.553227e+04
2.730000e-02	-1.650200e+04	-8.400788e+03	8.554830e+04
2.772000e-02	-1.714821e+04	-9.140825e+03	8.538656e+04
2.814000e-02	-1.638618e+04	-8.263750e+03	8.555400e+04
2.856000e-02	-1.730685e+04	-9.321895e+03	8.531376e+04
2.898000e-02	-1.667509e+04	-8.593280e+03	8.546212e+04
2.940000e-02	-1.706134e+04	-9.037048e+03	8.534718e+04
2.982000e-02	-1.724260e+04	-9.241576e+03	8.529125e+04
3.024000e-02	-1.675999e+04	-8.682634e+03	8.540220e+04
3.066000e-02	-1.766057e+04	-9.722113e+03	8.514647e+04
3.108000e-02	-1.679525e+04	-8.722191e+03	8.537520e+04
3.150000e-02	-1.766902e+04	-9.731727e+03	8.510505e+04
3.192000e-02	-1.724525e+04	-9.234083e+03	8.522051e+04
3.234000e-02	-1.730872e+04	-9.306106e+03	8.518065e+04
3.276000e-02	-1.786170e+04	-9.949926e+03	8.500032e+04
3.318000e-02	-1.709380e+04	-9.058375e+03	8.522695e+04
3.360000e-02	-1.814842e+04	-1.028038e+04	8.487243e+04
3.402000e-02	-1.730906e+04	-9.295819e+03	8.513793e+04
3.444000e-02	-1.798152e+04	-1.007823e+04	8.489133e+04
3.486000e-02	-1.789899e+04	-9.983347e+03	8.491183e+04
3.528000e-02	-1.759492e+04	-9.628903e+03	8.499716e+04
3.570000e-02	-1.847106e+04	-1.064869e+04	8.467095e+04
3.612000e-02	-1.752375e+04	-9.535077e+03	8.500656e+04
3.654000e-02	-1.859743e+04	-1.079165e+04	8.457923e+04
3.696000e-02	-1.792577e+04	-1.000136e+04	8.483265e+04
3.738000e-02	-1.825205e+04	-1.038352e+04	8.467884e+04
3.780000e-02	-1.861733e+04	-1.080986e+04	8.452149e+04
3.822000e-02	-1.794127e+04	-1.001285e+04	8.478192e+04
3.864000e-02	-1.905063e+04	-1.131668e+04	8.429921e+04
3.906000e-02	-1.805271e+04	-1.013414e+04	8.472244e+04
3.948000e-02	-1.899099e+04	-1.124258e+04	8.428251e+04
3.990000e-02	-1.862512e+04	-1.080643e+04	8.444369e+04
4.032000e-02	-1.856160e+04	-1.073049e+04	8.444693e+04
4.074000e-02	-1.931981e+04	-1.162743e+04	8.407488e+04
4.116000e-02	-1.837434e+04	-1.050074e+04	8.451757e+04
4.158000e-02	-1.958399e+04	-1.193661e+04	8.389766e+04
4.200000e-02	-1.869460e+04	-1.087077e+04	8.434910e+04
4.242000e-02	-1.932353e+04	-1.162034e+04	8.399525e+04
4.284000e-02	-1.939850e+04	-1.170767e+04	8.394811e+04
4.326000e-02	-1.891584e+04	-1.112956e+04	8.418396e+04
4.368000e-02	-1.998676e+04	-1.240943e+04	8.357958e+04
4.410000e-02	-1.891179e+04	-1.111192e+04	8.418543e+04
4.452000e-02	-2.006157e+04	-1.249398e+04	8.348709e+04
4.494000e-02	-1.942347e+04	-1.172109e+04	8.386357e+04
4.536000e-02	-1.964011e+04	-1.198121e+04	8.370150e+04
4.578000e-02	-2.019488e+04	-1.264616e+04	8.335746e+04
4.620000e-02	-1.934943e+04	-1.161974e+04	8.388001e+04
4.662000e-02	-2.060510e+04	-1.313909e+04	8.304114e+04
4.704000e-02	-1.954952e+04	-1.185099e+04	8.373864e+04
4.746000e-02	-2.046984e+04	-1.297023e+04	8.308085e+04
4.788000e-02	-2.022546e+04	-1.266698e+04	8.326060e+04
4.830000e-02	-1.641764e+04	-1.005091e+04	7.283815e+04
4.872000e-02	-2.225620e+04	-1.440179e+04	8.652445e+04
4.914000e-02	-3.903214e+04	-2.474675e+04	1.405180e+05
4.956000e-02	5.859280e+03	4.002343e+03	8.541002e+03
4.998000e-02	-2.638082e+04	-1.705339e+04	8.423434e+04
5.040000e-02	7.739337e+03	9.599667e+03	3.464202e+04
5.082000e-02	4.018257e+04	3.268460e+04	-3.364833e+04
5.124000e-02	6.566781e+03	7.345643e+03	1.721150e+04
5.166000e-02	1.098228e+04	1.051946e+04	4.992790e+03
5.208000e-02	9.573695e+03	9.288984e+03	2.119262e+03
5.250000e-02	1.671540e+04	1.553804e+04	8.960719e+03
5.292000e-02	2.158309e+04	1.979287e+04	1.571828e+04
5.334000e-02	1.339450e+04	1.262716e+04	7.633615e+03
5.376000e-02	1.331639e+04	1.255776e+04	7.963671e+03
5.418000e-02	1.198358e+04	1.139005e+04	7.051197e+03
5.460000e-02	1.314413e+04	1.240828e+04	7.397262e+03
5.502000e-02	1.580862e+04	1.474368e+04	9.034306e+03
5.544000e-02	1.389560e+04	1.306517e+04	8.371412e+03
5.586000e-02	1.411967e+04	1.326134e+04	8.604630e+03
5.628000e-02	1.406777e+04	1.321538e+04	8.737615e+03
5.670000e-02	1.430541e+04	1.342549e+04	8.382918e+03
5.712000e-02	1.458819e+04	1.367561e+04	7.957615e+03
5.754000e-02	1.421900e+04	1.334916e+04	8.605521e+03
5.796000e-02	1.421478e+04	1.334550e+04	8.652009e+03
5.838000e-02	1.415970e+04	1.329686e+04	8.782061e+03
5.880000e-02	1.436833e+04	1.348164e+04	8.467435e+03
5.922000e-02	1.468588e+04	1.376274e+04	7.972967e+03
5.964000e-02	1.431034e+04	1.343036e+04	8.644887e+03
6.006000e-02	1.430458e+04	1.342536e+04	8.693946e+03
6.048000e-02	1.425084e+04	1.337788e+04	8.823597e+03
6.090000e-02	1.443260e+04	1.353872e+04	8.547546e+03
6.132000e-02	1.478056e+04	1.384631e+04	7.989166e+03
6.174000e-02	1.440147e+04	1.351067e+04	8.680912e+03
6.216000e-02	1.439300e+04	1.350307e+04	8.734829e+03
6.258000e-02	1.434053e+04	1.345653e+04	8.864255e+03
6.300000e-02	1.449693e+04	1.359498e+04	8.626072e+03
6.342000e-02	1.487128e+04	1.392666e+04	8.007822e+03
6.384000e-02	1.449191e+04	1.359083e+04	8.713366e+03
6.426000e-02	1.447969e+04	1.358013e+04	8.773729e+03
6.468000e-02	1.442861e+04	1.353504e+04	8.902163e+03
6.510000e-02	1.456133e+04	1.365296e+04	8.700280e+03
6.552000e-02	1.495825e+04	1.400488e+04	8.027991e+03
6.594000e-02	1.458201e+04	1.367094e+04	8.742588e+03
6.636000e-02	1.456523e+04	1.365605e+04	8.811764e+03
6.678000e-02	1.451586e+04	1.361222e+04	8.939327e+03
6.720000e-02	1.462662e+04	1.371057e+04	8.772702e+03
6.762000e-02	1.504167e+04	1.407904e+04	8.050927e+03
6.804000e-02	1.467136e+04	1.375026e+04	8.768466e+03
6.846000e-02	1.464891e+04	1.373036e+04	8.848193e+03
6.888000e-02	1.460114e+04	1.368799e+04	8.974205e+03
6.930000e-02	1.469148e+04	1.376833e+04	8.840992e+03
6.972000e-02	1.512117e+04	1.415013e+04	8.075312e+03
7.014000e-02	1.475979e+04	1.382906e+04	8.790668e+03
7.056000e-02	1.473086e+04	1.380344e+04	8.883163e+03
7.098000e-02	1.468490e+04	1.376269e+04	9.007503e+03
7.140000e-02	1.475664e+04	1.382659e+04	8.906428e+03
7.182000e-02	1.519780e+04	1.421880e+04	8.102738e+03
7.224000e-02	1.484785e+04	1.390747e+04	8.809779e+03
7.266000e-02	1.481167e+04	1.387529e+04	8.917149e+03
7.308000e-02	1.476766e+04	1.383616e+04	9.039466e+03
7.350000e-02	1.482229e+04	1.388488e+04	8.968794e+03
7.392000e-02	1.527085e+04	1.428434e+04	8.132758e+03
7.434000e-02	1.493516e+04	1.398527e+04	8.825656e+03
7.476000e-02	1.489087e+04	1.394584e+04	8.949992e+03
7.518000e-02	1.484887e+04	1.390845e+04	9.069936e+03
7.560000e-02	1.488781e+04	1.394333e+04	9.027836e+03
7.602000e-02	1.533985e+04	1.434689e+04	8.165017e+03
7.644000e-02	1.502107e+04	1.406238e+04	8.837763e+03
7.686000e-02	1.496786e+04	1.401499e+04	8.981084e+03
7.728000e-02	1.492785e+04	1.397939e+04	9.098192e+03
7.770000e-02	1.495268e+04	1.400173e+04	9.082799e+03
7.812000e-02	1.540580e+04	1.440656e+04	8.200154e+03
7.854000e-02	1.510643e+04	1.413890e+04	8.847089e+03
7.896000e-02	1.504384e+04	1.408298e+04	9.011869e+03
7.938000e-02	1.500620e+04	1.404935e+04	9.126194e+03
7.980000e-02	1.501861e+04	1.406050e+04	9.135939e+03
8.022000e-02	1.546913e+04	1.446352e+04	8.239206e+03
8.064000e-02	1.519086e+04	1.421452e+04	8.853073e+03
8.106000e-02	1.511795e+04	1.414932e+04	9.040927e+03
8.148000e-02	1.508242e+04	1.411756e+04	9.151537e+03
8.190000e-02	1.508348e+04	1.411864e+04	9.183800e+03
8.232000e-02	1.552836e+04	1.451755e+04	8.279606e+03
8.274000e-02	1.527374e+04	1.428934e+04	8.855857e+03
8.316000e-02	1.519001e+04	1.421440e+04	9.069533e+03
8.358000e-02	1.515678e+04	1.418473e+04	9.176787e+03
8.400000e-02	1.514806e+04	1.417711e+04	9.230212e+03
8.442000e-02	1.558505e+04	1.456955e+04	8.324659e+03
8.484000e-02	1.535616e+04	1.436361e+04	8.855679e+03
8.526000e-02	1.526122e+04	1.427824e+04	9.096779e+03
8.568000e-02	1.523058e+04	1.425062e+04	9.199726e+03
8.610000e-02	1.521357e+04	1.423532e+04	9.271575e+03
8.652000e-02	1.563909e+04	1.461849e+04	8.371504e+03
8.694000e-02	1.543712e+04	1.443700e+04	8.852145e+03
8.736000e-02	1.533008e+04	1.434086e+04	9.123113e+03
8.778000e-02	1.530160e+04	1.431546e+04	9.221839e+03
8.820000e-02	1.527713e+04	1.429372e+04	9.310392e+03
8.862000e-02	1.568881e+04	1.466482e+04	8.423016e+03
8.904000e-02	1.551666e+04	1.450915e+04	8.846190e+03
8.946000e-02	1.539757e+04	1.440167e+04	9.148745e+03
8.988000e-02	1.537184e+04	1.437835e+04	9.242670e+03
9.030000e-02	1.534173e+04	1.435112e+04	9.345376e+03
9.072000e-02	1.573712e+04	1.470854e+04	8.477123e+03
9.114000e-02	1.559523e+04	1.458045e+04	8.837632e+03
9.156000e-02	1.546326e+04	1.446128e+04	9.174149e+03
9.198000e-02	1.543989e+04	1.444029e+04	9.263279e+03
9.240000e-02	1.540486e+04	1.440880e+04	9.378193e+03
9.282000e-02	1.578170e+04	1.475046e+04	8.534782e+03
9.324000e-02	1.567224e+04	1.465121e+04	8.825639e+03
9.366000e-02	1.552721e+04	1.451988e+04	9.197775e+03
9.408000e-02	1.550649e+04	1.450122e+04	9.281242e+03
9.450000e-02	1.546794e+04	1.446642e+04	9.405553e+03
9.492000e-02	1.582404e+04	1.478950e+04	8.594458e+03
9.534000e-02	1.574807e+04	1.472034e+04	8.811140e+03
9.576000e-02	1.558966e+04	1.457656e+04	9.221400e+03
9.618000e-02	1.557155e+04	1.456009e+04	9.299636e+03
9.660000e-02	1.553052e+04	1.452284e+04	9.431754e+03
9.702000e-02	1.586382e+04	1.482593e+04	8.660027e+03
9.744000e-02	1.582232e+04	1.478830e+04	8.794994e+03
9.786000e-02	1.565006e+04	1.463176e+04	9.244382e+03
9.828000e-02	1.563444e+04	1.461768e+04	9.316418e+03
9.870000e-02	1.559182e+04	1.457906e+04	9.453244e+03
9.912000e-02	1.590066e+04	1.486101e+04	8.726681e+03
9.954000e-02	1.589534e+04	1.485597e+04	8.775575e+03
9.996000e-02	1.570922e+04	1.468614e+04	9.266598e+03
1.003800e-01	1.569643e+04	1.467450e+04	9.332572e+03
1.008000e-01	1.565351e+04	1.463537e+04	9.472262e+03
1.012200e-01	1.593577e+04	1.489383e+04	8.797710e+03
1.016400e-01	1.596688e+04	1.492221e+04	8.754284e+03
1.020600e-01	1.576664e+04	1.473891e+04	9.288401e+03
1.024800e-01	1.575640e+04	1.472958e+04	9.347853e+03
1.029000e-01	1.571382e+04	1.469065e+04	9.487899e+03
1.033200e-01	1.596768e+04	1.492375e+04	8.871766e+03
1.037400e-01	1.603610e+04	1.498665e+04	8.731197e+03
1.041600e-01	1.582190e+04	1.479020e+04	9.309585e+03
1.045800e-01	1.581423e+04	1.478332e+04	9.362318e+03
1.050000e-01	1.577235e+04	1.474505e+04	9.501950e+03
1.054200e-01	1.599934e+04	1.495388e+04	8.944414e+03
1.058400e-01	1.610279e+04	1.504877e+04	8.710285e+03
1.062600e-01	1.587630e+04	1.484047e+04	9.329495e+03
1.066800e-01	1.587071e+04	1.483533e+04	9.377133e+03
1.071000e-01	1.582965e+04	1.479756e+04	9.516392e+03
1.075200e-01	1.603141e+04	1.498370e+04	9.014923e+03
1.079400e-01	1.616618e+04	1.510798e+04	8.692643e+03
1.083600e-01	1.593021e+04	1.489038e+04	9.346381e+03
1.087800e-01	1.592585e+04	1.488643e+04	9.390454e+03
1.092000e-01	1.588571e+04	1.484948e+04	9.528548e+03
1.096200e-01	1.606337e+04	1.501426e+04	9.080969e+03
1.100400e-01	1.622507e+04	1.516405e+04	8.678426e+03
1.104600e-01	1.598232e+04	1.493922e+04	9.361028e+03
1.108800e-01	1.597808e+04	1.493540e+04	9.404031e+03
1.113000e-01	1.593867e+04	1.489900e+04	9.541143e+03
1.117200e-01	1.609426e+04	1.504371e+04	9.145981e+03
1.121400e-01	1.628069e+04	1.521688e+04	8.669625e+03
1.125600e-01	1.603375e+04	1.498753e+04	9.373770e+03
1.129800e-01	1.602933e+04	1.498353e+04	9.417388e+03
1.134000e-01	1.599117e+04	1.494818e+04	9.552733e+03
1.138200e-01	1.612664e+04	1.507437e+04	9.206933e+03
1.142400e-01	1.633395e+04	1.526719e+04	8.664221e+03
1.146600e-01	1.608447e+04	1.503498e+04	9.384690e+03
1.150800e-01	1.607888e+04	1.502980e+04	9.431189e+03
1.155000e-01	1.604168e+04	1.499520e+04	9.564868e+03
1.159200e-01	1.615787e+04	1.510393e+04	9.265825e+03
1.163400e-01	1.638280e+04	1.531412e+04	8.662347e+03
1.167600e-01	1.613371e+04	1.508137e+04	9.393137e+03
1.171800e-01	1.612631e+04	1.507454e+04	9.444091e+03
1.176000e-01	1.609027e+04	1.504094e+04	9.575458e+03
1.180200e-01	1.618880e+04	1.513372e+04	9.320739e+03
1.184400e-01	1.642836e+04	1.535874e+04	8.664354e+03
1.188600e-01	1.618193e+04	1.512736e+04	9.399424e+03
1.192800e-01	1.617225e+04	1.511840e+04	9.456969e+03
1.197000e-01	1.613757e+04	1.508596e+04	9.585942e+03
1.201200e-01	1.622008e+04	1.516390e+04	9.373516e+03
1.205400e-01	1.647121e+04	1.540041e+04	8.671894e+03
1.209600e-01	1.622879e+04	1.517198e+04	9.404701e+03
1.213800e-01	1.621602e+04	1.515999e+04	9.470782e+03
1.218000e-01	1.618246e+04	1.512841e+04	9.597083e+03
1.222200e-01	1.625020e+04	1.519259e+04	9.424016e+03
1.226400e-01	1.651097e+04	1.543913e+04	8.683095e+03
1.230600e-01	1.627454e+04	1.521571e+04	9.407989e+03
1.234800e-01	1.625837e+04	1.520052e+04	9.484110e+03
1.239000e-01	1.622622e+04	1.517023e+04	9.607198e+03
1.243200e-01	1.628065e+04	1.522214e+04	9.470549e+03
1.247400e-01	1.654822e+04	1.547624e+04	8.697252e+03
1.251600e-01	1.631934e+04	1.525904e+04	9.409349e+03
1.255800e-01	1.629918e+04	1.524006e+04	9.497505e+03
1.260000e-01	1.626839e+04	1.521097e+04	9.617426e+03
1.264200e-01	1.631054e+04	1.525137e+04	9.515139e+03
1.268400e-01	1.658205e+04	1.550997e+04	8.716901e+03
1.272600e-01	1.636257e+04	1.530074e+04	9.409580e+03
1.276800e-01	1.633794e+04	1.527729e+04	9.511314e+03
1.281000e-01	1.630850e+04	1.524925e+04	9.627590e+03
1.285200e-01	1.633957e+04	1.527913e+04	9.556834e+03
1.289400e-01	1.661295e+04	1.554089e+04	8.740758e+03
1.293600e-01	1.640456e+04	1.534168e+04	9.408728e+03
1.297800e-01	1.637520e+04	1.531377e+04	9.525679e+03
1.302000e-01	1.634731e+04	1.528728e+04	9.638144e+03
1.306200e-01	1.636864e+04	1.530814e+04	9.596209e+03
1.310400e-01	1.664163e+04	1.557069e+04	8.768261e+03
1.314600e-01	1.644522e+04	1.538155e+04	9.406563e+03
1.318800e-01	1.641060e+04	1.534828e+04	9.540197e+03
1.323000e-01	1.638410e+04	1.532277e+04	9.648559e+03
1.327200e-01	1.639660e+04	1.533501e+04	9.632736e+03
1.331400e-01	1.666739e+04	1.559708e+04	8.799275e+03
1.335600e-01	1.648445e+04	1.542045e+04	9.403394e+03
1.339800e-01	1.644435e+04	1.538191e+04	9.555334e+03
1.344000e-01	1.641938e+04	1.535801e+04	9.659565e+03
1.348200e-01	1.642425e+04	1.536306e+04	9.667496e+03
1.352400e-01	1.669118e+04	1.562211e+04	8.834750e+03
1.356600e-01	1.652232e+04	1.545829e+04	9.398940e+03
1.360800e-01	1.647630e+04	1.541378e+04	9.570148e+03
1.365000e-01	1.645272e+04	1.539102e+04	9.669613e+03
1.369200e-01	1.645076e+04	1.538933e+04	9.698396e+03
1.373400e-01	1.671232e+04	1.564388e+04	8.873839e+03
1.377600e-01	1.655922e+04	1.549482e+04	9.394286e+03
1.381800e-01	1.650732e+04	1.544436e+04	9.586421e+03
1.386000e-01	1.648549e+04	1.542315e+04	9.681502e+03
1.390200e-01	1.647790e+04	1.541597e+04	9.729093e+03
1.394400e-01	1.673130e+04	1.566457e+04	8.918037e+03
1.398600e-01	1.659416e+04	1.553023e+04	9.389256e+03
1.402800e-01	1.653578e+04	1.547317e+04	9.602905e+03
1.407000e-01	1.651517e+04	1.545313e+04	9.692809e+03
1.411200e-01	1.650236e+04	1.544087e+04	9.756022e+03
1.415400e-01	1.674685e+04	1.568253e+04	8.963684e+03
1.419600e-01	1.662765e+04	1.556502e+04	9.383389e+03
1.423800e-01	1.656316e+04	1.550161e+04	9.620210e+03
1.428000e-01	1.654442e+04	1.548336e+04	9.705374e+03
1.432200e-01	1.652790e+04	1.546734e+04	9.782431e+03
1.436400e-01	1.676217e+04	1.569950e+04	9.014272e+03
1.440600e-01	1.665990e+04	1.559798e+04	9.377095e+03
1.444800e-01	1.658848e+04	1.552726e+04	9.637384e+03
1.449000e-01	1.657092e+04	1.550986e+04	9.717014e+03
1.453200e-01	1.655075e+04	1.548992e+04	9.804893e+03
1.457400e-01	1.677396e+04	1.571235e+04	9.067285e+03
1.461600e-01	1.669070e+04	1.563006e+04	9.371258e+03
1.465800e-01	1.661276e+04	1.555288e+04	9.656331e+03
1.470000e-01	1.659703e+04	1.553760e+04	9.731079e+03
1.474200e-01	1.657456e+04	1.551567e+04	9.828200e+03
1.478400e-01	1.678497e+04	1.572655e+04	9.125521e+03
1.482600e-01	1.672011e+04	1.566118e+04	9.365569e+03
1.486800e-01	1.663522e+04	1.557616e+04	9.675212e+03
1.491000e-01	1.662078e+04	1.556167e+04	9.744036e+03
1.495200e-01	1.659622e+04	1.553704e+04	9.847184e+03
1.499400e-01	1.679267e+04	1.573540e+04	9.183908e+03
1.503600e-01	1.674751e+04	1.569045e+04	9.359778e+03
1.507800e-01	1.665599e+04	1.559858e+04	9.695636e+03
1.512000e-01	1.664317e+04	1.558605e+04	9.759484e+03
1.516200e-01	1.661750e+04	1.556058e+04	9.867610e+03
1.520400e-01	1.679944e+04	1.574552e+04	9.247885e+03
1.524600e-01	1.677372e+04	1.571924e+04	9.354671e+03
1.528800e-01	1.667531e+04	1.561952e+04	9.716189e+03
1.533000e-01	1.666394e+04	1.560810e+04	9.773987e+03
1.537200e-01	1.663758e+04	1.558146e+04	9.883974e+03
1.541400e-01	1.680428e+04	1.575176e+04	9.312099e+03
1.545600e-01	1.679835e+04	1.574614e+04	9.349600e+03
1.549800e-01	1.669300e+04	1.563905e+04	9.737587e+03
1.554000e-01	1.668307e+04	1.562925e+04	9.789994e+03
1.558200e-01	1.665656e+04	1.560256e+04	9.900597e+03
1.562400e-01	1.680734e+04	1.575763e+04	9.380775e+03
1.566600e-01	1.682151e+04	1.577216e+04	9.346595e+03
1.570800e-01	1.670933e+04	1.565725e+04	9.760830e+03
1.575000e-01	1.670089e+04	1.564877e+04	9.807687e+03
1.579200e-01	1.667482e+04	1.562219e+04	9.916900e+03
1.583400e-01	1.680900e+04	1.576137e+04	9.451269e+03
1.587600e-01	1.684306e+04	1.579691e+04	9.343570e+03
1.591800e-01	1.672414e+04	1.567422e+04	9.783687e+03
1.596000e-01	1.671707e+04	1.566723e+04	9.824519e+03
1.600200e-01	1.669149e+04	1.564108e+04	9.931324e+03
1.604400e-01	1.680956e+04	1.576476e+04	9.518634e+03
1.608600e-01	1.686191e+04	1.581959e+04	9.344525e+03
1.612800e-01	1.673776e+04	1.569035e+04	9.807260e+03
1.617000e-01	1.673179e+04	1.568444e+04	9.844207e+03
1.621200e-01	1.670685e+04	1.565873e+04	9.949388e+03
1.625400e-01	1.681029e+04	1.576777e+04	9.586983e+03
1.629600e-01	1.687814e+04	1.583947e+04	9.351912e+03
1.633800e-01	1.674980e+04	1.570523e+04	9.830005e+03
1.638000e-01	1.674418e+04	1.569978e+04	9.863703e+03
1.642200e-01	1.671962e+04	1.567444e+04	9.965888e+03
1.646400e-01	1.680976e+04	1.577009e+04	9.649743e+03
1.650600e-01	1.689229e+04	1.585716e+04	9.363235e+03
1.654800e-01	1.676159e+04	1.571935e+04	9.852559e+03
1.659000e-01	1.675648e+04	1.571413e+04	9.885361e+03
1.663200e-01	1.673288e+04	1.568939e+04	9.985300e+03
1.667400e-01	1.681065e+04	1.577270e+04	9.712610e+03
1.671600e-01	1.690393e+04	1.587296e+04	9.380464e+03
1.675800e-01	1.677163e+04	1.573281e+04	9.875369e+03
1.680000e-01	1.676585e+04	1.572733e+04	9.908301e+03
1.684200e-01	1.674247e+04	1.570312e+04	1.000534e+04
1.688400e-01	1.680852e+04	1.577475e+04	9.772361e+03
1.692600e-01	1.691233e+04	1.588595e+04	9.401354e+03
1.696800e-01	1.678070e+04	1.574474e+04	9.897217e+03
1.701000e-01	1.677462e+04	1.573840e+04	9.931472e+03
1.705200e-01	1.675230e+04	1.571458e+04	1.002537e+04
1.709400e-01	1.680814e+04	1.577550e+04	9.829429e+03
1.713600e-01	1.691941e+04	1.589690e+04	9.427405e+03
1.717800e-01	1.678889e+04	1.575631e+04	9.919615e+03
1.722000e-01	1.678175e+04	1.574923e+04	9.956835e+03
1.726200e-01	1.675999e+04	1.572635e+04	1.004782e+04
1.730400e-01	1.680610e+04	1.577763e+04	9.886221e+03
1.734600e-01	1.692329e+04	1.590620e+04	9.459136e+03
1.738800e-01	1.679511e+04	1.576651e+04	9.942669e+03
1.743000e-01	1.678657e+04	1.575772e+04	9.983650e+03
1.747200e-01	1.676540e+04	1.573510e+04	1.007120e+04
1.751400e-01	1.680298e+04	1.577705e+04	9.940272e+03
1.755600e-01	1.692565e+04	1.591240e+04	9.493713e+03
1.759800e-01	1.680085e+04	1.577572e+04	9.965429e+03
1.764000e-01	1.679107e+04	1.576548e+04	1.001113e+04
1.768200e-01	1.677092e+04	1.574383e+04	1.009520e+04
1.772400e-01	1.680098e+04	1.577789e+04	9.992271e+03
1.776600e-01	1.692653e+04	1.591788e+04	9.532493e+03
1.780800e-01	1.680523e+04	1.578396e+04	9.989034e+03
1.785000e-01	1.679345e+04	1.577154e+04	1.004062e+04
1.789200e-01	1.677372e+04	1.575029e+04	1.012143e+04
1.793400e-01	1.679638e+04	1.577674e+04	1.004409e+04
1.797600e-01	1.692395e+04	1.592087e+04	9.576170e+03
1.801800e-01	1.680834e+04	1.579131e+04	1.001306e+04
1.806000e-01	1.679485e+04	1.577676e+04	1.007081e+04
1.810200e-01	1.677619e+04	1.575637e+04	1.014769e+04
1.814400e-01	1.679280e+04	1.577612e+04	1.009276e+04
1.818600e-01	1.692032e+04	1.592221e+04	9.622672e+03
1.822800e-01	1.680993e+04	1.579778e+04	1.003810e+04
1.827000e-01	1.679405e+04	1.578070e+04	1.010316e+04
1.831200e-01	1.677585e+04	1.576099e+04	1.017669e+04
1.835400e-01	1.678671e+04	1.577449e+04	1.014212e+04
1.839600e-01	1.691447e+04	1.592103e+04	9.673597e+03
1.843800e-01	1.681065e+04	1.580265e+04	1.006396e+04
1.848000e-01	1.679276e+04	1.578276e+04	1.013632e+04
1.852200e-01	1.677564e+04	1.576368e+04	1.020585e+04
1.856400e-01	1.678186e+04	1.577165e+04	1.018864e+04
1.860600e-01	1.690762e+04	1.591829e+04	9.726652e+03
1.864800e-01	1.680997e+04	1.580682e+04	1.009065e+04
1.869000e-01	1.678942e+04	1.578419e+04	1.017106e+04
1.873200e-01	1.677273e+04	1.576605e+04	1.023704e+04
1.877400e-01	1.677432e+04	1.576933e+04	1.023536e+04
1.881600e-01	1.689768e+04	1.591448e+04	9.784000e+03
1.885800e-01	1.680801e+04	1.580995e+04	1.011879e+04
1.890000e-01	1.678524e+04	1.578408e+04	1.020723e+04
1.894200e-01	1.676963e+04	1.576652e+04	1.026933e+04
1.898400e-01	1.676778e+04	1.576530e+04	1.028060e+04
1.902600e-01	1.688724e+04	1.590801e+04	9.843499e+03
1.906800e-01	1.680456e+04	1.581154e+04	1.014832e+04
1.911000e-01	1.677894e+04	1.578241e+04	1.024515e+04
1.915200e-01	1.676373e+04	1.576562e+04	1.030364e+04
1.919400e-01	1.675838e+04	1.576070e+04	1.032604e+04
1.923600e-01	1.687419e+04	1.590073e+04	9.905782e+03
1.927800e-01	1.680019e+04	1.581255e+04	1.017877e+04
1.932000e-01	1.677230e+04	1.578005e+04	1.028363e+04
1.936200e-01	1.675825e+04	1.576409e+04	1.033813e+04
1.940400e-01	1.675059e+04	1.575595e+04	1.036937e+04
1.944600e-01	1.686089e+04	1.589176e+04	9.970016e+03
1.948800e-01	1.679416e+04	1.581260e+04	1.021111e+04
1.953000e-01	1.676324e+04	1.577663e+04	1.032428e+04
1.957200e-01	1.674943e+04	1.576148e+04	1.037539e+04
1.961400e-01	1.673905e+04	1.575056e+04	1.041415e+04
1.965600e-01	1.684429e+04	1.588059e+04	1.003773e+04
1.969800e-01	1.678695e+04	1.581054e+04	1.024553e+04
1.974000e-01	1.675379e+04	1.577078e+04	1.036639e+04
1.978200e-01	1.674118e+04	1.575610e+04	1.041372e+04
1.982400e-01	1.672947e+04	1.574263e+04	1.045785e+04
1.986600e-01	1.682840e+04	1.586760e+04	1.010584e+04
1.990800e-01	1.677856e+04	1.580818e+04	1.028077e+04
1.995000e-01	1.674242e+04	1.576515e+04	1.040903e+04
1.999200e-01	1.673007e+04	1.575177e+04	1.045269e+04
2.003400e-01	1.671649e+04	1.573693e+04	1.050073e+04
2.007600e-01	1.680888e+04	1.585534e+04	1.017587e+04
2.011800e-01	1.676856e+04	1.580462e+04	1.031868e+04
2.016000e-01	1.673023e+04	1.575725e+04	1.045415e+04
2.020200e-01	1.671896e+04	1.574403e+04	1.049470e+04
2.024400e-01	1.670471e+04	1.572708e+04	1.054569e+04
2.028600e-01	1.678980e+04	1.583850e+04	1.024873e+04
2.032800e-01	1.675726e+04	1.579934e+04	1.035857e+04
2.037000e-01	1.671619e+04	1.574863e+04	1.049999e+04
2.041200e-01	1.670523e+04	1.573665e+04	1.053683e+04
2.045400e-01	1.668990e+04	1.571910e+04	1.058874e+04
2.049600e-01	1.676798e+04	1.582313e+04	1.032048e+04
2.053800e-01	1.674451e+04	1.579371e+04	1.039985e+04
2.058000e-01	1.670121e+04	1.573888e+04	1.054713e+04
2.062200e-01	1.669112e+04	1.572738e+04	1.058098e+04
2.066400e-01	1.667560e+04	1.570878e+04	1.063337e+04
2.070600e-01	1.674640e+04	1.580443e+04	1.039515e+04
2.074800e-01	1.673089e+04	1.578615e+04	1.044426e+04
2.079000e-01	1.668509e+04	1.572768e+04	1.059600e+04
2.083200e-01	1.667549e+04	1.571704e+04	1.062671e+04
2.087400e-01	1.665964e+04	1.569814e+04	1.067821e+04
2.091600e-01	1.672269e+04	1.578526e+04	1.046987e+04
2.095800e-01	1.671540e+04	1.577759e+04	1.049079e+04
2.100000e-01	1.666736e+04	1.571522e+04	1.064615e+04
2.104200e-01	1.665830e+04	1.570523e+04	1.067398e+04
2.108400e-01	1.664246e+04	1.568612e+04	1.072385e+04
2.112600e-01	1.669774e+04	1.576448e+04	1.054473e+04
2.116800e-01	1.669884e+04	1.576812e+04	1.053941e+04
2.121000e-01	1.664906e+04	1.570212e+04	1.069765e+04
2.125200e-01	1.664078e+04	1.569305e+04	1.072280e+04
2.129400e-01	1.662546e+04	1.567428e+04	1.077046e+04
2.133600e-01	1.667267e+04	1.574325e+04	1.062008e+04
2.137800e-01	1.668052e+04	1.575701e+04	1.059042e+04
2.142000e-01	1.662865e+04	1.568697e+04	1.075004e+04
2.146200e-01	1.662051e+04	1.567824e+04	1.077254e+04
2.150400e-01	1.660511e+04	1.565932e+04	1.081762e+04
2.154600e-01	1.664496e+04	1.571958e+04	1.069398e+04
2.158800e-01	1.666042e+04	1.574434e+04	1.064531e+04
2.163000e-01	1.660783e+04	1.567165e+04	1.080382e+04
2.167200e-01	1.660047e+04	1.566386e+04	1.082458e+04
2.171400e-01	1.658586e+04	1.564564e+04	1.086734e+04
2.175600e-01	1.661932e+04	1.569796e+04	1.076767e+04
2.179800e-01	1.663916e+04	1.573044e+04	1.070420e+04
2.184000e-01	1.658546e+04	1.565505e+04	1.085815e+04
2.188200e-01	1.657782e+04	1.564712e+04	1.087741e+04
2.192400e-01	1.656305e+04	1.562874e+04	1.091733e+04
2.196600e-01	1.659032e+04	1.567301e+04	1.083854e+04
2.200800e-01	1.661547e+04	1.571352e+04	1.076618e+04
2.205000e-01	1.656246e+04	1.563750e+04	1.091403e+04
2.209200e-01	1.655521e+04	1.562987e+04	1.093288e+04
2.213400e-01	1.654123e+04	1.561215e+04	1.097062e+04
2.217600e-01	1.656331e+04	1.564962e+04	1.091017e+04
2.221800e-01	1.659079e+04	1.569563e+04	1.083143e+04
2.226000e-01	1.653795e+04	1.561876e+04	1.097046e+04
2.230200e-01	1.653015e+04	1.561066e+04	1.098865e+04
2.234400e-01	1.651607e+04	1.559296e+04	1.102350e+04
2.238600e-01	1.653306e+04	1.562405e+04	1.097870e+04
2.242800e-01	1.656384e+04	1.567589e+04	1.089886e+04
2.247000e-01	1.651284e+04	1.559926e+04	1.102805e+04
2.251200e-01	1.650517e+04	1.559096e+04	1.104645e+04
2.255400e-01	1.649191e+04	1.557381e+04	1.107907e+04
2.259600e-01	1.650474e+04	1.559929e+04	1.104832e+04
2.263800e-01	1.653590e+04	1.565503e+04	1.097020e+04
2.268000e-01	1.648619e+04	1.557876e+04	1.108713e+04
2.272200e-01	1.647776e+04	1.556972e+04	1.110556e+04
2.276400e-01	1.646442e+04	1.555269e+04	1.113551e+04
2.280600e-01	1.647309e+04	1.557262e+04	1.111626e+04
2.284800e-01	1.650554e+04	1.563178e+04	1.104337e+04
2.289000e-01	1.645856e+04	1.555739e+04	1.114737e+04
2.293200e-01	1.644999e+04	1.554780e+04	1.116603e+04
2.297400e-01	1.643738e+04	1.553137e+04	1.119354e+04
2.301600e-01	1.644298e+04	1.554649e+04	1.118396e+04
2.305800e-01	1.647484e+04	1.560711e+04	1.111886e+04
2.310000e-01	1.642984e+04	1.553456e+04	1.120920e+04
2.314200e-01	1.642056e+04	1.552386e+04	1.122805e+04
2.318400e-01	1.640803e+04	1.550755e+04	1.125320e+04
2.322600e-01	1.641048e+04	1.551819e+04	1.125148e+04
2.326800e-01	1.644192e+04	1.558072e+04	1.119639e+04
2.331000e-01	1.639985e+04	1.551088e+04	1.127250e+04
2.335200e-01	1.639014e+04	1.549940e+04	1.129131e+04
2.339400e-01	1.637810e+04	1.548368e+04	1.131411e+04
2.343600e-01	1.637815e+04	1.549069e+04	1.131844e+04
2.347800e-01	1.640827e+04	1.555381e+04	1.127527e+04
2.352000e-01	1.636888e+04	1.548637e+04	1.133739e+04
2.356200e-01	1.635859e+04	1.547369e+04	1.135599e+04
2.360400e-01	1.634681e+04	1.545819e+04	1.137663e+04
2.364600e-01	1.634457e+04	1.546148e+04	1.138559e+04
2.368800e-01	1.637287e+04	1.552435e+04	1.135559e+04
2.373000e-01	1.633689e+04	1.546057e+04	1.140392e+04
2.377200e-01	1.632619e+04	1.544678e+04	1.142192e+04
2.381400e-01	1.631489e+04	1.543177e+04	1.144046e+04
2.385600e-01	1.631079e+04	1.543200e+04	1.145268e+04
2.389800e-01	1.633593e+04	1.549366e+04	1.143707e+04
2.394000e-01	1.630326e+04	1.543359e+04	1.147178e+04
2.398200e-01	1.629196e+04	1.541855e+04	1.148859e+04
2.402400e-01	1.628083e+04	1.540388e+04	1.150500e+04
2.406600e-01	1.627513e+04	1.540141e+04	1.151925e+04
2.410800e-01	1.629779e+04	1.546181e+04	1.151974e+04
2.415000e-01	1.626837e+04	1.540557e+04	1.154198e+04
2.419200e-01	1.625668e+04	1.538929e+04	1.155736e+04
2.423400e-01	1.624592e+04	1.537502e+04	1.157215e+04
2.427600e-01	1.623915e+04	1.537024e+04	1.158760e+04
2.431800e-01	1.625954e+04	1.542887e+04	1.160370e+04
2.436000e-01	1.623306e+04	1.537662e+04	1.161376e+04
2.440200e-01	1.622110e+04	1.535904e+04	1.162659e+04
2.444400e-01	1.621073e+04	1.534516e+04	1.163934e+04
2.448600e-01	1.620304e+04	1.533831e+04	1.165452e+04
2.452800e-01	1.621975e+04	1.539430e+04	1.168675e+04
2.457000e-01	1.619592e+04	1.534648e+04	1.168732e+04
2.461200e-01	1.618345e+04	1.532765e+04	1.169740e+04
2.465400e-01	1.617305e+04	1.531416e+04	1.170888e+04
2.469600e-01	1.616432e+04	1.530559e+04	1.172362e+04
2.473800e-01	1.617778e+04	1.535822e+04	1.177151e+04
2.478000e-01	1.615778e+04	1.531502e+04	1.176296e+04
2.482200e-01	1.614555e+04	1.529496e+04	1.176905e+04
2.486400e-01	1.613581e+04	1.528184e+04	1.177890e+04
2.490600e-01	1.612694e+04	1.527186e+04	1.179206e+04
2.494800e-01	1.613626e+04	1.532119e+04	1.185539e+04
2.499000e-01	1.611852e+04	1.528235e+04	1.184038e+04
2.503200e-01	1.610613e+04	1.526101e+04	1.184185e+04
2.507400e-01	1.609635e+04	1.524820e+04	1.185059e+04
2.511600e-01	1.608688e+04	1.523703e+04	1.186198e+04
2.515800e-01	1.609230e+04	1.528307e+04	1.194004e+04
2.520000e-01	1.607725e+04	1.524903e+04	1.192000e+04
2.524200e-01	1.606505e+04	1.522669e+04	1.191565e+04
2.528400e-01	1.605545e+04	1.521443e+04	1.192323e+04
2.532600e-01	1.604584e+04	1.520252e+04	1.193220e+04
2.536800e-01	1.604849e+04	1.524387e+04	1.202381e+04
2.541000e-01	1.603585e+04	1.521404e+04	1.200183e+04
2.545200e-01	1.602418e+04	1.519052e+04	1.199093e+04
2.549400e-01	1.601505e+04	1.517836e+04	1.199785e+04
2.553600e-01	1.600566e+04	1.516554e+04	1.200444e+04
2.557800e-01	1.600446e+04	1.520253e+04	1.210753e+04
2.562000e-01	1.599284e+04	1.517745e+04	1.208521e+04
2.566200e-01	1.598140e+04	1.515310e+04	1.206631e+04
2.570400e-01	1.597201e+04	1.514135e+04	1.207226e+04
2.574600e-01	1.596229e+04	1.512818e+04	1.207584e+04
2.578800e-01	1.595723e+04	1.516168e+04	1.218946e+04
2.583000e-01	1.594791e+04	1.514075e+04	1.217090e+04
2.587200e-01	1.593770e+04	1.511543e+04	1.214342e+04
2.591400e-01	1.592873e+04	1.510409e+04	1.214931e+04
2.595600e-01	1.591954e+04	1.509067e+04	1.215056e+04
2.599800e-01	1.591158e+04	1.511934e+04	1.227278e+04
2.604000e-01	1.590251e+04	1.510246e+04	1.225896e+04
2.608200e-01	1.589308e+04	1.507650e+04	1.222079e+04
2.612400e-01	1.588399e+04	1.506539e+04	1.222599e+04
2.616600e-01	1.587480e+04	1.505179e+04	1.222412e+04
2.620800e-01	1.586383e+04	1.507507e+04	1.235272e+04
2.625000e-01	1.585565e+04	1.506183e+04	1.234889e+04
2.629200e-01	1.584779e+04	1.503547e+04	1.229971e+04
2.633400e-01	1.583896e+04	1.502443e+04	1.230535e+04
2.637600e-01	1.583029e+04	1.501070e+04	1.230147e+04
2.641800e-01	1.581613e+04	1.503007e+04	1.243387e+04
2.646000e-01	1.580699e+04	1.502105e+04	1.244119e+04
2.650200e-01	1.580064e+04	1.499460e+04	1.237891e+04
2.654400e-01	1.579148e+04	1.498420e+04	1.238434e+04
2.658600e-01	1.578278e+04	1.497099e+04	1.237787e+04
2.662800e-01	1.576654e+04	1.498619e+04	1.251141e+04
2.667000e-01	1.575721e+04	1.497925e+04	1.253510e+04
2.671200e-01	1.575304e+04	1.495204e+04	1.245914e+04
2.675400e-01	1.574415e+04	1.494138e+04	1.246532e+04
2.679600e-01	1.573606e+04	1.492786e+04	1.245741e+04
2.683800e-01	1.571847e+04	1.493829e+04	1.258979e+04
2.688000e-01	1.570708e+04	1.493506e+04	1.263185e+04
2.692200e-01	1.570473e+04	1.490870e+04	1.254011e+04
2.696400e-01	1.569559e+04	1.489863e+04	1.254671e+04
2.700600e-01	1.568757e+04	1.488584e+04	1.253689e+04
2.704800e-01	1.566808e+04	1.489241e+04	1.266613e+04
2.709000e-01	1.565448e+04	1.489014e+04	1.272957e+04
2.713200e-01	1.565494e+04	1.486405e+04	1.262208e+04
2.717400e-01	1.564568e+04	1.485373e+04	1.262935e+04
2.721600e-01	1.563798e+04	1.484083e+04	1.261807e+04
2.725800e-01	1.561728e+04	1.484383e+04	1.274293e+04
2.730000e-01	1.560090e+04	1.484335e+04	1.282847e+04
2.734200e-01	1.560439e+04	1.481851e+04	1.270572e+04
2.738400e-01	1.559512e+04	1.480843e+04	1.271336e+04
2.742600e-01	1.558783e+04	1.479605e+04	1.270073e+04
2.746800e-01	1.556654e+04	1.479618e+04	1.281979e+04
2.751000e-01	1.554656e+04	1.479581e+04	1.292732e+04
2.755200e-01	1.555264e+04	1.477215e+04	1.278977e+04
2.759400e-01	1.554316e+04	1.476193e+04	1.279703e+04
2.763600e-01	1.553596e+04	1.474969e+04	1.278282e+04
2.767800e-01	1.551423e+04	1.474702e+04	1.289554e+04
2.772000e-01	1.549089e+04	1.474628e+04	1.302679e+04
2.776200e-01	1.550003e+04	1.472429e+04	1.287529e+04
2.780400e-01	1.549066e+04	1.471389e+04	1.288220e+04
2.784600e-01	1.548386e+04	1.470185e+04	1.286696e+04
2.788800e-01	1.546215e+04	1.469692e+04	1.297300e+04
2.793000e-01	1.543456e+04	1.469577e+04	1.312783e+04
2.797200e-01	1.544637e+04	1.467599e+04	1.296285e+04
2.801400e-01	1.543694e+04	1.466571e+04	1.296874e+04
2.805600e-01	1.543025e+04	1.465419e+04	1.295237e+04
2.809800e-01	1.540845e+04	1.464734e+04	1.305026e+04
2.814000e-01	1.537669e+04	1.464404e+04	1.322762e+04
2.818200e-01	1.539190e+04	1.462627e+04	1.305104e+04
2.822400e-01	1.538279e+04	1.461564e+04	1.305510e+04
2.826600e-01	1.537656e+04	1.460412e+04	1.303763e+04
2.830800e-01	1.535516e+04	1.459534e+04	1.312691e+04
2.835000e-01	1.531797e+04	1.459015e+04	1.332693e+04
2.839200e-01	1.533572e+04	1.457524e+04	1.314062e+04
2.843400e-01	1.532656e+04	1.456464e+04	1.314254e+04
2.847600e-01	1.532023e+04	1.455358e+04	1.312446e+04
2.851800e-01	1.529920e+04	1.454381e+04	1.320533e+04
2.856000e-01	1.525803e+04	1.453633e+04	1.342735e+04
2.860200e-01	1.527922e+04	1.452344e+04	1.323185e+04
2.864400e-01	1.527092e+04	1.451276e+04	1.323066e+04
2.868600e-01	1.526531e+04	1.450186e+04	1.321176e+04
2.872800e-01	1.524549e+04	1.449105e+04	1.328348e+04
2.877000e-01	1.519844e+04	1.448104e+04	1.352678e+04
2.881200e-01	1.522099e+04	1.447064e+04	1.332456e+04
2.885400e-01	1.521269e+04	1.446005e+04	1.331968e+04
2.889600e-01	1.520660e+04	1.444945e+04	1.330037e+04
2.893800e-01	1.518728e+04	1.443779e+04	1.336283e+04
2.898000e-01	1.513645e+04	1.442408e+04	1.362548e+04
2.902200e-01	1.516199e+04	1.441650e+04	1.341857e+04
2.906400e-01	1.515492e+04	1.440599e+04	1.340904e+04
2.910600e-01	1.514956e+04	1.439562e+04	1.338933e+04
2.914800e-01	1.513194e+04	1.438341e+04	1.344245e+04
2.919000e-01	1.507602e+04	1.436602e+04	1.372346e+04
2.923200e-01	1.510250e+04	1.436086e+04	1.351389e+04
2.927400e-01	1.509615e+04	1.435052e+04	1.349892e+04
2.931600e-01	1.509059e+04	1.434031e+04	1.347901e+04
2.935800e-01	1.507371e+04	1.432789e+04	1.352293e+04
2.940000e-01	1.501231e+04	1.430757e+04	1.382107e+04
2.944200e-01	1.504097e+04	1.430473e+04	1.361122e+04
2.948400e-01	1.503585e+04	1.429496e+04	1.359003e+04
2.952600e-01	1.503048e+04	1.428516e+04	1.357026e+04
2.956800e-01	1.501500e+04	1.427282e+04	1.360511e+04
2.961000e-01	1.494875e+04	1.424823e+04	1.391757e+04
2.965200e-01	1.497855e+04	1.424716e+04	1.370965e+04
2.969400e-01	1.497495e+04	1.423772e+04	1.368102e+04
2.973600e-01	1.496972e+04	1.422786e+04	1.366122e+04
2.977800e-01	1.495584e+04	1.421536e+04	1.368698e+04
2.982000e-01	1.488564e+04	1.418667e+04	1.401240e+04
2.986200e-01	1.491545e+04	1.418792e+04	1.380939e+04
2.990400e-01	1.491353e+04	1.417932e+04	1.377259e+04
2.994600e-01	1.490829e+04	1.416974e+04	1.375324e+04
2.998800e-01	1.489584e+04	1.415773e+04	1.377059e+04
3.003000e-01	1.482140e+04	1.412571e+04	1.410735e+04
3.007200e-01	1.485089e+04	1.412809e+04	1.391141e+04
3.011400e-01	1.485088e+04	1.412042e+04	1.386540e+04
3.015600e-01	1.484551e+04	1.411098e+04	1.384665e+04
3.019800e-01	1.483446e+04	1.409941e+04	1.385582e+04
3.024000e-01	1.475634e+04	1.406385e+04	1.420057e+04
3.028200e-01	1.478540e+04	1.406699e+04	1.401454e+04
3.032400e-01	1.478791e+04	1.406036e+04	1.395812e+04
3.036600e-01	1.478269e+04	1.405092e+04	1.393992e+04
3.040800e-01	1.477333e+04	1.403971e+04	1.394117e+04
3.045000e-01	1.469152e+04	1.400006e+04	1.429146e+04
3.049200e-01	1.471884e+04	1.400456e+04	1.411900e+04
3.053400e-01	1.472396e+04	1.399967e+04	1.405150e+04
3.057600e-01	1.471853e+04	1.399054e+04	1.403440e+04
3.061800e-01	1.471053e+04	1.398018e+04	1.402872e+04
3.066000e-01	1.462538e+04	1.393613e+04	1.438242e+04
3.070200e-01	1.465059e+04	1.394028e+04	1.422519e+04
3.074400e-01	1.465884e+04	1.393693e+04	1.414508e+04
3.078600e-01	1.465326e+04	1.392750e+04	1.412884e+04
3.082800e-01	1.464676e+04	1.391753e+04	1.411639e+04
3.087000e-01	1.455962e+04	1.387081e+04	1.447132e+04
3.091200e-01	1.458174e+04	1.387507e+04	1.433327e+04
3.095400e-01	1.459354e+04	1.387407e+04	1.423982e+04
3.099600e-01	1.458790e+04	1.386499e+04	1.422510e+04
3.103800e-01	1.458291e+04	1.385613e+04	1.420699e+04
3.108000e-01	1.449422e+04	1.380705e+04	1.455958e+04
3.112200e-01	1.451182e+04	1.380911e+04	1.444281e+04
3.116400e-01	1.452729e+04	1.381006e+04	1.433455e+04
3.120600e-01	1.452123e+04	1.380060e+04	1.432103e+04
3.124800e-01	1.451736e+04	1.379210e+04	1.429750e+04
3.129000e-01	1.442752e+04	1.374028e+04	1.464477e+04
3.133200e-01	1.444041e+04	1.374131e+04	1.455368e+04
3.137400e-01	1.446038e+04	1.374546e+04	1.443011e+04
3.141600e-01	1.445414e+04	1.373625e+04	1.441854e+04
3.145800e-01	1.445159e+04	1.372885e+04	1.439096e+04
3.150000e-01	1.436140e+04	1.367455e+04	1.472987e+04
3.154200e-01	1.436815e+04	1.367183e+04	1.466626e+04
3.158400e-01	1.439300e+04	1.367885e+04	1.452579e+04
3.162600e-01	1.438643e+04	1.366901e+04	1.451582e+04
3.166800e-01	1.438494e+04	1.366185e+04	1.448450e+04
3.171000e-01	1.429491e+04	1.360660e+04	1.481232e+04
3.175200e-01	1.429431e+04	1.360150e+04	1.478024e+04
3.179400e-01	1.432458e+04	1.361266e+04	1.462200e+04
3.183600e-01	1.431750e+04	1.360325e+04	1.461418e+04
3.187800e-01	1.431684e+04	1.359737e+04	1.458035e+04
3.192000e-01	1.422833e+04	1.354141e+04	1.489433e+04
3.196200e-01	1.421927e+04	1.353001e+04	1.489645e+04
3.200400e-01	1.425538e+04	1.354449e+04	1.471903e+04
3.204600e-01	1.424781e+04	1.353412e+04	1.471342e+04
3.208800e-01	1.424783e+04	1.352803e+04	1.467782e+04
3.213000e-01	1.416236e+04	1.347163e+04	1.497431e+04
3.217200e-01	1.414391e+04	1.345617e+04	1.501402e+04
3.221400e-01	1.418636e+04	1.347617e+04	1.481655e+04
3.225600e-01	1.417841e+04	1.346617e+04	1.481334e+04
3.229800e-01	1.417904e+04	1.346127e+04	1.477698e+04
3.234000e-01	1.409688e+04	1.340589e+04	1.505265e+04
3.238200e-01	1.406696e+04	1.338187e+04	1.513280e+04
3.242400e-01	1.411622e+04	1.340616e+04	1.491441e+04
3.246600e-01	1.410742e+04	1.339509e+04	1.491373e+04
3.250800e-01	1.410824e+04	1.338984e+04	1.487689e+04
3.255000e-01	1.402953e+04	1.333557e+04	1.513141e+04
3.259200e-01	1.398851e+04	1.330574e+04	1.525178e+04
3.263400e-01	1.404534e+04	1.333607e+04	1.501355e+04
3.267600e-01	1.403623e+04	1.332536e+04	1.501496e+04
3.271800e-01	1.403772e+04	1.332124e+04	1.497778e+04
3.276000e-01	1.396349e+04	1.326867e+04	1.521159e+04
3.280200e-01	1.391056e+04	1.322935e+04	1.537038e+04
3.284400e-01	1.397363e+04	1.326422e+04	1.511433e+04
3.288600e-01	1.396404e+04	1.325266e+04	1.511701e+04
3.292800e-01	1.396567e+04	1.324822e+04	1.507962e+04
3.297000e-01	1.389589e+04	1.319705e+04	1.529274e+04
3.301200e-01	1.383221e+04	1.315074e+04	1.548788e+04
3.305400e-01	1.390159e+04	1.319151e+04	1.521674e+04
3.309600e-01	1.389216e+04	1.318033e+04	1.521992e+04
3.313800e-01	1.389436e+04	1.317680e+04	1.518259e+04
3.318000e-01	1.382892e+04	1.312815e+04	1.537549e+04
3.322200e-01	1.375339e+04	1.307286e+04	1.560424e+04
3.326400e-01	1.382869e+04	1.311815e+04	1.532011e+04
3.330600e-01	1.381932e+04	1.310687e+04	1.532267e+04
3.334800e-01	1.382174e+04	1.310342e+04	1.528528e+04
3.339000e-01	1.376047e+04	1.305672e+04	1.545891e+04
3.343200e-01	1.367338e+04	1.299278e+04	1.572042e+04
3.347400e-01	1.375440e+04	1.304304e+04	1.542563e+04
3.351600e-01	1.374543e+04	1.303199e+04	1.542716e+04
3.355800e-01	1.374813e+04	1.302886e+04	1.539024e+04
3.360000e-01	1.369168e+04	1.298477e+04	1.554530e+04
3.364200e-01	1.359419e+04	1.291250e+04	1.583657e+04
3.368400e-01	1.368016e+04	1.296723e+04	1.553342e+04
3.372600e-01	1.367223e+04	1.295680e+04	1.553281e+04
3.376800e-01	1.367544e+04	1.295408e+04	1.549629e+04
3.381000e-01	1.362399e+04	1.291291e+04	1.563275e+04
3.385200e-01	1.351537e+04	1.283217e+04	1.595041e+04
3.389400e-01	1.360474e+04	1.289071e+04	1.564216e+04
3.393600e-01	1.359757e+04	1.288105e+04	1.563833e+04
3.397800e-01	1.360059e+04	1.287857e+04	1.560232e+04
3.402000e-01	1.355349e+04	1.284001e+04	1.572121e+04
3.406200e-01	1.343525e+04	1.275009e+04	1.606377e+04
3.410400e-01	1.352897e+04	1.281255e+04	1.575309e+04
3.414600e-01	1.352367e+04	1.280382e+04	1.574554e+04
3.418800e-01	1.352737e+04	1.280151e+04	1.571056e+04
3.423000e-01	1.348536e+04	1.276579e+04	1.581318e+04
3.427200e-01	1.335646e+04	1.266733e+04	1.617797e+04
3.431400e-01	1.345236e+04	1.273339e+04	1.586632e+04
3.435600e-01	1.344860e+04	1.272615e+04	1.585381e+04
3.439800e-01	1.345206e+04	1.272424e+04	1.581958e+04
3.444000e-01	1.341443e+04	1.269191e+04	1.590613e+04
3.448200e-01	1.327646e+04	1.258524e+04	1.629052e+04
3.452400e-01	1.337488e+04	1.265319e+04	1.598172e+04
3.456600e-01	1.337360e+04	1.264749e+04	1.596361e+04
3.460800e-01	1.337744e+04	1.264554e+04	1.593070e+04
3.465000e-01	1.334486e+04	1.261632e+04	1.600229e+04
3.469200e-01	1.319826e+04	1.250232e+04	1.640268e+04
3.473400e-01	1.329723e+04	1.257212e+04	1.609914e+04
3.477600e-01	1.329861e+04	1.256862e+04	1.607428e+04
3.481800e-01	1.330241e+04	1.256694e+04	1.604256e+04
3.486000e-01	1.327440e+04	1.254105e+04	1.609996e+04
3.490200e-01	1.311977e+04	1.241921e+04	1.651435e+04
3.494400e-01	1.321882e+04	1.249016e+04	1.621910e+04
3.498600e-01	1.322339e+04	1.248915e+04	1.618685e+04
3.502800e-01	1.322722e+04	1.248756e+04	1.615681e+04
3.507000e-01	1.320372e+04	1.246483e+04	1.620128e+04
3.511200e-01	1.304144e+04	1.233505e+04	1.662668e+04
3.515400e-01	1.313993e+04	1.240644e+04	1.634175e+04
3.519600e-01	1.314832e+04	1.240826e+04	1.630095e+04
3.523800e-01	1.315225e+04	1.240661e+04	1.627246e+04
3.528000e-01	1.313335e+04	1.238710e+04	1.630467e+04
3.532200e-01	1.296419e+04	1.225102e+04	1.673848e+04
3.536400e-01	1.306020e+04	1.232211e+04	1.646724e+04
3.540600e-01	1.307265e+04	1.232757e+04	1.641722e+04
3.544800e-01	1.307627e+04	1.232617e+04	1.639075e+04
3.549000e-01	1.306157e+04	1.231023e+04	1.641196e+04
3.553200e-01	1.288753e+04	1.216820e+04	1.685112e+04
3.557400e-01	1.298060e+04	1.223690e+04	1.659579e+04
3.561600e-01	1.299810e+04	1.224604e+04	1.653546e+04
3.565800e-01	1.300192e+04	1.224434e+04	1.651094e+04
3.570000e-01	1.299172e+04	1.223137e+04	1.652195e+04
3.574200e-01	1.281288e+04	1.208416e+04	1.696381e+04
3.578400e-01	1.290070e+04	1.215037e+04	1.672789e+04
3.582600e-01	1.292335e+04	1.216408e+04	1.665672e+04
3.586800e-01	1.292671e+04	1.216239e+04	1.663472e+04
3.591000e-01	1.292020e+04	1.215271e+04	1.663691e+04
3.595200e-01	1.273741e+04	1.200133e+04	1.707775e+04
3.599400e-01	1.281999e+04	1.206339e+04	1.686336e+04
3.603600e-01	1.284887e+04	1.208218e+04	1.678020e+04
3.607800e-01	1.285218e+04	1.208036e+04	1.676050e+04
3.612000e-01	1.284969e+04	1.207373e+04	1.675460e+04
3.616200e-01	1.266464e+04	1.191855e+04	1.719208e+04
3.620400e-01	1.273966e+04	1.197535e+04	1.700267e+04
3.624600e-01	1.277524e+04	1.199984e+04	1.690703e+04
3.628800e-01	1.277825e+04	1.199779e+04	1.689024e+04
3.633000e-01	1.271031e+04	1.187226e+04	1.685729e+04
3.637200e-01	1.149000e+04	9.887711e+03	1.698233e+04
3.641400e-01	1.287714e+04	1.226859e+04	1.721498e+04
3.645600e-01	1.368161e+04	1.364850e+04	1.733015e+04
3.649800e-01	1.417761e+04	1.452441e+04	1.745907e+04
3.654000e-01	1.442578e+04	1.491178e+04	1.753041e+04
3.658200e-01	6.825734e+03	5.654034e+02	1.620321e+04
3.662400e-01	1.146520e+04	9.956548e+03	1.691290e+04
3.666600e-01	1.501516e+04	1.703331e+04	1.747126e+04
3.670800e-01	1.638134e+04	1.996516e+04	1.764179e+04
3.675000e-01	2.074697e+04	2.558877e+04	1.757733e+04
3.679200e-01	1.071282e+05	8.710190e+04	4.843028e+03
3.683400e-01	5.614439e+04	5.123493e+04	3.634703e+03
3.687600e-01	7.024575e+04	7.375261e+04	1.002600e+04
3.691800e-01	1.280757e+05	1.202949e+05	1.354918e+04
3.696000e-01	3.451838e+04	3.072013e+04	5.029705e+03
3.700200e-01	7.853224e+04	7.456783e+04	1.141602e+04
3.704400e-01	7.725701e+04	7.289994e+04	8.442584e+03
3.708600e-01	7.358610e+04	6.954963e+04	1.023419e+04
3.712800e-01	7.420487e+04	7.014890e+04	1.006006e+04
3.717000e-01	7.403488e+04	6.983663e+04	8.886397e+03
3.721200e-01	7.431756e+04	7.050448e+04	1.162576e+04
3.725400e-01	7.392465e+04	6.970935e+04	8.592777e+03
3.729600e-01	7.426241e+04	7.048812e+04	1.172641e+04
3.733800e-01	7.398902e+04	6.995681e+04	9.724890e+03
3.738000e-01	7.405052e+04	7.013519e+04	1.048469e+04
3.742200e-01	7.414410e+04	7.038652e+04	1.155867e+04
3.746400e-01	7.385922e+04	6.983047e+04	9.484517e+03
3.750600e-01	7.419343e+04	7.059683e+04	1.250334e+04
3.754800e-01	7.381370e+04	6.985504e+04	9.728305e+03
3.759000e-01	7.407381e+04	7.044966e+04	1.207906e+04
3.763200e-01	7.392422e+04	7.017447e+04	1.113248e+04
3.767400e-01	7.385035e+04	7.006507e+04	1.078629e+04
3.771600e-01	7.405284e+04	7.055325e+04	1.270605e+04
3.775800e-01	7.370574e+04	6.988093e+04	1.023083e+04
3.780000e-01	7.403535e+04	7.062718e+04	1.309554e+04
3.784200e-01	7.372430e+04	7.002278e+04	1.092067e+04
3.788400e-01	7.386409e+04	7.035867e+04	1.223665e+04
3.792600e-01	7.385593e+04	7.039235e+04	1.244371e+04
3.796800e-01	7.366044e+04	7.003246e+04	1.117652e+04
3.801000e-01	7.393772e+04	7.065439e+04	1.354623e+04
3.805200e-01	7.357856e+04	6.996833e+04	1.108029e+04
3.809400e-01	7.385994e+04	7.059855e+04	1.345483e+04
3.813600e-01	7.364679e+04	7.020123e+04	1.208557e+04
3.817800e-01	7.365485e+04	7.026609e+04	1.237828e+04
3.822000e-01	7.377009e+04	7.056533e+04	1.352395e+04
3.826200e-01	7.349062e+04	7.003871e+04	1.167428e+04
3.830400e-01	7.379171e+04	7.069677e+04	1.411862e+04
3.834600e-01	7.347397e+04	7.008361e+04	1.199279e+04
3.838800e-01	7.366839e+04	7.052414e+04	1.362715e+04
3.843000e-01	7.356600e+04	7.037970e+04	1.316195e+04
3.847200e-01	7.345824e+04	7.021101e+04	1.260804e+04
3.851400e-01	7.366563e+04	7.066709e+04	1.430541e+04
3.855600e-01	7.335564e+04	7.007430e+04	1.227781e+04
3.859800e-01	7.363093e+04	7.068144e+04	1.446552e+04
3.864000e-01	7.338063e+04	7.023021e+04	1.291896e+04
3.868200e-01	7.345689e+04	7.043091e+04	1.367261e+04
3.872400e-01	7.348995e+04	7.053548e+04	1.412577e+04
3.876600e-01	7.329071e+04	7.017039e+04	1.291341e+04
3.880800e-01	7.353441e+04	7.071391e+04	1.484056e+04
3.885000e-01	7.323340e+04	7.015720e+04	1.294301e+04
3.889200e-01	7.345058e+04	7.063098e+04	1.463298e+04
3.893400e-01	7.329863e+04	7.036308e+04	1.378582e+04
3.897600e-01	7.326947e+04	7.034311e+04	1.376942e+04
3.901800e-01	7.339574e+04	7.064022e+04	1.483752e+04
3.906000e-01	7.314339e+04	7.018067e+04	1.330464e+04
3.910200e-01	7.338781e+04	7.071290e+04	1.516189e+04
3.914400e-01	7.313687e+04	7.024942e+04	1.363924e+04
3.918600e-01	7.326368e+04	7.054359e+04	1.467441e+04
3.922800e-01	7.321887e+04	7.049342e+04	1.455764e+04
3.927000e-01	7.310141e+04	7.029447e+04	1.393377e+04
3.931200e-01	7.328013e+04	7.069146e+04	1.531478e+04
3.935400e-01	7.302086e+04	7.021972e+04	1.376379e+04
3.939600e-01	7.323124e+04	7.066734e+04	1.531726e+04
3.943800e-01	7.305574e+04	7.035340e+04	1.431785e+04
3.948000e-01	7.308578e+04	7.044787e+04	1.466877e+04
3.952200e-01	7.313734e+04	7.059290e+04	1.518665e+04
3.956400e-01	7.295491e+04	7.027276e+04	1.415668e+04
3.960600e-01	7.315374e+04	7.069707e+04	1.559691e+04
3.964800e-01	7.292801e+04	7.027919e+04	1.426038e+04
3.969000e-01	7.307233e+04	7.059859e+04	1.535415e+04
3.973200e-01	7.297667e+04	7.045040e+04	1.490797e+04
3.977400e-01	7.292579e+04	7.038440e+04	1.472432e+04
3.981600e-01	7.304157e+04	7.064136e+04	1.560271e+04
3.985800e-01	7.284436e+04	7.028092e+04	1.445530e+04
3.990000e-01	7.302191e+04	7.066500e+04	1.572954e+04
3.994200e-01	7.284661e+04	7.035587e+04	1.475308e+04
3.998400e-01	7.291398e+04	7.051669e+04	1.531089e+04
4.002600e-01	7.290700e+04	7.053197e+04	1.540426e+04
4.006800e-01	7.279848e+04	7.034759e+04	1.483859e+04
4.011000e-01	7.293963e+04	7.064489e+04	1.583767e+04
4.015200e-01	7.275479e+04	7.031342e+04	1.478623e+04
4.019400e-01	7.289118e+04	7.060799e+04	1.575239e+04
4.023600e-01	7.278325e+04	7.042699e+04	1.519716e+04
4.027800e-01	7.278005e+04	7.044988e+04	1.529285e+04
4.032000e-01	7.283378e+04	7.058136e+04	1.574368e+04
4.036200e-01	7.269961e+04	7.033987e+04	1.500227e+04
4.040400e-01	7.283224e+04	7.062117e+04	1.593387e+04
4.044600e-01	7.268780e+04	7.036405e+04	1.512770e+04
4.048800e-01	7.276881e+04	7.054086e+04	1.571475e+04
4.053000e-01	7.272677e+04	7.048210e+04	1.555032e+04
4.057200e-01	7.267690e+04	7.040803e+04	1.533081e+04
4.061400e-01	7.275864e+04	7.058907e+04	1.592164e+04
4.065600e-01	7.262948e+04	7.035952e+04	1.521489e+04
4.069800e-01	7.273383e+04	7.058008e+04	1.593447e+04
4.074000e-01	7.264193e+04	7.041504e+04	1.543581e+04
4.078200e-01	7.266566e+04	7.047893e+04	1.565587e+04
4.082400e-01	7.267591e+04	7.052142e+04	1.580083e+04
4.086600e-01	7.260194e+04	7.039545e+04	1.541497e+04
4.090800e-01	7.268377e+04	7.056968e+04	1.598006e+04
4.095000e-01	7.258552e+04	7.039436e+04	1.544025e+04
4.099200e-01	7.265078e+04	7.052961e+04	1.588524e+04
4.103400e-01	7.260701e+04	7.045342e+04	1.567018e+04
4.107600e-01	7.259450e+04	7.044143e+04	1.564460e+04
4.111800e-01	7.262879e+04	7.053002e+04	1.591211e+04
4.116000e-01	7.255873e+04	7.041300e+04	1.554355e+04
4.120200e-01	7.262003e+04	7.053567e+04	1.595076e+04
4.124400e-01	7.256428e+04	7.042529e+04	1.563505e+04
4.128600e-01	7.258945e+04	7.048080e+04	1.582232e+04
4.132800e-01	7.258002e+04	7.048210e+04	1.581696e+04
4.137000e-01	7.255297e+04	7.044225e+04	1.568902e+04
4.141200e-01	7.258840e+04	7.051197e+04	1.591470e+04
4.145400e-01	7.254713e+04	7.043205e+04	1.568006e+04
4.149600e-01	7.257565e+04	7.049503e+04	1.587601e+04
4.153800e-01	7.255563e+04	7.046220e+04	1.577702e+04
4.158000e-01	7.255417e+04	7.046465e+04	1.579088e+04
4.162200e-01	7.256230e+04	7.048359e+04	1.585335e+04
4.166400e-01	7.254825e+04	7.045598e+04	1.576717e+04
4.170600e-01	7.255600e+04	7.047516e+04	1.583114e+04
4.174800e-01	7.255088e+04	7.046303e+04	1.579042e+04
4.179000e-01	7.255004e+04	7.046024e+04	1.578043e+04
4.183200e-01	7.255026e+04	7.045876e+04	1.577380e+04
4.187400e-01	7.255112e+04	7.045767e+04	1.576760e+04
4.191600e-01	7.255278e+04	7.045733e+04	1.576302e+04
4.195800e-01	7.255523e+04	7.045774e+04	1.576004e+04
4.200000e-01	7.255847e+04	7.045889e+04	1.575868e+04


