0.000000e+00	9.004030e+04	4.039543e+04	9.101793e+03
4.500000e-04	9.003429e+04	4.040553e+04	9.112723e+03
9.000000e-04	9.002469e+04	4.042215e+04	9.130159e+03
1.350000e-03	9.004222e+04	4.039415e+04	9.098477e+03
1.800000e-03	1.209183e+05	5.165968e+04	6.344967e+03
2.250000e-03	6.943102e+04	3.294157e+04	1.098160e+04
2.700000e-03	9.351840e+04	4.157419e+04	8.712072e+03
3.150000e-03	8.999946e+04	4.047852e+04	9.172580e+03
3.600000e-03	9.012404e+04	4.026474e+04	8.959052e+03
4.050000e-03	9.001395e+04	4.046652e+04	9.149376e+03
4.500000e-03	9.013525e+04	4.026018e+04	8.942112e+03
4.950000e-03	9.006661e+04	4.038178e+04	9.056860e+03
5.400000e-03	9.009721e+04	4.033595e+04	9.005964e+03
5.850000e-03	9.016861e+04	4.022229e+04	8.886624e+03
6.300000e-03	9.005724e+04	4.042470e+04	9.077374e+03
6.750000e-03	9.026940e+04	4.006446e+04	8.720371e+03
7.200000e-03	9.003579e+04	4.047962e+04	9.121523e+03
7.650000e-03	9.033802e+04	3.995889e+04	8.597343e+03
8.100000e-03	9.005927e+04	4.045417e+04	9.071425e+03
8.550000e-03	9.036171e+04	3.993861e+04	8.553863e+03
9.000000e-03	9.015674e+04	4.031015e+04	8.913902e+03
9.450000e-03	9.031915e+04	4.004180e+04	8.640176e+03
9.900000e-03	9.032388e+04	4.004378e+04	8.629747e+03
1.035000e-02	9.023160e+04	4.021568e+04	8.785386e+03
1.080000e-02	9.050311e+04	3.975733e+04	8.320150e+03
1.125000e-02	9.017759e+04	4.033950e+04	8.881748e+03
1.170000e-02	9.063616e+04	3.955141e+04	8.086389e+03
1.215000e-02	9.019370e+04	4.034010e+04	8.856597e+03
1.260000e-02	9.070244e+04	3.946728e+04	7.973035e+03
1.305000e-02	9.029437e+04	4.019402e+04	8.679131e+03
1.350000e-02	9.067569e+04	3.954848e+04	8.020365e+03
1.395000e-02	9.050697e+04	3.986295e+04	8.318933e+03
1.440000e-02	9.055832e+04	3.979132e+04	8.229060e+03
1.485000e-02	9.077367e+04	3.942870e+04	7.849107e+03
1.530000e-02	9.044615e+04	4.001658e+04	8.416290e+03
1.575000e-02	9.099458e+04	3.908046e+04	7.459503e+03
1.620000e-02	9.042808e+04	4.009627e+04	8.457031e+03
1.665000e-02	9.112669e+04	3.889041e+04	7.226581e+03
1.710000e-02	9.050883e+04	3.998508e+04	8.310540e+03
1.755000e-02	9.114385e+04	3.889926e+04	7.189316e+03
1.800000e-02	9.072996e+04	3.965258e+04	7.923877e+03
1.845000e-02	9.103431e+04	3.914307e+04	7.382133e+03
1.890000e-02	9.105560e+04	3.911670e+04	7.337421e+03
1.935000e-02	9.086041e+04	3.947820e+04	7.679682e+03
1.980000e-02	9.138981e+04	3.858464e+04	6.746784e+03
2.025000e-02	9.078150e+04	3.968098e+04	7.833665e+03
2.070000e-02	9.161011e+04	3.824507e+04	6.339352e+03
2.115000e-02	9.081286e+04	3.965810e+04	7.754873e+03
2.160000e-02	9.169587e+04	3.813820e+04	6.168099e+03
2.205000e-02	9.101181e+04	3.937009e+04	7.409784e+03
2.250000e-02	9.163962e+04	3.829741e+04	6.273334e+03
2.295000e-02	9.135886e+04	3.881033e+04	6.768086e+03
2.340000e-02	9.142761e+04	3.871487e+04	6.633036e+03
2.385000e-02	9.179440e+04	3.809929e+04	5.971943e+03
2.430000e-02	9.126442e+04	3.905888e+04	6.932787e+03
2.475000e-02	9.212585e+04	3.756665e+04	5.343759e+03
2.520000e-02	9.123021e+04	3.917105e+04	6.976909e+03
2.565000e-02	9.230802e+04	3.730244e+04	4.987859e+03
2.610000e-02	9.137368e+04	3.897741e+04	6.710899e+03
2.655000e-02	9.232354e+04	3.733549e+04	4.945523e+03
2.700000e-02	9.170154e+04	3.845693e+04	6.087921e+03
2.745000e-02	9.214141e+04	3.771156e+04	5.257554e+03
2.790000e-02	9.218880e+04	3.765862e+04	5.166635e+03
2.835000e-02	9.189530e+04	3.820716e+04	5.701833e+03
2.880000e-02	9.265239e+04	3.689549e+04	4.269568e+03
2.925000e-02	9.176815e+04	3.848846e+04	5.920721e+03
2.970000e-02	9.295278e+04	3.642585e+04	3.671490e+03
3.015000e-02	9.183549e+04	3.843710e+04	5.779662e+03
3.060000e-02	9.306402e+04	3.629219e+04	3.428092e+03
3.105000e-02	9.210417e+04	3.801907e+04	5.247307e+03
3.150000e-02	9.296085e+04	3.653219e+04	3.587591e+03
3.195000e-02	9.258899e+04	3.722713e+04	4.294878e+03
3.240000e-02	9.267356e+04	3.710970e+04	4.108882e+03
3.285000e-02	9.316577e+04	3.626170e+04	3.139621e+03
3.330000e-02	9.244181e+04	3.758212e+04	4.525211e+03
3.375000e-02	9.360064e+04	3.554954e+04	2.247710e+03
3.420000e-02	9.240665e+04	3.771340e+04	4.570352e+03
3.465000e-02	9.383014e+04	3.520557e+04	1.749240e+03
3.510000e-02	9.259477e+04	3.744259e+04	4.168568e+03
3.555000e-02	9.383008e+04	3.526869e+04	1.692776e+03
3.600000e-02	9.302446e+04	3.674444e+04	3.281969e+03
3.645000e-02	9.358409e+04	3.577417e+04	2.131362e+03
3.690000e-02	9.364461e+04	3.569418e+04	1.988590e+03
3.735000e-02	9.325939e+04	3.641923e+04	2.733053e+03
3.780000e-02	9.423234e+04	3.470470e+04	7.470629e+02
3.825000e-02	9.310237e+04	3.677492e+04	3.016230e+03
3.870000e-02	9.459759e+04	3.411258e+04	-6.719166e+01
3.915000e-02	9.318137e+04	3.669797e+04	2.806798e+03
3.960000e-02	9.471705e+04	3.395759e+04	-3.957287e+02
4.005000e-02	9.352243e+04	3.615492e+04	2.057529e+03
4.050000e-02	9.457876e+04	3.427144e+04	-1.844922e+02
4.095000e-02	9.411671e+04	3.514256e+04	7.595923e+02
4.140000e-02	9.421157e+04	3.500219e+04	5.151270e+02
4.185000e-02	9.481777e+04	3.392874e+04	-7.975339e+02
4.230000e-02	9.392359e+04	3.559483e+04	1.055917e+03
4.275000e-02	9.533716e+04	3.304534e+04	-1.992750e+03
4.320000e-02	9.387945e+04	3.574610e+04	1.094168e+03
4.365000e-02	9.559974e+04	3.262770e+04	-2.656273e+03
4.410000e-02	9.410711e+04	3.540243e+04	5.434298e+02
4.455000e-02	9.558147e+04	3.271712e+04	-2.729258e+03
4.500000e-02	9.461651e+04	3.452727e+04	-6.491774e+02
4.545000e-02	9.527334e+04	3.334244e+04	-2.160333e+03
4.590000e-02	9.534705e+04	3.324196e+04	-2.356407e+03
4.635000e-02	9.488275e+04	3.413728e+04	-1.379018e+03
4.680000e-02	9.602889e+04	3.203561e+04	-3.990613e+03
4.725000e-02	9.469210e+04	3.455788e+04	-1.034526e+03
4.770000e-02	9.644030e+04	3.132039e+04	-5.055028e+03
4.815000e-02	9.237514e+04	3.207185e+04	-1.581096e+03
4.860000e-02	8.486589e+04	1.952123e+04	-6.742390e+03
4.905000e-02	1.432425e+05	8.191071e+04	2.858002e+03
4.950000e-02	5.302970e+04	7.482430e+03	-8.532210e+03
4.995000e-02	8.817255e+04	-2.028381e+04	-7.911459e+03
5.040000e-02	5.191141e+04	1.859729e+04	9.760866e+03
5.085000e-02	-5.927761e+04	2.376410e+04	1.667863e+04
5.130000e-02	2.926145e+04	1.329374e+04	7.052424e+03
5.175000e-02	1.712266e+04	1.426102e+04	9.032513e+03
5.220000e-02	1.912978e+04	1.361197e+04	9.203099e+03
5.265000e-02	1.456120e+04	-1.886832e+03	7.924510e+03
5.310000e-02	1.302197e+03	-2.822391e+04	5.266902e+03
5.355000e-02	1.357124e+04	4.571070e+03	8.176882e+03
5.400000e-02	1.390213e+04	6.594633e+03	8.328886e+03
5.445000e-02	1.539870e+04	1.194382e+04	8.771556e+03
5.490000e-02	1.609581e+04	1.436885e+04	8.841858e+03
5.535000e-02	1.173680e+04	-7.636791e+02	6.998407e+03
5.580000e-02	1.340656e+04	4.815439e+03	7.980872e+03
5.625000e-02	1.354973e+04	5.220516e+03	8.092604e+03
5.670000e-02	1.350605e+04	4.972192e+03	8.151166e+03
5.715000e-02	1.352802e+04	4.984473e+03	8.166313e+03
5.760000e-02	1.344894e+04	5.053348e+03	7.294646e+03
5.805000e-02	1.352648e+04	5.039433e+03	7.744325e+03
5.850000e-02	1.357126e+04	5.041369e+03	7.933024e+03
5.895000e-02	1.360083e+04	5.051509e+03	7.991231e+03
5.940000e-02	1.363228e+04	5.060329e+03	8.068735e+03
5.985000e-02	1.354552e+04	5.117227e+03	7.298571e+03
6.030000e-02	1.359428e+04	5.121783e+03	7.465442e+03
6.075000e-02	1.366446e+04	5.116681e+03	7.797885e+03
6.120000e-02	1.369241e+04	5.128147e+03	7.833909e+03
6.165000e-02	1.372833e+04	5.136475e+03	7.925942e+03
6.210000e-02	1.365810e+04	5.177260e+03	7.378988e+03
6.255000e-02	1.364623e+04	5.202305e+03	7.158231e+03
6.300000e-02	1.375567e+04	5.190228e+03	7.669432e+03
6.345000e-02	1.378020e+04	5.203139e+03	7.679349e+03
6.390000e-02	1.381847e+04	5.212022e+03	7.770304e+03
6.435000e-02	1.377700e+04	5.239335e+03	7.450184e+03
6.480000e-02	1.369477e+04	5.277470e+03	6.900479e+03
6.525000e-02	1.384062e+04	5.263547e+03	7.520854e+03
6.570000e-02	1.386591e+04	5.276363e+03	7.531984e+03
6.615000e-02	1.390614e+04	5.285897e+03	7.618379e+03
6.660000e-02	1.389449e+04	5.304263e+03	7.473241e+03
6.705000e-02	1.375116e+04	5.345700e+03	6.726496e+03
6.750000e-02	1.391387e+04	5.335595e+03	7.339413e+03
6.795000e-02	1.394883e+04	5.346510e+03	7.392141e+03
6.840000e-02	1.398930e+04	5.356553e+03	7.468512e+03
6.885000e-02	1.400463e+04	5.369695e+03	7.447750e+03
6.930000e-02	1.382006e+04	5.409029e+03	6.632188e+03
6.975000e-02	1.397243e+04	5.406646e+03	7.127088e+03
7.020000e-02	1.402991e+04	5.415385e+03	7.260431e+03
7.065000e-02	1.406924e+04	5.426449e+03	7.322278e+03
7.110000e-02	1.410587e+04	5.437583e+03	7.377728e+03
7.155000e-02	1.390901e+04	5.470767e+03	6.615840e+03
7.200000e-02	1.401366e+04	5.476144e+03	6.886384e+03
7.245000e-02	1.410966e+04	5.482088e+03	7.136281e+03
7.290000e-02	1.414563e+04	5.493534e+03	7.178678e+03
7.335000e-02	1.419381e+04	5.503872e+03	7.263456e+03
7.380000e-02	1.402358e+04	5.529062e+03	6.671089e+03
7.425000e-02	1.403322e+04	5.543039e+03	6.619944e+03
7.470000e-02	1.418723e+04	5.547144e+03	7.019996e+03
7.515000e-02	1.421693e+04	5.559291e+03	7.039069e+03
7.560000e-02	1.426782e+04	5.570110e+03	7.123133e+03
7.605000e-02	1.415661e+04	5.588366e+03	6.757737e+03
7.650000e-02	1.404046e+04	5.607091e+03	6.363951e+03
7.695000e-02	1.425987e+04	5.610812e+03	6.899007e+03
7.740000e-02	1.428566e+04	5.622984e+03	6.904346e+03
7.785000e-02	1.433899e+04	5.634004e+03	6.984953e+03
7.830000e-02	1.428477e+04	5.648014e+03	6.798428e+03
7.875000e-02	1.406277e+04	5.666908e+03	6.185235e+03
7.920000e-02	1.431631e+04	5.673223e+03	6.749281e+03
7.965000e-02	1.435141e+04	5.685084e+03	6.777456e+03
8.010000e-02	1.440471e+04	5.696542e+03	6.850071e+03
8.055000e-02	1.439992e+04	5.708704e+03	6.793777e+03
8.100000e-02	1.410537e+04	5.724224e+03	6.082204e+03
8.145000e-02	1.435282e+04	5.733465e+03	6.573372e+03
8.190000e-02	1.441522e+04	5.744826e+03	6.658991e+03
8.235000e-02	1.446655e+04	5.756336e+03	6.719400e+03
8.280000e-02	1.450075e+04	5.767839e+03	6.747176e+03
8.325000e-02	1.417695e+04	5.779876e+03	6.049489e+03
8.370000e-02	1.436652e+04	5.791807e+03	6.374284e+03
8.415000e-02	1.447755e+04	5.803627e+03	6.548283e+03
8.460000e-02	1.452391e+04	5.815488e+03	6.592436e+03
8.505000e-02	1.458202e+04	5.827379e+03	6.660962e+03
8.550000e-02	1.428343e+04	5.836138e+03	6.079685e+03
8.595000e-02	1.435322e+04	5.847663e+03	6.155216e+03
8.640000e-02	1.453821e+04	5.860522e+03	6.445115e+03
8.685000e-02	1.457619e+04	5.872047e+03	6.469777e+03
8.730000e-02	1.464086e+04	5.883880e+03	6.542617e+03
8.775000e-02	1.442751e+04	5.891185e+03	6.158958e+03
8.820000e-02	1.431382e+04	5.900175e+03	5.927423e+03
8.865000e-02	1.459618e+04	5.915988e+03	6.346724e+03
8.910000e-02	1.462375e+04	5.927403e+03	6.351935e+03
8.955000e-02	1.469110e+04	5.939594e+03	6.421763e+03
9.000000e-02	1.456904e+04	5.947494e+03	6.211175e+03
9.045000e-02	1.428921e+04	5.951231e+03	5.757451e+03
9.090000e-02	1.463657e+04	5.969646e+03	6.229577e+03
9.135000e-02	1.466928e+04	5.980866e+03	6.241387e+03
9.180000e-02	1.473730e+04	5.992969e+03	6.304697e+03
9.225000e-02	1.469435e+04	6.002071e+03	6.220761e+03
9.270000e-02	1.429481e+04	6.001024e+03	5.655614e+03
9.315000e-02	1.465145e+04	6.021118e+03	6.092045e+03
9.360000e-02	1.471201e+04	6.033048e+03	6.139904e+03
9.405000e-02	1.477724e+04	6.045168e+03	6.193487e+03
9.450000e-02	1.479695e+04	6.055877e+03	6.193785e+03
9.495000e-02	1.433740e+04	6.050799e+03	5.615251e+03
9.540000e-02	1.463760e+04	6.070133e+03	5.937436e+03
9.585000e-02	1.475358e+04	6.083809e+03	6.045623e+03
9.630000e-02	1.481294e+04	6.095669e+03	6.085898e+03
9.675000e-02	1.487520e+04	6.107675e+03	6.131406e+03
9.720000e-02	1.442658e+04	6.101038e+03	5.626270e+03
9.765000e-02	1.459158e+04	6.115917e+03	5.770371e+03
9.810000e-02	1.479400e+04	6.132686e+03	5.959470e+03
9.855000e-02	1.484300e+04	6.143924e+03	5.984674e+03
9.900000e-02	1.492231e+04	6.156359e+03	6.042239e+03
9.945000e-02	1.456810e+04	6.152329e+03	5.682873e+03
9.990000e-02	1.450867e+04	6.159094e+03	5.595976e+03
1.003500e-01	1.483320e+04	6.180868e+03	5.880259e+03
1.008000e-01	1.486723e+04	6.191588e+03	5.888085e+03
1.012500e-01	1.494954e+04	6.204268e+03	5.941804e+03
1.017000e-01	1.472885e+04	6.204801e+03	5.736523e+03
1.021500e-01	1.442431e+04	6.200873e+03	5.450962e+03
1.026000e-01	1.485870e+04	6.227024e+03	5.795759e+03
1.030500e-01	1.488851e+04	6.237162e+03	5.798855e+03
1.035000e-01	1.497237e+04	6.249549e+03	5.847487e+03
1.039500e-01	1.486761e+04	6.254114e+03	5.754067e+03
1.044000e-01	1.438032e+04	6.242014e+03	5.365368e+03
1.048500e-01	1.485351e+04	6.270391e+03	5.697352e+03
1.053000e-01	1.490761e+04	6.281427e+03	5.718073e+03
1.057500e-01	1.498887e+04	6.293687e+03	5.758687e+03
1.062000e-01	1.497777e+04	6.302097e+03	5.739028e+03
1.066500e-01	1.438342e+04	6.284856e+03	5.329066e+03
1.071000e-01	1.481333e+04	6.311316e+03	5.589852e+03
1.075500e-01	1.492503e+04	6.324652e+03	5.645526e+03
1.080000e-01	1.499951e+04	6.336437e+03	5.676286e+03
1.084500e-01	1.505565e+04	6.347546e+03	5.698009e+03
1.089000e-01	1.444349e+04	6.329060e+03	5.332441e+03
1.093500e-01	1.473513e+04	6.349131e+03	5.478001e+03
1.098000e-01	1.494200e+04	6.366304e+03	5.579896e+03
1.102500e-01	1.500484e+04	6.377250e+03	5.599249e+03
1.107000e-01	1.509666e+04	6.389590e+03	5.635388e+03
1.111500e-01	1.456813e+04	6.374728e+03	5.364349e+03
1.116000e-01	1.461462e+04	6.383998e+03	5.368017e+03
1.120500e-01	1.495863e+04	6.406944e+03	5.521689e+03
1.125000e-01	1.500426e+04	6.416991e+03	5.529529e+03
1.129500e-01	1.510231e+04	6.429456e+03	5.562920e+03
1.134000e-01	1.474614e+04	6.422127e+03	5.406850e+03
1.138500e-01	1.446420e+04	6.416912e+03	5.273257e+03
1.143000e-01	1.496853e+04	6.446495e+03	5.467415e+03
1.147500e-01	1.499791e+04	6.455654e+03	5.466770e+03
1.152000e-01	1.509837e+04	6.468024e+03	5.495167e+03
1.156500e-01	1.490275e+04	6.467402e+03	5.421575e+03
1.161000e-01	1.435749e+04	6.450058e+03	5.220717e+03
1.165500e-01	1.494497e+04	6.482838e+03	5.407547e+03
1.170000e-01	1.499013e+04	6.492279e+03	5.411653e+03
1.174500e-01	1.508890e+04	6.504154e+03	5.433609e+03
1.179000e-01	1.502557e+04	6.509075e+03	5.411336e+03
1.183500e-01	1.431037e+04	6.484719e+03	5.204458e+03
1.188000e-01	1.488149e+04	6.516485e+03	5.347199e+03
1.192500e-01	1.498177e+04	6.528264e+03	5.364778e+03
1.197000e-01	1.507363e+04	6.539759e+03	5.379592e+03
1.201500e-01	1.510923e+04	6.549015e+03	5.383660e+03
1.206000e-01	1.433021e+04	6.522527e+03	5.213345e+03
1.210500e-01	1.477291e+04	6.547484e+03	5.292565e+03
1.215000e-01	1.497206e+04	6.563052e+03	5.325328e+03
1.219500e-01	1.505105e+04	6.573541e+03	5.332825e+03
1.224000e-01	1.514709e+04	6.584932e+03	5.344720e+03
1.228500e-01	1.442571e+04	6.561520e+03	5.233357e+03
1.233000e-01	1.461605e+04	6.575294e+03	5.249153e+03
1.237500e-01	1.496317e+04	6.596647e+03	5.292044e+03
1.242000e-01	1.502348e+04	6.606089e+03	5.293107e+03
1.246500e-01	1.513799e+04	6.617966e+03	5.301956e+03
1.251000e-01	1.460510e+04	6.603043e+03	5.251845e+03
1.255500e-01	1.440906e+04	6.600567e+03	5.224212e+03
1.260000e-01	1.495366e+04	6.629389e+03	5.264694e+03
1.264500e-01	1.498873e+04	6.637570e+03	5.261372e+03
1.269000e-01	1.510618e+04	6.649273e+03	5.264993e+03
1.273500e-01	1.478594e+04	6.643319e+03	5.253451e+03
1.278000e-01	1.422725e+04	6.626216e+03	5.227000e+03
1.282500e-01	1.491520e+04	6.659832e+03	5.241793e+03
1.287000e-01	1.495186e+04	6.667795e+03	5.237737e+03
1.291500e-01	1.506905e+04	6.679100e+03	5.235812e+03
1.296000e-01	1.492689e+04	6.680238e+03	5.238862e+03
1.300500e-01	1.411662e+04	6.653615e+03	5.249077e+03
1.305000e-01	1.483066e+04	6.687316e+03	5.227166e+03
1.309500e-01	1.491444e+04	6.696898e+03	5.221160e+03
1.314000e-01	1.502509e+04	6.707627e+03	5.214104e+03
1.318500e-01	1.502069e+04	6.714100e+03	5.215677e+03
1.323000e-01	1.408497e+04	6.683593e+03	5.277971e+03
1.327500e-01	1.469536e+04	6.711993e+03	5.227475e+03
1.332000e-01	1.487676e+04	6.724982e+03	5.211078e+03
1.336500e-01	1.497432e+04	6.734833e+03	5.200247e+03
1.341000e-01	1.506235e+04	6.744557e+03	5.191911e+03
1.345500e-01	1.414173e+04	6.716034e+03	5.300482e+03
1.350000e-01	1.450586e+04	6.734110e+03	5.250392e+03
1.354500e-01	1.484021e+04	6.752286e+03	5.207570e+03
1.359000e-01	1.491769e+04	6.761085e+03	5.195479e+03
1.363500e-01	1.504764e+04	6.772016e+03	5.177010e+03
1.368000e-01	1.429600e+04	6.750752e+03	5.301928e+03
1.372500e-01	1.425774e+04	6.753559e+03	5.302099e+03
1.377000e-01	1.480472e+04	6.778602e+03	5.208655e+03
1.381500e-01	1.485415e+04	6.786067e+03	5.198307e+03
1.386000e-01	1.498850e+04	6.796744e+03	5.173589e+03
1.390500e-01	1.450551e+04	6.785706e+03	5.276560e+03
1.395000e-01	1.399198e+04	6.771841e+03	5.379612e+03
1.399500e-01	1.475440e+04	6.803309e+03	5.217443e+03
1.404000e-01	1.478630e+04	6.809896e+03	5.209632e+03
1.408500e-01	1.492209e+04	6.820226e+03	5.179655e+03
1.413000e-01	1.467025e+04	6.817593e+03	5.246212e+03
1.417500e-01	1.380646e+04	6.792766e+03	5.459900e+03
1.422000e-01	1.465285e+04	6.825474e+03	5.244348e+03
1.426500e-01	1.471812e+04	6.832952e+03	5.227402e+03
1.431000e-01	1.484840e+04	6.842699e+03	5.193611e+03
1.435500e-01	1.478023e+04	6.846206e+03	5.217643e+03
1.440000e-01	1.371272e+04	6.816139e+03	5.527324e+03
1.444500e-01	1.449561e+04	6.845310e+03	5.296140e+03
1.449000e-01	1.465149e+04	6.855464e+03	5.250742e+03
1.453500e-01	1.476920e+04	6.864498e+03	5.216025e+03
1.458000e-01	1.483215e+04	6.872034e+03	5.200177e+03
1.462500e-01	1.371932e+04	6.841538e+03	5.567695e+03
1.467000e-01	1.427816e+04	6.862289e+03	5.380693e+03
1.471500e-01	1.458615e+04	6.876645e+03	5.279687e+03
1.476000e-01	1.468310e+04	6.884563e+03	5.248100e+03
1.480500e-01	1.481906e+04	6.893924e+03	5.203900e+03
1.485000e-01	1.383472e+04	6.868933e+03	5.566261e+03
1.489500e-01	1.399561e+04	6.876827e+03	5.504197e+03
1.494000e-01	1.452202e+04	6.897038e+03	5.311783e+03
1.498500e-01	1.458951e+04	6.903816e+03	5.287663e+03
1.503000e-01	1.474047e+04	6.913282e+03	5.232708e+03
1.507500e-01	1.405381e+04	6.898580e+03	5.511563e+03
1.512000e-01	1.365870e+04	6.890347e+03	5.668474e+03
1.516500e-01	1.445673e+04	6.917091e+03	5.349143e+03
1.521000e-01	1.449150e+04	6.922769e+03	5.336831e+03
1.525500e-01	1.464552e+04	6.931974e+03	5.276310e+03
1.530000e-01	1.424959e+04	6.925982e+03	5.453073e+03
1.534500e-01	1.338786e+04	6.905088e+03	5.825665e+03
1.539000e-01	1.434423e+04	6.934598e+03	5.410495e+03
1.543500e-01	1.439276e+04	6.940269e+03	5.391234e+03
1.548000e-01	1.454312e+04	6.948819e+03	5.327242e+03
1.552500e-01	1.438309e+04	6.949290e+03	5.407144e+03
1.557000e-01	1.321958e+04	6.921718e+03	5.948635e+03
1.561500e-01	1.416943e+04	6.949730e+03	5.506820e+03
1.566000e-01	1.429532e+04	6.957279e+03	5.450606e+03
1.570500e-01	1.443407e+04	6.965286e+03	5.387965e+03
1.575000e-01	1.445033e+04	6.970454e+03	5.386166e+03
1.579500e-01	1.316391e+04	6.941646e+03	6.023920e+03
1.584000e-01	1.392957e+04	6.963181e+03	5.645200e+03
1.588500e-01	1.420159e+04	6.973960e+03	5.513323e+03
1.593000e-01	1.432040e+04	6.981097e+03	5.456946e+03
1.597500e-01	1.445514e+04	6.989109e+03	5.397362e+03
1.602000e-01	1.343593e+04	6.974747e+03	6.050407e+03
1.606500e-01	1.360855e+04	6.974064e+03	5.831577e+03
1.611000e-01	1.393675e+04	6.980017e+03	5.565584e+03
1.615500e-01	1.393711e+04	6.980726e+03	5.514989e+03
1.620000e-01	1.399968e+04	6.982413e+03	5.421187e+03
1.624500e-01	1.397186e+04	7.017547e+03	6.008326e+03
1.629000e-01	1.382769e+04	7.018711e+03	6.119458e+03
1.633500e-01	1.379328e+04	6.991879e+03	5.628563e+03
1.638000e-01	1.373865e+04	6.990117e+03	5.596455e+03
1.642500e-01	1.368434e+04	6.983905e+03	5.487287e+03
1.647000e-01	1.366240e+04	7.008179e+03	5.866809e+03
1.651500e-01	1.378117e+04	7.048621e+03	6.392903e+03
1.656000e-01	1.383975e+04	7.015487e+03	5.727322e+03
1.660500e-01	1.388679e+04	7.020432e+03	5.709672e+03
1.665000e-01	1.393891e+04	7.020583e+03	5.605311e+03
1.669500e-01	1.364735e+04	7.017971e+03	5.780103e+03
1.674000e-01	1.277874e+04	7.015806e+03	6.531382e+03
1.678500e-01	1.370604e+04	7.030064e+03	5.861598e+03
1.683000e-01	1.380439e+04	7.035654e+03	5.808260e+03
1.687500e-01	1.396321e+04	7.042413e+03	5.715152e+03
1.692000e-01	1.390872e+04	7.045242e+03	5.756130e+03
1.696500e-01	1.252025e+04	7.021740e+03	6.646983e+03
1.701000e-01	1.346305e+04	7.041001e+03	6.044063e+03
1.705500e-01	1.368476e+04	7.048423e+03	5.905283e+03
1.710000e-01	1.382163e+04	7.054452e+03	5.820528e+03
1.714500e-01	1.391876e+04	7.060050e+03	5.762570e+03
1.719000e-01	1.252606e+04	7.038214e+03	6.687062e+03
1.723500e-01	1.313783e+04	7.050333e+03	6.283053e+03
1.728000e-01	1.356552e+04	7.060893e+03	6.003108e+03
1.732500e-01	1.367333e+04	7.066182e+03	5.934969e+03
1.737000e-01	1.384583e+04	7.072842e+03	5.823850e+03
1.741500e-01	1.267134e+04	7.055897e+03	6.629819e+03
1.746000e-01	1.273668e+04	7.057761e+03	6.585348e+03
1.750500e-01	1.345049e+04	7.072168e+03	6.100066e+03
1.755000e-01	1.351876e+04	7.076370e+03	6.056518e+03
1.759500e-01	1.370059e+04	7.082651e+03	5.934931e+03
1.764000e-01	1.292249e+04	7.073380e+03	6.487326e+03
1.768500e-01	1.229437e+04	7.064812e+03	6.930690e+03
1.773000e-01	1.332764e+04	7.083424e+03	6.205234e+03
1.777500e-01	1.336073e+04	7.087207e+03	6.185514e+03
1.782000e-01	1.354362e+04	7.093489e+03	6.059730e+03
1.786500e-01	1.311674e+04	7.090616e+03	6.374360e+03
1.791000e-01	1.196342e+04	7.074494e+03	7.210601e+03
1.795500e-01	1.314057e+04	7.093117e+03	6.358793e+03
1.800000e-01	1.320538e+04	7.096924e+03	6.315094e+03
1.804500e-01	1.338014e+04	7.102416e+03	6.191110e+03
1.809000e-01	1.322979e+04	7.103551e+03	6.308384e+03
1.813500e-01	1.176580e+04	7.084973e+03	7.399066e+03
1.818000e-01	1.288108e+04	7.101578e+03	6.570871e+03
1.822500e-01	1.305535e+04	7.106847e+03	6.444701e+03
1.827000e-01	1.321256e+04	7.112056e+03	6.330857e+03
1.831500e-01	1.326057e+04	7.116112e+03	6.300372e+03
1.836000e-01	1.171051e+04	7.098094e+03	7.484181e+03
1.840500e-01	1.254623e+04	7.109386e+03	6.847225e+03
1.845000e-01	1.290983e+04	7.116569e+03	6.572789e+03
1.849500e-01	1.303843e+04	7.121057e+03	6.477488e+03
1.854000e-01	1.320123e+04	7.126245e+03	6.356232e+03
1.858500e-01	1.180040e+04	7.111448e+03	7.451611e+03
1.863000e-01	1.213368e+04	7.115970e+03	7.192569e+03
1.867500e-01	1.277050e+04	7.125832e+03	6.698356e+03
1.872000e-01	1.286048e+04	7.129695e+03	6.631296e+03
1.876500e-01	1.305393e+04	7.135014e+03	6.483066e+03
1.881000e-01	1.204016e+04	7.126046e+03	7.294814e+03
1.885500e-01	1.164708e+04	7.122008e+03	7.608403e+03
1.890000e-01	1.263591e+04	7.134828e+03	6.821467e+03
1.894500e-01	1.267750e+04	7.137998e+03	6.791214e+03
1.899000e-01	1.287235e+04	7.143023e+03	6.638110e+03
1.903500e-01	1.227097e+04	7.139587e+03	7.131416e+03
1.908000e-01	1.122902e+04	7.129511e+03	7.980347e+03
1.912500e-01	1.245345e+04	7.143359e+03	6.985012e+03
1.917000e-01	1.249715e+04	7.146512e+03	6.952561e+03
1.921500e-01	1.268688e+04	7.151256e+03	6.800601e+03
1.926000e-01	1.241666e+04	7.151635e+03	7.029249e+03
1.930500e-01	1.095567e+04	7.138568e+03	8.242015e+03
1.935000e-01	1.219626e+04	7.151026e+03	7.213192e+03
1.939500e-01	1.232288e+04	7.154735e+03	7.110860e+03
1.944000e-01	1.249686e+04	7.159014e+03	6.968712e+03
1.948500e-01	1.247239e+04	7.161733e+03	6.993919e+03
1.953000e-01	1.083145e+04	7.148473e+03	8.381138e+03
1.957500e-01	1.186236e+04	7.158001e+03	7.510328e+03
1.962000e-01	1.215513e+04	7.162916e+03	7.265245e+03
1.966500e-01	1.230271e+04	7.166825e+03	7.142684e+03
1.971000e-01	1.243557e+04	7.170907e+03	7.033094e+03
1.975500e-01	1.086083e+04	7.159884e+03	8.388173e+03
1.980000e-01	1.145072e+04	7.164655e+03	7.881358e+03
1.984500e-01	1.199468e+04	7.170975e+03	7.415592e+03
1.989000e-01	1.210504e+04	7.174358e+03	7.323011e+03
1.993500e-01	1.230413e+04	7.178684e+03	7.153723e+03
1.998000e-01	1.104753e+04	7.171685e+03	8.253316e+03
2.002500e-01	1.096040e+04	7.171300e+03	8.329034e+03
2.007000e-01	1.184172e+04	7.179302e+03	7.559835e+03
2.011500e-01	1.190371e+04	7.182353e+03	7.507662e+03
2.016000e-01	1.210565e+04	7.186570e+03	7.332579e+03
2.020500e-01	1.131325e+04	7.183789e+03	8.037757e+03
2.025000e-01	1.046424e+04	7.178268e+03	8.791005e+03
2.029500e-01	1.166995e+04	7.187124e+03	7.721430e+03
2.034000e-01	1.170254e+04	7.189763e+03	7.694572e+03
2.038500e-01	1.190204e+04	7.193570e+03	7.518897e+03
2.043000e-01	1.149268e+04	7.193685e+03	7.890286e+03
2.047500e-01	1.011624e+04	7.186196e+03	9.129754e+03
2.052000e-01	1.142415e+04	7.194762e+03	7.951272e+03
2.056500e-01	1.150892e+04	7.197789e+03	7.876693e+03
2.061000e-01	1.169544e+04	7.201537e+03	7.709830e+03
2.065500e-01	1.157826e+04	7.203799e+03	7.819800e+03
2.070000e-01	9.923963e+03	7.195776e+03	9.330848e+03
2.074500e-01	1.110191e+04	7.202030e+03	8.253481e+03
2.079000e-01	1.132336e+04	7.205369e+03	8.052277e+03
2.083500e-01	1.148606e+04	7.208594e+03	7.904452e+03
2.088000e-01	1.156807e+04	7.211707e+03	7.831310e+03
2.092500e-01	9.889289e+03	7.205280e+03	9.386235e+03
2.097000e-01	1.070316e+04	7.209278e+03	8.631639e+03
2.101500e-01	1.114656e+04	7.213410e+03	8.221663e+03
2.106000e-01	1.127469e+04	7.216554e+03	8.104006e+03
2.110500e-01	1.146167e+04	7.220237e+03	7.931576e+03
2.115000e-01	1.001404e+04	7.216256e+03	9.290001e+03
2.119500e-01	1.022780e+04	7.216805e+03	9.087574e+03
2.124000e-01	1.097808e+04	7.221295e+03	8.382918e+03
2.128500e-01	1.106051e+04	7.223987e+03	8.306041e+03
2.133000e-01	1.126450e+04	7.227341e+03	8.114459e+03
2.137500e-01	1.027696e+04	7.226221e+03	9.053454e+03
2.142000e-01	9.695736e+03	7.224502e+03	9.604982e+03
2.146500e-01	1.081244e+04	7.229346e+03	8.542323e+03
2.151000e-01	1.084643e+04	7.231978e+03	8.510768e+03
2.155500e-01	1.104964e+04	7.235266e+03	8.317575e+03
2.160000e-01	1.049129e+04	7.236335e+03	8.856003e+03
2.164500e-01	9.280920e+03	7.233422e+03	1.001959e+04
2.169000e-01	1.058675e+04	7.237414e+03	8.760175e+03
2.173500e-01	1.063926e+04	7.239959e+03	8.709897e+03
2.178000e-01	1.083234e+04	7.242939e+03	8.523496e+03
2.182500e-01	1.060745e+04	7.245095e+03	8.743453e+03
2.187000e-01	9.024438e+03	7.242498e+03	1.028416e+04
2.191500e-01	1.028611e+04	7.245531e+03	9.052271e+03
2.196000e-01	1.044175e+04	7.248214e+03	8.900373e+03
2.200500e-01	1.061435e+04	7.251104e+03	8.731500e+03
2.205000e-01	1.062742e+04	7.253955e+03	8.719653e+03
2.209500e-01	8.928231e+03	7.252219e+03	1.039363e+04
2.214000e-01	9.911884e+03	7.253573e+03	9.420531e+03
2.218500e-01	1.025405e+04	7.256091e+03	9.082061e+03
2.223000e-01	1.039528e+04	7.258638e+03	8.941847e+03
2.227500e-01	1.054995e+04	7.261498e+03	8.788433e+03
2.232000e-01	8.989869e+03	7.261693e+03	1.034418e+04
2.236500e-01	9.465741e+03	7.262295e+03	9.866199e+03
2.241000e-01	1.007673e+04	7.264712e+03	9.254416e+03
2.245500e-01	1.017637e+04	7.267379e+03	9.153988e+03
2.250000e-01	1.037729e+04	7.270361e+03	8.951849e+03
2.254500e-01	9.207336e+03	7.272040e+03	1.013200e+04
2.259000e-01	8.949601e+03	7.271562e+03	1.038906e+04
2.263500e-01	9.909540e+03	7.272938e+03	9.416389e+03
2.268000e-01	9.957274e+03	7.275263e+03	9.366921e+03
2.272500e-01	1.015682e+04	7.277745e+03	9.163311e+03
2.277000e-01	9.451847e+03	7.280215e+03	9.882371e+03
2.281500e-01	8.479754e+03	7.280918e+03	1.087258e+04
2.286000e-01	9.710961e+03	7.281416e+03	9.610377e+03
2.290500e-01	9.743633e+03	7.283921e+03	9.575510e+03
2.295000e-01	9.936460e+03	7.286458e+03	9.376124e+03
2.299500e-01	9.598524e+03	7.289504e+03	9.724679e+03
2.304000e-01	8.170793e+03	7.291417e+03	1.119818e+04
2.308500e-01	9.441315e+03	7.290305e+03	9.879181e+03
2.313000e-01	9.541417e+03	7.292504e+03	9.773652e+03
2.317500e-01	9.717152e+03	7.294719e+03	9.589244e+03
2.322000e-01	9.648768e+03	7.297498e+03	9.659933e+03
2.326500e-01	8.019738e+03	7.301048e+03	1.136223e+04
2.331000e-01	9.102691e+03	7.299439e+03	1.022334e+04
2.335500e-01	9.350316e+03	7.301218e+03	9.961435e+03
2.340000e-01	9.498706e+03	7.303433e+03	9.803299e+03
2.344500e-01	9.603732e+03	7.306015e+03	9.691124e+03
2.349000e-01	8.021939e+03	7.310663e+03	1.136359e+04
2.353500e-01	8.697557e+03	7.308926e+03	1.064193e+04
2.358000e-01	9.170129e+03	7.309679e+03	1.013725e+04
2.362500e-01	9.281434e+03	7.311748e+03	1.001598e+04
2.367000e-01	9.466074e+03	7.313910e+03	9.816541e+03
2.371500e-01	8.172843e+03	7.319374e+03	1.120102e+04
2.376000e-01	8.230091e+03	7.319193e+03	1.113473e+04
2.380500e-01	9.001730e+03	7.318460e+03	1.030197e+04
2.385000e-01	9.066892e+03	7.320711e+03	1.022899e+04
2.389500e-01	9.256391e+03	7.322777e+03	1.002183e+04
2.394000e-01	8.424212e+03	7.327974e+03	1.092348e+04
2.398500e-01	7.742733e+03	7.330186e+03	1.165854e+04
2.403000e-01	8.829819e+03	7.326983e+03	1.047032e+04
2.407500e-01	8.855585e+03	7.329139e+03	1.043864e+04
2.412000e-01	9.040324e+03	7.330785e+03	1.023318e+04
2.416500e-01	8.595908e+03	7.335080e+03	1.071951e+04
2.421000e-01	7.395394e+03	7.340796e+03	1.203668e+04
2.425500e-01	8.598031e+03	7.336070e+03	1.070524e+04
2.430000e-01	8.656380e+03	7.338165e+03	1.063712e+04
2.434500e-01	8.827770e+03	7.339860e+03	1.044371e+04
2.439000e-01	8.674549e+03	7.343327e+03	1.061211e+04
2.443500e-01	7.201734e+03	7.351414e+03	1.225121e+04
2.448000e-01	8.303668e+03	7.345495e+03	1.101294e+04
2.452500e-01	8.469423e+03	7.346615e+03	1.082314e+04
2.457000e-01	8.617699e+03	7.347990e+03	1.065245e+04
2.461500e-01	8.661360e+03	7.350240e+03	1.060018e+04
2.466000e-01	7.153440e+03	7.360301e+03	1.230280e+04
2.470500e-01	7.950246e+03	7.355512e+03	1.139208e+04
2.475000e-01	8.294334e+03	7.355329e+03	1.099659e+04
2.479500e-01	8.410743e+03	7.356922e+03	1.085931e+04
2.484000e-01	8.561227e+03	7.358588e+03	1.068333e+04
2.488500e-01	7.243447e+03	7.368876e+03	1.219343e+04
2.493000e-01	7.543139e+03	7.366284e+03	1.184103e+04
2.497500e-01	8.131797e+03	7.363635e+03	1.115748e+04
2.502000e-01	8.208353e+03	7.365178e+03	1.106406e+04
2.506500e-01	8.381853e+03	7.366264e+03	1.085849e+04
2.511000e-01	7.459039e+03	7.374987e+03	1.193112e+04
2.515500e-01	7.090911e+03	7.377508e+03	1.235270e+04
2.520000e-01	7.979097e+03	7.371688e+03	1.130709e+04
2.524500e-01	8.009531e+03	7.373554e+03	1.126567e+04
2.529000e-01	8.178774e+03	7.374484e+03	1.106122e+04
2.533500e-01	7.649364e+03	7.381147e+03	1.168462e+04
2.538000e-01	6.725807e+03	7.388874e+03	1.277305e+04
2.542500e-01	7.789884e+03	7.379984e+03	1.150079e+04
2.547000e-01	7.821388e+03	7.381659e+03	1.145732e+04
2.551500e-01	7.980561e+03	7.382297e+03	1.126140e+04
2.556000e-01	7.750493e+03	7.386743e+03	1.153475e+04
2.560500e-01	6.505851e+03	7.399030e+03	1.303023e+04
2.565000e-01	7.545949e+03	7.388865e+03	1.176388e+04
2.569500e-01	7.646808e+03	7.389718e+03	1.163540e+04
2.574000e-01	7.787338e+03	7.390313e+03	1.145837e+04
2.578500e-01	7.766593e+03	7.392831e+03	1.147948e+04
2.583000e-01	6.420529e+03	7.407642e+03	1.312720e+04
2.587500e-01	7.251699e+03	7.398176e+03	1.209387e+04
2.592000e-01	7.484593e+03	7.397164e+03	1.179970e+04
2.596500e-01	7.598610e+03	7.397688e+03	1.165165e+04
2.601000e-01	7.702667e+03	7.398627e+03	1.151657e+04
2.605500e-01	6.459351e+03	7.414183e+03	1.306800e+04
2.610000e-01	6.913013e+03	7.408092e+03	1.248853e+04
2.614500e-01	7.335022e+03	7.404230e+03	1.195088e+04
2.619000e-01	7.415852e+03	7.404943e+03	1.184179e+04
2.623500e-01	7.566577e+03	7.405058e+03	1.164451e+04
2.628000e-01	6.612607e+03	7.418975e+03	1.285839e+04
2.632500e-01	6.536337e+03	7.419137e+03	1.294437e+04
2.637000e-01	7.197439e+03	7.411002e+03	1.208794e+04
2.641500e-01	7.238748e+03	7.412023e+03	1.202673e+04
2.646000e-01	7.385938e+03	7.411785e+03	1.182916e+04
2.650500e-01	6.808018e+03	7.421714e+03	1.257855e+04
2.655000e-01	6.180846e+03	7.430164e+03	1.338867e+04
2.659500e-01	7.051866e+03	7.417604e+03	1.223800e+04
2.664000e-01	7.070470e+03	7.418813e+03	1.220555e+04
2.668500e-01	7.210331e+03	7.418339e+03	1.201351e+04
2.673000e-01	6.924100e+03	7.424504e+03	1.239062e+04
2.677500e-01	5.954090e+03	7.439121e+03	1.367782e+04
2.682000e-01	6.860777e+03	7.424199e+03	1.245107e+04
2.686500e-01	6.915186e+03	7.424485e+03	1.236912e+04
2.691000e-01	7.040337e+03	7.423729e+03	1.219157e+04
2.695500e-01	6.962328e+03	7.426681e+03	1.229246e+04
2.700000e-01	5.848094e+03	7.446065e+03	1.381143e+04
2.704500e-01	6.629534e+03	7.431767e+03	1.272621e+04
2.709000e-01	6.773597e+03	7.430355e+03	1.251919e+04
2.713500e-01	6.877900e+03	7.429833e+03	1.236634e+04
2.718000e-01	6.931688e+03	7.430559e+03	1.228513e+04
2.722500e-01	5.851234e+03	7.451333e+03	1.379735e+04
2.727000e-01	6.364132e+03	7.439764e+03	1.305998e+04
2.731500e-01	6.644030e+03	7.434819e+03	1.265480e+04
2.736000e-01	6.721491e+03	7.434110e+03	1.253509e+04
2.740500e-01	6.837221e+03	7.432916e+03	1.236136e+04
2.745000e-01	5.948588e+03	7.452270e+03	1.364040e+04
2.749500e-01	6.071287e+03	7.448518e+03	1.344868e+04
2.754000e-01	6.526720e+03	7.439112e+03	1.277687e+04
2.758500e-01	6.573217e+03	7.439072e+03	1.269920e+04
2.763000e-01	6.694150e+03	7.437634e+03	1.251292e+04
2.767500e-01	6.117126e+03	7.451906e+03	1.336704e+04
2.772000e-01	5.769065e+03	7.458341e+03	1.387254e+04
2.776500e-01	6.416326e+03	7.442745e+03	1.289183e+04
2.781000e-01	6.432189e+03	7.442984e+03	1.285740e+04
2.785500e-01	6.546695e+03	7.441012e+03	1.267459e+04
2.790000e-01	6.237080e+03	7.449567e+03	1.314453e+04
2.794500e-01	5.557776e+03	7.465262e+03	1.417910e+04
2.799000e-01	6.278384e+03	7.446096e+03	1.305316e+04
2.803500e-01	6.304290e+03	7.445843e+03	1.300254e+04
2.808000e-01	6.408028e+03	7.443705e+03	1.283091e+04
2.812500e-01	6.291216e+03	7.447741e+03	1.301028e+04
2.817000e-01	5.450813e+03	7.469870e+03	1.433746e+04
2.821500e-01	6.109900e+03	7.450328e+03	1.327083e+04
2.826000e-01	6.188832e+03	7.448405e+03	1.313372e+04
2.830500e-01	6.276265e+03	7.446369e+03	1.298233e+04
2.835000e-01	6.282644e+03	7.445174e+03	1.293204e+04
2.839500e-01	5.415194e+03	7.457341e+03	1.411499e+04
2.844000e-01	5.923566e+03	7.459703e+03	1.361380e+04
2.848500e-01	6.101281e+03	7.462062e+03	1.345668e+04
2.853000e-01	6.176360e+03	7.466036e+03	1.344134e+04
2.857500e-01	6.257414e+03	7.468328e+03	1.338691e+04
2.862000e-01	5.427063e+03	7.418424e+03	1.338065e+04
2.866500e-01	5.683557e+03	7.440216e+03	1.350542e+04
2.871000e-01	6.009989e+03	7.462485e+03	1.355849e+04
2.875500e-01	6.063749e+03	7.468368e+03	1.360928e+04
2.880000e-01	6.171506e+03	7.477589e+03	1.366371e+04
2.884500e-01	5.589188e+03	7.447045e+03	1.372218e+04
2.889000e-01	5.444889e+03	7.431593e+03	1.359880e+04
2.893500e-01	5.917550e+03	7.453407e+03	1.350139e+04
2.898000e-01	5.935170e+03	7.451680e+03	1.344687e+04
2.902500e-01	6.028182e+03	7.453793e+03	1.338179e+04
2.907000e-01	5.734722e+03	7.463197e+03	1.388689e+04
2.911500e-01	5.310300e+03	7.465816e+03	1.443172e+04
2.916000e-01	5.825033e+03	7.449543e+03	1.356600e+04
2.920500e-01	5.834888e+03	7.447401e+03	1.351199e+04
2.925000e-01	5.911863e+03	7.443413e+03	1.334550e+04
2.929500e-01	5.784443e+03	7.449361e+03	1.360100e+04
2.934000e-01	5.230858e+03	7.473703e+03	1.472727e+04
2.938500e-01	5.714422e+03	7.447878e+03	1.370853e+04
2.943000e-01	5.750817e+03	7.445164e+03	1.361921e+04
2.947500e-01	5.815857e+03	7.441134e+03	1.346962e+04
2.952000e-01	5.794442e+03	7.442007e+03	1.351018e+04
2.956500e-01	5.211970e+03	7.471697e+03	1.477416e+04
2.961000e-01	5.592276e+03	7.448312e+03	1.391777e+04
2.965500e-01	5.678741e+03	7.442505e+03	1.371343e+04
2.970000e-01	5.729507e+03	7.438780e+03	1.358683e+04
2.974500e-01	5.767394e+03	7.436151e+03	1.349261e+04
2.979000e-01	5.248926e+03	7.465778e+03	1.469951e+04
2.983500e-01	5.463737e+03	7.449198e+03	1.416918e+04
2.988000e-01	5.616423e+03	7.438260e+03	1.379329e+04
2.992500e-01	5.650744e+03	7.434760e+03	1.369622e+04
2.997000e-01	5.709233e+03	7.430010e+03	1.354208e+04
3.001500e-01	5.324436e+03	7.454653e+03	1.451180e+04
3.006000e-01	5.335998e+03	7.450242e+03	1.445911e+04
3.010500e-01	5.564177e+03	7.432576e+03	1.386052e+04
3.015000e-01	5.582086e+03	7.429745e+03	1.379958e+04
3.019500e-01	5.636938e+03	7.424548e+03	1.364363e+04
3.024000e-01	5.415422e+03	7.440771e+03	1.425459e+04
3.028500e-01	5.226744e+03	7.451985e+03	1.475575e+04
3.033000e-01	5.516308e+03	7.426492e+03	1.392651e+04
3.037500e-01	5.521807e+03	7.424292e+03	1.389499e+04
3.042000e-01	5.569747e+03	7.418825e+03	1.374356e+04
3.046500e-01	5.466450e+03	7.427094e+03	1.405836e+04
3.051000e-01	5.175338e+03	7.450023e+03	1.493742e+04
3.055500e-01	5.459751e+03	7.420616e+03	1.403251e+04
3.060000e-01	5.472678e+03	7.417336e+03	1.397647e+04
3.064500e-01	5.512240e+03	7.411655e+03	1.383624e+04
3.069000e-01	5.484035e+03	7.413333e+03	1.393345e+04
3.073500e-01	5.173921e+03	7.442983e+03	1.500066e+04
3.078000e-01	5.400110e+03	7.414948e+03	1.417982e+04
3.082500e-01	5.433954e+03	7.408963e+03	1.404482e+04
3.087000e-01	5.463704e+03	7.403471e+03	1.392257e+04
3.091500e-01	5.475706e+03	7.400589e+03	1.387557e+04
3.096000e-01	5.206208e+03	7.432206e+03	1.495609e+04
3.100500e-01	5.343464e+03	7.409949e+03	1.436453e+04
3.105000e-01	5.403970e+03	7.399417e+03	1.410043e+04
3.109500e-01	5.423604e+03	7.394275e+03	1.400182e+04
3.114000e-01	5.450091e+03	7.388565e+03	1.387785e+04
3.118500e-01	5.257263e+03	7.416997e+03	1.481023e+04
3.123000e-01	5.296763e+03	7.405639e+03	1.458201e+04
3.127500e-01	5.382539e+03	7.388672e+03	1.414398e+04
3.132000e-01	5.393108e+03	7.384146e+03	1.407465e+04
3.136500e-01	5.417819e+03	7.377485e+03	1.393517e+04
3.141000e-01	5.313861e+03	7.397112e+03	1.457658e+04
3.145500e-01	5.266656e+03	7.401561e+03	1.482510e+04
3.150000e-01	5.367622e+03	7.376480e+03	1.417663e+04
3.154500e-01	5.370517e+03	7.372729e+03	1.413993e+04
3.159000e-01	5.389152e+03	7.365728e+03	1.400383e+04
3.163500e-01	5.348951e+03	7.376059e+03	1.436118e+04
3.168000e-01	5.269143e+03	7.394605e+03	1.499981e+04
3.172500e-01	5.354944e+03	7.364138e+03	1.423211e+04
3.177000e-01	5.357311e+03	7.360105e+03	1.419449e+04
3.181500e-01	5.369817e+03	7.352982e+03	1.406625e+04
3.186000e-01	5.363118e+03	7.355937e+03	1.421082e+04
3.190500e-01	5.300585e+03	7.383496e+03	1.506937e+04
3.195000e-01	5.348140e+03	7.352329e+03	1.432334e+04
3.199500e-01	5.353060e+03	7.346223e+03	1.423659e+04
3.204000e-01	5.359423e+03	7.339171e+03	1.412178e+04
3.208500e-01	5.364087e+03	7.336526e+03	1.411896e+04
3.213000e-01	5.345065e+03	7.367652e+03	1.504154e+04
3.217500e-01	5.352868e+03	7.340977e+03	1.444555e+04
3.222000e-01	5.356153e+03	7.331072e+03	1.426634e+04
3.226500e-01	5.357419e+03	7.324388e+03	1.417006e+04
3.231000e-01	5.360344e+03	7.318161e+03	1.408015e+04
3.235500e-01	5.388861e+03	7.347098e+03	1.492562e+04
3.240000e-01	5.374790e+03	7.329736e+03	1.459516e+04
3.244500e-01	5.365394e+03	7.314325e+03	1.428529e+04
3.249000e-01	5.363464e+03	7.308157e+03	1.421238e+04
3.253500e-01	5.359921e+03	7.300288e+03	1.409060e+04
3.258000e-01	5.419701e+03	7.322052e+03	1.473191e+04
3.262500e-01	5.420381e+03	7.318657e+03	1.476774e+04
3.267000e-01	5.380481e+03	7.296189e+03	1.429290e+04
3.271500e-01	5.378211e+03	7.290814e+03	1.424677e+04
3.276000e-01	5.369358e+03	7.282698e+03	1.412706e+04
3.280500e-01	5.430779e+03	7.294608e+03	1.450667e+04
3.285000e-01	5.489616e+03	7.306517e+03	1.492224e+04
3.289500e-01	5.402113e+03	7.277470e+03	1.430419e+04
3.294000e-01	5.400709e+03	7.272507e+03	1.427374e+04
3.298500e-01	5.386859e+03	7.264281e+03	1.415939e+04
3.303000e-01	5.432061e+03	7.268135e+03	1.433764e+04
3.307500e-01	5.565941e+03	7.289839e+03	1.498686e+04
3.312000e-01	5.436564e+03	7.258656e+03	1.434468e+04
3.316500e-01	5.429506e+03	7.252272e+03	1.428889e+04
3.321000e-01	5.411985e+03	7.243945e+03	1.418415e+04
3.325500e-01	5.432068e+03	7.241647e+03	1.421865e+04
3.330000e-01	5.636996e+03	7.268597e+03	1.496595e+04
3.334500e-01	5.490270e+03	7.240420e+03	1.441046e+04
3.339000e-01	5.464579e+03	7.231365e+03	1.429268e+04
3.343500e-01	5.445738e+03	7.223542e+03	1.420212e+04
3.348000e-01	5.439677e+03	7.217357e+03	1.414600e+04
3.352500e-01	5.690227e+03	7.243617e+03	1.487032e+04
3.357000e-01	5.568328e+03	7.222362e+03	1.449851e+04
3.361500e-01	5.504463e+03	7.208888e+03	1.428660e+04
3.366000e-01	5.487072e+03	7.201411e+03	1.421401e+04
3.370500e-01	5.461225e+03	7.192953e+03	1.411480e+04
3.375000e-01	5.712782e+03	7.213463e+03	1.470837e+04
3.379500e-01	5.674628e+03	7.203518e+03	1.460482e+04
3.384000e-01	5.547484e+03	7.184658e+03	1.427090e+04
3.388500e-01	5.535105e+03	7.177847e+03	1.421934e+04
3.393000e-01	5.501642e+03	7.168993e+03	1.411609e+04
3.397500e-01	5.698470e+03	7.180612e+03	1.449567e+04
3.402000e-01	5.811153e+03	7.184447e+03	1.471697e+04
3.406500e-01	5.595223e+03	7.159566e+03	1.424839e+04
3.411000e-01	5.590969e+03	7.153493e+03	1.421737e+04
3.415500e-01	5.553417e+03	7.144624e+03	1.411768e+04
3.420000e-01	5.680449e+03	7.148398e+03	1.431307e+04
3.424500e-01	5.943683e+03	7.162011e+03	1.476651e+04
3.429000e-01	5.660548e+03	7.134279e+03	1.424417e+04
3.433500e-01	5.651670e+03	7.127616e+03	1.420594e+04
3.438000e-01	5.611756e+03	7.118706e+03	1.411320e+04
3.442500e-01	5.671589e+03	7.116471e+03	1.417504e+04
3.447000e-01	6.051881e+03	7.134994e+03	1.474482e+04
3.451500e-01	5.750569e+03	7.108768e+03	1.426111e+04
3.456000e-01	5.716162e+03	7.100315e+03	1.418504e+04
3.460500e-01	5.677272e+03	7.091662e+03	1.410278e+04
3.465000e-01	5.680406e+03	7.085474e+03	1.407623e+04
3.469500e-01	6.126453e+03	7.104410e+03	1.465911e+04
3.474000e-01	5.869926e+03	7.083368e+03	1.429443e+04
3.478500e-01	5.783488e+03	7.072204e+03	1.415418e+04
3.483000e-01	5.749213e+03	7.064079e+03	1.408519e+04
3.487500e-01	5.712255e+03	7.055821e+03	1.401041e+04
3.492000e-01	6.156759e+03	7.070689e+03	1.451798e+04
3.496500e-01	6.022981e+03	7.057023e+03	1.434088e+04
3.501000e-01	5.853444e+03	7.042135e+03	1.411486e+04
3.505500e-01	5.828390e+03	7.034269e+03	1.406188e+04
3.510000e-01	5.774499e+03	7.025126e+03	1.397438e+04
3.514500e-01	6.134282e+03	7.033307e+03	1.433109e+04
3.519000e-01	6.212751e+03	7.029749e+03	1.439775e+04
3.523500e-01	5.924084e+03	7.011155e+03	1.406804e+04
3.528000e-01	5.912699e+03	7.004060e+03	1.403290e+04
3.532500e-01	5.854911e+03	6.995172e+03	1.394850e+04
3.537000e-01	6.089039e+03	6.996749e+03	1.414330e+04
3.541500e-01	6.405658e+03	7.000721e+03	1.442497e+04
3.546000e-01	6.009323e+03	6.979633e+03	1.402585e+04
3.550500e-01	6.002454e+03	6.972468e+03	1.399533e+04
3.555000e-01	5.943279e+03	6.963542e+03	1.391536e+04
3.559500e-01	6.066370e+03	6.960084e+03	1.399133e+04
3.564000e-01	6.560277e+03	6.967333e+03	1.439219e+04
3.568500e-01	6.124199e+03	6.947395e+03	1.400002e+04
3.573000e-01	6.093373e+03	6.939408e+03	1.394999e+04
3.577500e-01	6.036004e+03	6.930728e+03	1.387781e+04
3.582000e-01	6.067796e+03	6.924227e+03	1.387348e+04
3.586500e-01	6.665781e+03	6.931072e+03	1.430882e+04
3.591000e-01	6.272328e+03	6.914577e+03	1.398667e+04
3.595500e-01	6.185880e+03	6.905380e+03	1.389615e+04
3.600000e-01	6.135340e+03	6.897086e+03	1.383347e+04
3.604500e-01	6.102222e+03	6.889128e+03	1.378145e+04
3.609000e-01	6.716509e+03	6.893012e+03	1.418005e+04
3.613500e-01	6.457456e+03	6.880555e+03	1.398155e+04
3.618000e-01	6.279054e+03	6.869848e+03	1.383440e+04
3.622500e-01	6.239897e+03	6.861703e+03	1.378329e+04
3.627000e-01	6.172364e+03	6.853113e+03	1.371240e+04
3.631500e-01	6.703044e+03	6.852776e+03	1.401608e+04
3.636000e-01	6.681679e+03	6.845153e+03	1.398261e+04
3.640500e-01	6.371965e+03	6.833683e+03	1.376621e+04
3.645000e-01	6.349628e+03	6.826024e+03	1.372799e+04
3.649500e-01	6.276448e+03	6.817786e+03	1.365824e+04
3.654000e-01	6.637929e+03	6.813218e+03	1.383368e+04
3.658500e-01	6.930998e+03	6.807659e+03	1.397696e+04
3.663000e-01	6.470332e+03	6.796132e+03	1.369513e+04
3.667500e-01	6.463697e+03	6.788326e+03	1.366672e+04
3.672000e-01	6.388758e+03	6.780035e+03	1.360020e+04
3.676500e-01	6.594714e+03	6.772857e+03	1.367609e+04
3.681000e-01	7.135209e+03	6.767114e+03	1.392669e+04
3.685500e-01	6.599719e+03	6.757791e+03	1.363337e+04
3.690000e-01	6.578192e+03	6.750044e+03	1.359748e+04
3.694500e-01	6.505566e+03	6.742222e+03	1.353608e+04
3.699000e-01	6.585042e+03	6.734286e+03	1.354370e+04
3.703500e-01	7.280070e+03	6.725577e+03	1.383601e+04
3.708000e-01	6.765717e+03	6.718336e+03	1.358015e+04
3.712500e-01	6.692711e+03	6.710554e+03	1.352197e+04
3.717000e-01	6.627504e+03	6.702799e+03	1.346761e+04
3.721500e-01	6.614075e+03	6.694716e+03	1.343367e+04
3.726000e-01	7.359536e+03	6.682143e+03	1.371288e+04
3.730500e-01	6.970766e+03	6.676934e+03	1.353175e+04
3.735000e-01	6.806554e+03	6.670125e+03	1.343943e+04
3.739500e-01	6.753986e+03	6.662623e+03	1.339275e+04
3.744000e-01	6.685016e+03	6.655220e+03	1.333876e+04
3.748500e-01	7.367479e+03	6.639318e+03	1.356224e+04
3.753000e-01	7.216302e+03	6.633029e+03	1.348510e+04
3.757500e-01	6.918739e+03	6.628438e+03	1.335134e+04
3.762000e-01	6.884330e+03	6.620752e+03	1.331360e+04
3.766500e-01	6.799825e+03	6.613705e+03	1.325757e+04
3.771000e-01	7.301792e+03	6.597322e+03	1.339442e+04
3.775500e-01	7.502298e+03	6.586380e+03	1.343720e+04
3.780000e-01	7.030180e+03	6.586318e+03	1.325825e+04
3.784500e-01	7.019067e+03	6.578528e+03	1.322908e+04
3.789000e-01	6.933042e+03	6.572052e+03	1.317555e+04
3.793500e-01	7.237582e+03	6.557350e+03	1.323588e+04
3.798000e-01	7.758810e+03	6.538003e+03	1.336368e+04
3.802500e-01	7.166235e+03	6.542508e+03	1.316783e+04
3.807000e-01	7.154005e+03	6.534486e+03	1.313860e+04
3.811500e-01	7.069686e+03	6.528056e+03	1.308870e+04
3.816000e-01	7.212898e+03	6.515758e+03	1.309705e+04
3.820500e-01	7.946653e+03	6.488710e+03	1.326016e+04
3.825000e-01	7.341387e+03	6.496983e+03	1.308185e+04
3.829500e-01	7.288183e+03	6.490326e+03	1.304244e+04
3.834000e-01	7.211285e+03	6.484373e+03	1.299720e+04
3.838500e-01	7.233172e+03	6.475279e+03	1.297369e+04
3.843000e-01	8.061833e+03	6.440916e+03	1.313350e+04
3.847500e-01	7.556678e+03	6.448976e+03	1.299701e+04
3.852000e-01	7.419943e+03	6.445120e+03	1.294053e+04
3.856500e-01	7.355594e+03	6.438973e+03	1.290033e+04
3.861000e-01	7.298502e+03	6.432431e+03	1.286072e+04
3.865500e-01	8.099663e+03	6.394029e+03	1.298955e+04
3.870000e-01	7.813441e+03	6.397072e+03	1.291103e+04
3.874500e-01	7.549616e+03	6.398866e+03	1.283435e+04
3.879000e-01	7.503884e+03	6.392394e+03	1.279973e+04
3.883500e-01	7.413233e+03	6.387644e+03	1.275640e+04
3.888000e-01	8.058981e+03	6.351467e+03	1.283569e+04
3.892500e-01	8.113630e+03	6.341491e+03	1.282101e+04
3.897000e-01	7.677237e+03	6.352365e+03	1.272364e+04
3.901500e-01	7.655881e+03	6.345156e+03	1.269405e+04
3.906000e-01	7.563314e+03	6.341073e+03	1.265282e+04
3.910500e-01	7.976606e+03	6.312572e+03	1.268182e+04
3.915000e-01	8.419740e+03	6.283246e+03	1.271858e+04
3.919500e-01	7.815736e+03	6.304752e+03	1.261050e+04
3.924000e-01	7.809432e+03	6.296878e+03	1.258339e+04
3.928500e-01	7.717774e+03	6.293221e+03	1.254472e+04
3.933000e-01	7.937392e+03	6.272619e+03	1.254123e+04
3.937500e-01	8.652939e+03	6.225771e+03	1.259689e+04
3.942000e-01	7.993715e+03	6.254369e+03	1.249872e+04
3.946500e-01	7.960822e+03	6.248118e+03	1.246896e+04
3.951000e-01	7.875563e+03	6.244815e+03	1.243355e+04
3.955500e-01	8.104991e+03	8.465811e+03	1.309631e+04
3.960000e-01	9.565318e+03	1.686475e+04	1.573429e+04
3.964500e-01	7.856974e+03	1.355739e+03	1.090703e+04
3.969000e-01	7.401317e+03	-3.726291e+03	9.322349e+03
3.973500e-01	6.977897e+03	-8.835508e+03	7.736925e+03
3.978000e-01	6.783403e+03	-1.155051e+04	7.276268e+03
3.982500e-01	1.071760e+04	2.922465e+04	2.422055e+04
3.987000e-01	9.421678e+03	2.008968e+04	1.546372e+04
3.991500e-01	8.730089e+03	1.502244e+04	1.081809e+04
3.996000e-01	8.759747e+03	1.728326e+04	9.320297e+03
4.000500e-01	8.452617e+03	1.778431e+04	8.668383e+03
4.005000e-01	-9.423693e+03	2.822363e+03	1.487819e+05
4.009500e-01	-1.299809e+04	8.388486e+03	9.229087e+04
4.014000e-01	-1.512807e+01	6.587509e+04	9.091685e+04
4.018500e-01	1.583366e+03	6.344870e+04	1.464420e+05
4.023000e-01	-9.123779e+03	-5.955662e+03	5.548409e+04
4.027500e-01	1.459108e+02	4.498297e+04	1.080577e+05
4.032000e-01	-4.695101e+03	3.171006e+04	9.863489e+04
4.036500e-01	-4.692991e+02	3.463759e+04	9.632163e+04
4.041000e-01	-3.975410e+03	3.198885e+04	9.827239e+04
4.045500e-01	-4.998947e+02	3.468736e+04	9.670612e+04
4.050000e-01	-2.631625e+03	3.288406e+04	9.774690e+04
4.054500e-01	-1.181104e+03	3.397574e+04	9.710865e+04
4.059000e-01	-8.975496e+02	3.411276e+04	9.702759e+04
4.063500e-01	-1.962442e+03	3.317784e+04	9.756929e+04
4.068000e-01	5.981791e+02	3.516876e+04	9.639991e+04
4.072500e-01	-2.232278e+03	3.278682e+04	9.778976e+04
4.077000e-01	1.442495e+03	3.571081e+04	9.606589e+04
4.081500e-01	-1.881895e+03	3.290450e+04	9.771373e+04
4.086000e-01	1.666441e+03	3.575075e+04	9.602939e+04
4.090500e-01	-9.655104e+02	3.349159e+04	9.735901e+04
4.095000e-01	1.323692e+03	3.532189e+04	9.627230e+04
4.099500e-01	4.251021e+02	3.449348e+04	9.675738e+04
4.104000e-01	5.695487e+02	3.454853e+04	9.671929e+04
4.108500e-01	1.930732e+03	3.560566e+04	9.608454e+04
4.113000e-01	7.622336e+01	3.398101e+04	9.704502e+04
4.117500e-01	2.944856e+03	3.631898e+04	9.564516e+04
4.122000e-01	1.145318e+02	3.385985e+04	9.710968e+04
4.126500e-01	3.393187e+03	3.656870e+04	9.548055e+04
4.131000e-01	6.688275e+02	3.418163e+04	9.690319e+04
4.135500e-01	3.326720e+03	3.638670e+04	9.557503e+04
4.140000e-01	1.696995e+03	3.491777e+04	9.645224e+04
4.144500e-01	2.795204e+03	3.580025e+04	9.591642e+04
4.149000e-01	3.008974e+03	3.591128e+04	9.584110e+04
4.153500e-01	2.186736e+03	3.514220e+04	9.629755e+04
4.158000e-01	4.132124e+03	3.675643e+04	9.531682e+04
4.162500e-01	1.980675e+03	3.482987e+04	9.647505e+04
4.167000e-01	4.751793e+03	3.717914e+04	9.504622e+04
4.171500e-01	2.239967e+03	3.492445e+04	9.640374e+04
4.176000e-01	4.901387e+03	3.719658e+04	9.502196e+04
4.180500e-01	2.925659e+03	3.539801e+04	9.610635e+04
4.185000e-01	4.630094e+03	3.684416e+04	9.522259e+04
4.189500e-01	3.962124e+03	3.618945e+04	9.561065e+04
4.194000e-01	4.058139e+03	3.622344e+04	9.558297e+04
4.198500e-01	5.066678e+03	3.705994e+04	9.506881e+04
4.203000e-01	3.682625e+03	3.577770e+04	9.584454e+04
4.207500e-01	5.800431e+03	3.760936e+04	9.471805e+04
4.212000e-01	3.713821e+03	3.568759e+04	9.588248e+04
4.216500e-01	6.113738e+03	3.778874e+04	9.459380e+04
4.221000e-01	4.118456e+03	3.594147e+04	9.571702e+04
4.225500e-01	6.045825e+03	3.763218e+04	9.467758e+04
4.230000e-01	4.863043e+03	3.650875e+04	9.535585e+04
4.234500e-01	5.646517e+03	3.717431e+04	9.494181e+04
4.239000e-01	5.805914e+03	3.726523e+04	9.487984e+04
4.243500e-01	5.204947e+03	3.667340e+04	9.523643e+04
4.248000e-01	6.596221e+03	3.789608e+04	9.447736e+04
4.252500e-01	5.053157e+03	3.644240e+04	9.536316e+04
4.257000e-01	7.019333e+03	3.819516e+04	9.428135e+04
4.261500e-01	5.241518e+03	3.651502e+04	9.530711e+04
4.266000e-01	7.108566e+03	3.819371e+04	9.427106e+04
4.270500e-01	5.724564e+03	3.687656e+04	9.507176e+04
4.275000e-01	6.902087e+03	3.792765e+04	9.441981e+04
4.279500e-01	6.443797e+03	3.745354e+04	9.470681e+04
4.284000e-01	6.497351e+03	3.746569e+04	9.469282e+04
4.288500e-01	7.193014e+03	3.807675e+04	9.430562e+04
4.293000e-01	6.238020e+03	3.715176e+04	9.486892e+04
4.297500e-01	7.677232e+03	3.845458e+04	9.406401e+04
4.302000e-01	6.263485e+03	3.709352e+04	9.490152e+04
4.306500e-01	7.871126e+03	3.856549e+04	9.398466e+04
4.311000e-01	6.541671e+03	3.728130e+04	9.476439e+04
4.315500e-01	7.807291e+03	3.844310e+04	9.404358e+04
4.320000e-01	7.032464e+03	3.768006e+04	9.451553e+04
4.324500e-01	7.530942e+03	3.812035e+04	9.423909e+04
4.329000e-01	7.644118e+03	3.818935e+04	9.418464e+04
4.333500e-01	7.246717e+03	3.778178e+04	9.442945e+04
4.338000e-01	8.136989e+03	3.859867e+04	9.392298e+04
4.342500e-01	7.151557e+03	3.763759e+04	9.451511e+04
4.347000e-01	8.383725e+03	3.878136e+04	9.380070e+04
4.351500e-01	7.280473e+03	3.770009e+04	9.446068e+04
4.356000e-01	8.418688e+03	3.876190e+04	9.380223e+04
4.360500e-01	7.582919e+03	3.793557e+04	9.431130e+04
4.365000e-01	8.276547e+03	3.857712e+04	9.390975e+04
4.369500e-01	8.013412e+03	3.830083e+04	9.407362e+04
4.374000e-01	8.030779e+03	3.829610e+04	9.407112e+04
4.378500e-01	8.443080e+03	3.866870e+04	9.383668e+04
4.383000e-01	7.885706e+03	3.811032e+04	9.418001e+04
4.387500e-01	8.701291e+03	3.887603e+04	9.370154e+04
4.392000e-01	7.911709e+03	3.809632e+04	9.418052e+04
4.396500e-01	8.784351e+03	3.891776e+04	9.366970e+04
4.401000e-01	8.074653e+03	3.821333e+04	9.410116e+04
4.405500e-01	8.727575e+03	3.882833e+04	9.371731e+04
4.410000e-01	8.342697e+03	3.843783e+04	9.395728e+04
4.414500e-01	8.575738e+03	3.865055e+04	9.382127e+04
4.419000e-01	8.640257e+03	3.870107e+04	9.378468e+04
4.423500e-01	8.432050e+03	3.848500e+04	9.391609e+04
4.428000e-01	8.863354e+03	3.888645e+04	9.366608e+04
4.432500e-01	8.408765e+03	3.842941e+04	9.394824e+04
4.437000e-01	8.948207e+03	3.894461e+04	9.362774e+04
4.441500e-01	8.475667e+03	3.847763e+04	9.391360e+04
4.446000e-01	8.930609e+03	3.891170e+04	9.364167e+04
4.450500e-01	8.620327e+03	3.859666e+04	9.383452e+04
4.455000e-01	8.858163e+03	3.882066e+04	9.369328e+04
4.459500e-01	8.779425e+03	3.873711e+04	9.374544e+04
4.464000e-01	8.761921e+03	3.871311e+04	9.376009e+04
4.468500e-01	8.911265e+03	3.885148e+04	9.367084e+04
4.473000e-01	8.734146e+03	3.867273e+04	9.377961e+04
4.477500e-01	8.952669e+03	3.888544e+04	9.365001e+04
4.482000e-01	8.759345e+03	3.869499e+04	9.376774e+04
4.486500e-01	8.930187e+03	3.885470e+04	9.366793e+04
4.491000e-01	8.831566e+03	3.875513e+04	9.372729e+04
4.495500e-01	8.883346e+03	3.880075e+04	9.369809e+04
4.500000e-01	8.858941e+03	3.878127e+04	9.371171e+04


