0.000000e+00	4.379052e+03	1.304755e+04	2.841097e+04
3.456932e-03	4.378499e+03	1.304596e+04	2.840991e+04
6.913864e-03	4.374966e+03	1.304006e+04	2.840909e+04
1.037080e-02	4.368255e+03	1.302864e+04	2.840907e+04
1.382773e-02	-1.097604e+02	1.232137e+04	3.531975e+04
1.728466e-02	7.323331e+03	1.344833e+04	2.380282e+04
2.074159e-02	4.442556e+03	1.297711e+04	2.813336e+04
2.419852e-02	2.251396e+04	1.576612e+04	3.377480e+02
2.765545e-02	1.892768e+04	1.524954e+04	6.343642e+03
3.111239e-02	1.535973e+04	1.471057e+04	1.146145e+04
3.456932e-02	1.628454e+04	1.486822e+04	1.008013e+04
3.802625e-02	1.628127e+04	1.488266e+04	1.006552e+04
4.148318e-02	1.627796e+04	1.489707e+04	1.005093e+04
4.494011e-02	1.631978e+04	1.487891e+04	1.010554e+04
4.839704e-02	1.645783e+04	1.479255e+04	1.033226e+04
5.185398e-02	1.636514e+04	1.487311e+04	1.021907e+04
5.531091e-02	1.637128e+04	1.488165e+04	1.024137e+04
5.876784e-02	1.637134e+04	1.489466e+04	1.025686e+04
6.222477e-02	1.636958e+04	1.490898e+04	1.026973e+04
6.568170e-02	1.636784e+04	1.492326e+04	1.028261e+04
6.913864e-02	1.640727e+04	1.491654e+04	1.032075e+04
7.259557e-02	1.643004e+04	1.491253e+04	1.035598e+04
7.605250e-02	1.642151e+04	1.492572e+04	1.037038e+04
7.950943e-02	1.643328e+04	1.492964e+04	1.039583e+04
8.296636e-02	1.644185e+04	1.493489e+04	1.041966e+04
8.642329e-02	1.645042e+04	1.494014e+04	1.044346e+04
8.988023e-02	1.646072e+04	1.494659e+04	1.046560e+04
9.333716e-02	1.648132e+04	1.496011e+04	1.047815e+04
9.679409e-02	1.648395e+04	1.496129e+04	1.050735e+04
1.002510e-01	1.649213e+04	1.496628e+04	1.053135e+04
1.037080e-01	1.650094e+04	1.497171e+04	1.055472e+04
1.071649e-01	1.650943e+04	1.497693e+04	1.057835e+04
1.106218e-01	1.651791e+04	1.498214e+04	1.060194e+04
1.140787e-01	1.653284e+04	1.499175e+04	1.061944e+04
1.175357e-01	1.654797e+04	1.500151e+04	1.063673e+04
1.209926e-01	1.655001e+04	1.500233e+04	1.066624e+04
1.244495e-01	1.655955e+04	1.500827e+04	1.068869e+04
1.279065e-01	1.656799e+04	1.501347e+04	1.071211e+04
1.313634e-01	1.657640e+04	1.501865e+04	1.073552e+04
1.348203e-01	1.658542e+04	1.502425e+04	1.075831e+04
1.382773e-01	1.660556e+04	1.503739e+04	1.077051e+04
1.417342e-01	1.661060e+04	1.504029e+04	1.079701e+04
1.451911e-01	1.661719e+04	1.504424e+04	1.082198e+04
1.486481e-01	1.662606e+04	1.504975e+04	1.084475e+04
1.521050e-01	1.663440e+04	1.505489e+04	1.086798e+04
1.555619e-01	1.664272e+04	1.506003e+04	1.089118e+04
1.590189e-01	1.665501e+04	1.506784e+04	1.091052e+04
1.624758e-01	1.667312e+04	1.507960e+04	1.092425e+04
1.659327e-01	1.667445e+04	1.508002e+04	1.095403e+04
1.693897e-01	1.668351e+04	1.508567e+04	1.097636e+04
1.728466e-01	1.669186e+04	1.509084e+04	1.099931e+04
1.763035e-01	1.670011e+04	1.509594e+04	1.102232e+04
1.797605e-01	1.670840e+04	1.510108e+04	1.104524e+04
1.832174e-01	1.672655e+04	1.511284e+04	1.105854e+04
1.866743e-01	1.673527e+04	1.511828e+04	1.108096e+04
1.901312e-01	1.673980e+04	1.512089e+04	1.110741e+04
1.935882e-01	1.674877e+04	1.512650e+04	1.112949e+04
1.970451e-01	1.675693e+04	1.513156e+04	1.115232e+04
2.005020e-01	1.676507e+04	1.513662e+04	1.117511e+04
2.039590e-01	1.677531e+04	1.514308e+04	1.119579e+04
2.074159e-01	1.679480e+04	1.515572e+04	1.120736e+04
2.108728e-01	1.679677e+04	1.515665e+04	1.123609e+04
2.143298e-01	1.680485e+04	1.516168e+04	1.125877e+04
2.177867e-01	1.681316e+04	1.516685e+04	1.128118e+04
2.212436e-01	1.682121e+04	1.517187e+04	1.130378e+04
2.247006e-01	1.682924e+04	1.517687e+04	1.132636e+04
2.281575e-01	1.684423e+04	1.518650e+04	1.134197e+04
2.316144e-01	1.685744e+04	1.519496e+04	1.135933e+04
2.350714e-01	1.685972e+04	1.519613e+04	1.138748e+04
2.385283e-01	1.686874e+04	1.520181e+04	1.140889e+04
2.419852e-01	1.687671e+04	1.520678e+04	1.143130e+04
2.454422e-01	1.688465e+04	1.521174e+04	1.145369e+04
2.488991e-01	1.689342e+04	1.521725e+04	1.147518e+04
2.523560e-01	1.691274e+04	1.522977e+04	1.148602e+04
2.558130e-01	1.691663e+04	1.523204e+04	1.151236e+04
2.592699e-01	1.692326e+04	1.523614e+04	1.153587e+04
2.627268e-01	1.693155e+04	1.524134e+04	1.155766e+04
2.661837e-01	1.693939e+04	1.524625e+04	1.157986e+04
2.696407e-01	1.694722e+04	1.525115e+04	1.160202e+04
2.730976e-01	1.695942e+04	1.525895e+04	1.161967e+04
2.765545e-01	1.697580e+04	1.526952e+04	1.163303e+04
2.800115e-01	1.697700e+04	1.527004e+04	1.166179e+04
2.834684e-01	1.698564e+04	1.527549e+04	1.168293e+04
2.869253e-01	1.699344e+04	1.528039e+04	1.170486e+04
2.903823e-01	1.700116e+04	1.528524e+04	1.172683e+04
2.938392e-01	1.700902e+04	1.529018e+04	1.174860e+04
2.972961e-01	1.702671e+04	1.530163e+04	1.176018e+04
3.007531e-01	1.703370e+04	1.530599e+04	1.178277e+04
3.042100e-01	1.703846e+04	1.530889e+04	1.180759e+04
3.076669e-01	1.704676e+04	1.531414e+04	1.182871e+04
3.111239e-01	1.705437e+04	1.531893e+04	1.185048e+04
3.145808e-01	1.706196e+04	1.532371e+04	1.187223e+04
3.180377e-01	1.707197e+04	1.533010e+04	1.189139e+04
3.214947e-01	1.708994e+04	1.534174e+04	1.190221e+04
3.249516e-01	1.709137e+04	1.534245e+04	1.193023e+04
3.284085e-01	1.709914e+04	1.534736e+04	1.195158e+04
3.318655e-01	1.710683e+04	1.535222e+04	1.197296e+04
3.353224e-01	1.711431e+04	1.535695e+04	1.199451e+04
3.387793e-01	1.712177e+04	1.536166e+04	1.201602e+04
3.422362e-01	1.713653e+04	1.537121e+04	1.202975e+04
3.456932e-01	1.714761e+04	1.537831e+04	1.204735e+04
3.491501e-01	1.715016e+04	1.537979e+04	1.207389e+04
3.526070e-01	1.715848e+04	1.538508e+04	1.209428e+04
3.560640e-01	1.716585e+04	1.538975e+04	1.211562e+04
3.595209e-01	1.717319e+04	1.539440e+04	1.213694e+04
3.629778e-01	1.718159e+04	1.539976e+04	1.215707e+04
3.664348e-01	1.719965e+04	1.541149e+04	1.216680e+04
3.698917e-01	1.720251e+04	1.541319e+04	1.219276e+04
3.733486e-01	1.720899e+04	1.541728e+04	1.221478e+04
3.768056e-01	1.721657e+04	1.542211e+04	1.223556e+04
3.802625e-01	1.722379e+04	1.542670e+04	1.225668e+04
3.837194e-01	1.723099e+04	1.543128e+04	1.227776e+04
3.871764e-01	1.724288e+04	1.543896e+04	1.229370e+04
3.906333e-01	1.725724e+04	1.544827e+04	1.230693e+04
3.940902e-01	1.725839e+04	1.544885e+04	1.233441e+04
3.975472e-01	1.726641e+04	1.545399e+04	1.235438e+04
4.010041e-01	1.727355e+04	1.545854e+04	1.237525e+04
4.044610e-01	1.728062e+04	1.546305e+04	1.239613e+04
4.079179e-01	1.728795e+04	1.546773e+04	1.241668e+04
4.113749e-01	1.730473e+04	1.547868e+04	1.242679e+04
4.148318e-01	1.731010e+04	1.548207e+04	1.244938e+04
4.182887e-01	1.731490e+04	1.548508e+04	1.247253e+04
4.217457e-01	1.732241e+04	1.548990e+04	1.249264e+04
4.252026e-01	1.732935e+04	1.549434e+04	1.251332e+04
4.286595e-01	1.733627e+04	1.549877e+04	1.253397e+04
4.321165e-01	1.734587e+04	1.550499e+04	1.255157e+04
4.355734e-01	1.736198e+04	1.551551e+04	1.256191e+04
4.390303e-01	1.736297e+04	1.551600e+04	1.258898e+04
4.424873e-01	1.737024e+04	1.552068e+04	1.260901e+04
4.459442e-01	1.737718e+04	1.552513e+04	1.262934e+04
4.494011e-01	1.738396e+04	1.552949e+04	1.264979e+04
4.528581e-01	1.739072e+04	1.553383e+04	1.267021e+04
4.563150e-01	1.740499e+04	1.554316e+04	1.268212e+04
4.597719e-01	1.741384e+04	1.554890e+04	1.270008e+04
4.632289e-01	1.741661e+04	1.555060e+04	1.272480e+04
4.666858e-01	1.742408e+04	1.555542e+04	1.274418e+04
4.701427e-01	1.743072e+04	1.555970e+04	1.276443e+04
4.735997e-01	1.743734e+04	1.556397e+04	1.278464e+04
4.770566e-01	1.744523e+04	1.556909e+04	1.280334e+04
4.805135e-01	1.746166e+04	1.557990e+04	1.281227e+04
4.839704e-01	1.746361e+04	1.558105e+04	1.283762e+04
4.874274e-01	1.746974e+04	1.558500e+04	1.285816e+04
4.908843e-01	1.747651e+04	1.558938e+04	1.287790e+04
4.943412e-01	1.748298e+04	1.559357e+04	1.289791e+04
4.977982e-01	1.748943e+04	1.559774e+04	1.291789e+04
5.012551e-01	1.750078e+04	1.560519e+04	1.293216e+04
5.047120e-01	1.751294e+04	1.561318e+04	1.294545e+04
5.081690e-01	1.751405e+04	1.561379e+04	1.297138e+04
5.116259e-01	1.752128e+04	1.561850e+04	1.299022e+04
5.150828e-01	1.752764e+04	1.562262e+04	1.301000e+04
5.185398e-01	1.753394e+04	1.562671e+04	1.302977e+04
5.219967e-01	1.754063e+04	1.563107e+04	1.304902e+04
5.254536e-01	1.755611e+04	1.564133e+04	1.305797e+04
5.289106e-01	1.756002e+04	1.564382e+04	1.308036e+04
5.323675e-01	1.756465e+04	1.564679e+04	1.310183e+04
5.358244e-01	1.757127e+04	1.565111e+04	1.312092e+04
5.392814e-01	1.757742e+04	1.565512e+04	1.314049e+04
5.427383e-01	1.758355e+04	1.565911e+04	1.316003e+04
5.461952e-01	1.759256e+04	1.566506e+04	1.317608e+04
5.496522e-01	1.760657e+04	1.567437e+04	1.318620e+04
5.531091e-01	1.760719e+04	1.567465e+04	1.321205e+04
5.565660e-01	1.761377e+04	1.567896e+04	1.323079e+04
5.600229e-01	1.761986e+04	1.568295e+04	1.325004e+04
5.634799e-01	1.762583e+04	1.568685e+04	1.326937e+04
5.669368e-01	1.763180e+04	1.569076e+04	1.328864e+04
5.703937e-01	1.764517e+04	1.569969e+04	1.329899e+04
5.738507e-01	1.765191e+04	1.570412e+04	1.331722e+04
5.773076e-01	1.765474e+04	1.570590e+04	1.334004e+04
5.807645e-01	1.766123e+04	1.571018e+04	1.335843e+04
5.842215e-01	1.766704e+04	1.571399e+04	1.337756e+04
5.876784e-01	1.767283e+04	1.571779e+04	1.339665e+04
5.911353e-01	1.768006e+04	1.572258e+04	1.341392e+04
5.945923e-01	1.769458e+04	1.573235e+04	1.342233e+04
5.980492e-01	1.769574e+04	1.573299e+04	1.344682e+04
6.015061e-01	1.770131e+04	1.573666e+04	1.346590e+04
6.049631e-01	1.770716e+04	1.574052e+04	1.348458e+04
6.084200e-01	1.771278e+04	1.574423e+04	1.350347e+04
6.118769e-01	1.771837e+04	1.574792e+04	1.352233e+04
6.153339e-01	1.772895e+04	1.575504e+04	1.353502e+04
6.187908e-01	1.773882e+04	1.576166e+04	1.354853e+04
6.222477e-01	1.773988e+04	1.576224e+04	1.357273e+04
6.257047e-01	1.774616e+04	1.576642e+04	1.359047e+04
6.291616e-01	1.775163e+04	1.577004e+04	1.360914e+04
6.326185e-01	1.775705e+04	1.577363e+04	1.362780e+04
6.360754e-01	1.776300e+04	1.577759e+04	1.364573e+04
6.395324e-01	1.777683e+04	1.578701e+04	1.365385e+04
6.429893e-01	1.777945e+04	1.578866e+04	1.367578e+04
6.464462e-01	1.778370e+04	1.579145e+04	1.369561e+04
6.499032e-01	1.778933e+04	1.579520e+04	1.371366e+04
6.533601e-01	1.779459e+04	1.579870e+04	1.373211e+04
6.568170e-01	1.779981e+04	1.580218e+04	1.375052e+04
6.602740e-01	1.780805e+04	1.580777e+04	1.376509e+04
6.637309e-01	1.781980e+04	1.581579e+04	1.377521e+04
6.671878e-01	1.782009e+04	1.581583e+04	1.379960e+04
6.706448e-01	1.782581e+04	1.581967e+04	1.381712e+04
6.741017e-01	1.783096e+04	1.582311e+04	1.383529e+04
6.775586e-01	1.783602e+04	1.582649e+04	1.385350e+04
6.810156e-01	1.784112e+04	1.582991e+04	1.387157e+04
6.844725e-01	1.785322e+04	1.583825e+04	1.388070e+04
6.879294e-01	1.785806e+04	1.584148e+04	1.389899e+04
6.913864e-01	1.786073e+04	1.584319e+04	1.391994e+04
6.948433e-01	1.786616e+04	1.584684e+04	1.393733e+04
6.983002e-01	1.787104e+04	1.585012e+04	1.395533e+04
7.017571e-01	1.787589e+04	1.585338e+04	1.397330e+04
7.052141e-01	1.788231e+04	1.585777e+04	1.398917e+04
7.086710e-01	1.789467e+04	1.586638e+04	1.399735e+04
7.121279e-01	1.789516e+04	1.586653e+04	1.402073e+04
7.155849e-01	1.790001e+04	1.586980e+04	1.403843e+04
7.190418e-01	1.790486e+04	1.587307e+04	1.405605e+04
7.224987e-01	1.790953e+04	1.587623e+04	1.407381e+04
7.259557e-01	1.791418e+04	1.587936e+04	1.409155e+04
7.294126e-01	1.792266e+04	1.588593e+04	1.410271e+04
7.328695e-01	1.793037e+04	1.589118e+04	1.411654e+04
7.363265e-01	1.793286e+04	1.589182e+04	1.413899e+04
7.397834e-01	1.793843e+04	1.589541e+04	1.415574e+04
7.432403e-01	1.794349e+04	1.589852e+04	1.417335e+04
7.466973e-01	1.794852e+04	1.590160e+04	1.419094e+04
7.501542e-01	1.795345e+04	1.590507e+04	1.420754e+04
7.536111e-01	1.795779e+04	1.591277e+04	1.421441e+04
7.570681e-01	1.796331e+04	1.591403e+04	1.423605e+04
7.605250e-01	1.796844e+04	1.591666e+04	1.425445e+04
7.639819e-01	1.797346e+04	1.591983e+04	1.427151e+04
7.674389e-01	1.797847e+04	1.592282e+04	1.428891e+04
7.708958e-01	1.798346e+04	1.592579e+04	1.430628e+04
7.743527e-01	1.798960e+04	1.593081e+04	1.431936e+04
7.778096e-01	1.799590e+04	1.593719e+04	1.432936e+04
7.812666e-01	1.799832e+04	1.593720e+04	1.435235e+04
7.847235e-01	1.800290e+04	1.594045e+04	1.436869e+04
7.881804e-01	1.800716e+04	1.594330e+04	1.438579e+04
7.916374e-01	1.801137e+04	1.594610e+04	1.440290e+04
7.950943e-01	1.801569e+04	1.594899e+04	1.441978e+04
7.985512e-01	1.802588e+04	1.595656e+04	1.442801e+04
8.020082e-01	1.802893e+04	1.595865e+04	1.444612e+04
8.054651e-01	1.803131e+04	1.596016e+04	1.446527e+04
8.089220e-01	1.803557e+04	1.596314e+04	1.448167e+04
8.123790e-01	1.803941e+04	1.596581e+04	1.449856e+04
8.158359e-01	1.804322e+04	1.596847e+04	1.451542e+04
8.192928e-01	1.804874e+04	1.597238e+04	1.452996e+04
8.227498e-01	1.805900e+04	1.597977e+04	1.453817e+04
8.262067e-01	1.805872e+04	1.597941e+04	1.456020e+04
8.296636e-01	1.806265e+04	1.598217e+04	1.457660e+04
8.331206e-01	1.806641e+04	1.598479e+04	1.459316e+04
8.365775e-01	1.807002e+04	1.598732e+04	1.460982e+04
8.400344e-01	1.807360e+04	1.598984e+04	1.462645e+04
8.434914e-01	1.808206e+04	1.599599e+04	1.463651e+04
8.469483e-01	1.808741e+04	1.599982e+04	1.465065e+04
8.504052e-01	1.808807e+04	1.600016e+04	1.467095e+04
8.538621e-01	1.809209e+04	1.600301e+04	1.468669e+04
8.573191e-01	1.809552e+04	1.600543e+04	1.470316e+04
8.607760e-01	1.809891e+04	1.600783e+04	1.471959e+04
8.642329e-01	1.810304e+04	1.601079e+04	1.473494e+04
8.676899e-01	1.811302e+04	1.601818e+04	1.474235e+04
8.711468e-01	1.811337e+04	1.601827e+04	1.476265e+04
8.746037e-01	1.811627e+04	1.602031e+04	1.477942e+04
8.780607e-01	1.811969e+04	1.602275e+04	1.479543e+04
8.815176e-01	1.812288e+04	1.602503e+04	1.481166e+04
8.849745e-01	1.812603e+04	1.602728e+04	1.482787e+04
8.884315e-01	1.813225e+04	1.603189e+04	1.483983e+04
8.918884e-01	1.813942e+04	1.603722e+04	1.485045e+04
8.953453e-01	1.813891e+04	1.603667e+04	1.487138e+04
8.988023e-01	1.814251e+04	1.603929e+04	1.488668e+04
9.022592e-01	1.814552e+04	1.604145e+04	1.490269e+04
9.057161e-01	1.814848e+04	1.604359e+04	1.491869e+04
9.091731e-01	1.815162e+04	1.604587e+04	1.493436e+04
9.126300e-01	1.816049e+04	1.605261e+04	1.494213e+04
9.160869e-01	1.816205e+04	1.605366e+04	1.495981e+04
9.195439e-01	1.816372e+04	1.605481e+04	1.497726e+04
9.230008e-01	1.816682e+04	1.605707e+04	1.499268e+04
9.264577e-01	1.816957e+04	1.605908e+04	1.500850e+04
9.299146e-01	1.817228e+04	1.606106e+04	1.502428e+04
9.333716e-01	1.817673e+04	1.606442e+04	1.503760e+04
9.368285e-01	1.818467e+04	1.607053e+04	1.504604e+04
9.402854e-01	1.818378e+04	1.606968e+04	1.506654e+04
9.437424e-01	1.818669e+04	1.607184e+04	1.508174e+04
9.471993e-01	1.818931e+04	1.607378e+04	1.509727e+04
9.506562e-01	1.819182e+04	1.607564e+04	1.511285e+04
9.541132e-01	1.819430e+04	1.607748e+04	1.512840e+04
9.575701e-01	1.820137e+04	1.608301e+04	1.513752e+04
9.610270e-01	1.820461e+04	1.608546e+04	1.515186e+04
9.644840e-01	1.820490e+04	1.608556e+04	1.517020e+04
9.679409e-01	1.820768e+04	1.608766e+04	1.518503e+04
9.713978e-01	1.820998e+04	1.608939e+04	1.520043e+04
9.748548e-01	1.821225e+04	1.609110e+04	1.521579e+04
9.783117e-01	1.821533e+04	1.609348e+04	1.522995e+04
9.817686e-01	1.822315e+04	1.609972e+04	1.523743e+04
9.852256e-01	1.822253e+04	1.609909e+04	1.525657e+04
9.886825e-01	1.822453e+04	1.610061e+04	1.527199e+04
9.921394e-01	1.822676e+04	1.610232e+04	1.528700e+04
9.955964e-01	1.822882e+04	1.610390e+04	1.530218e+04
9.990533e-01	1.823084e+04	1.610546e+04	1.531732e+04
1.002510e+00	1.823582e+04	1.610947e+04	1.532826e+04
1.005967e+00	1.824072e+04	1.611342e+04	1.533922e+04
1.009424e+00	1.823977e+04	1.611253e+04	1.535828e+04
1.012881e+00	1.824215e+04	1.611442e+04	1.537260e+04
1.016338e+00	1.824401e+04	1.611587e+04	1.538757e+04
1.019795e+00	1.824582e+04	1.611730e+04	1.540253e+04
1.023252e+00	1.824789e+04	1.611895e+04	1.541705e+04
1.026709e+00	1.825484e+04	1.612472e+04	1.542464e+04
1.030166e+00	1.825502e+04	1.612479e+04	1.544164e+04
1.033623e+00	1.825594e+04	1.612549e+04	1.545752e+04
1.037080e+00	1.825780e+04	1.612700e+04	1.547200e+04
1.040536e+00	1.825940e+04	1.612830e+04	1.548677e+04
1.043993e+00	1.826096e+04	1.612957e+04	1.550152e+04
1.047450e+00	1.826423e+04	1.613232e+04	1.551376e+04
1.050907e+00	1.826991e+04	1.613713e+04	1.552257e+04
1.054364e+00	1.826838e+04	1.613577e+04	1.554141e+04
1.057821e+00	1.827015e+04	1.613726e+04	1.555553e+04
1.061278e+00	1.827158e+04	1.613846e+04	1.557006e+04
1.064735e+00	1.827292e+04	1.613960e+04	1.558462e+04
1.068192e+00	1.827427e+04	1.614075e+04	1.559910e+04
1.071649e+00	1.827974e+04	1.614551e+04	1.560768e+04
1.075106e+00	1.828112e+04	1.614670e+04	1.562194e+04
1.078563e+00	1.828084e+04	1.614644e+04	1.563846e+04
1.082020e+00	1.828234e+04	1.614776e+04	1.565241e+04
1.085477e+00	1.828347e+04	1.614876e+04	1.566678e+04
1.088934e+00	1.828456e+04	1.614974e+04	1.568113e+04
1.092390e+00	1.828651e+04	1.615149e+04	1.569419e+04
1.095847e+00	1.829215e+04	1.615654e+04	1.570196e+04
1.099304e+00	1.829062e+04	1.615521e+04	1.571976e+04
1.102761e+00	1.829159e+04	1.615612e+04	1.573396e+04
1.106218e+00	1.829260e+04	1.615708e+04	1.574802e+04
1.109675e+00	1.829348e+04	1.615793e+04	1.576218e+04
1.113132e+00	1.829432e+04	1.615875e+04	1.577632e+04
1.116589e+00	1.829793e+04	1.616211e+04	1.578646e+04
1.120046e+00	1.830069e+04	1.616469e+04	1.579773e+04
1.123503e+00	1.829920e+04	1.616342e+04	1.581491e+04
1.126960e+00	1.830031e+04	1.616453e+04	1.582834e+04
1.130417e+00	1.830097e+04	1.616524e+04	1.584232e+04
1.133874e+00	1.830159e+04	1.616593e+04	1.585628e+04
1.137331e+00	1.830252e+04	1.616691e+04	1.586973e+04
1.140787e+00	1.830747e+04	1.617164e+04	1.587741e+04
1.144244e+00	1.830640e+04	1.617078e+04	1.589351e+04
1.147701e+00	1.830643e+04	1.617096e+04	1.590799e+04
1.151158e+00	1.830703e+04	1.617168e+04	1.592157e+04
1.154615e+00	1.830744e+04	1.617223e+04	1.593535e+04
1.158072e+00	1.830780e+04	1.617276e+04	1.594911e+04
1.161529e+00	1.830981e+04	1.617486e+04	1.596047e+04
1.164986e+00	1.831328e+04	1.617835e+04	1.596970e+04
1.168443e+00	1.831108e+04	1.617648e+04	1.598681e+04
1.171900e+00	1.831164e+04	1.617723e+04	1.599997e+04
1.175357e+00	1.831185e+04	1.617767e+04	1.601354e+04
1.178814e+00	1.831199e+04	1.617806e+04	1.602713e+04
1.182271e+00	1.831217e+04	1.617849e+04	1.604059e+04
1.185728e+00	1.831591e+04	1.618241e+04	1.604895e+04
1.189185e+00	1.831564e+04	1.618242e+04	1.606287e+04
1.192641e+00	1.831462e+04	1.618172e+04	1.607777e+04
1.196098e+00	1.831483e+04	1.618223e+04	1.609087e+04
1.199555e+00	1.831475e+04	1.618248e+04	1.610428e+04
1.203012e+00	1.831464e+04	1.618270e+04	1.611766e+04
1.206469e+00	1.831537e+04	1.618379e+04	1.612978e+04
1.209926e+00	1.831885e+04	1.618762e+04	1.613797e+04
1.213383e+00	1.831646e+04	1.618561e+04	1.615430e+04
1.216840e+00	1.831630e+04	1.618585e+04	1.616742e+04
1.220297e+00	1.831607e+04	1.618602e+04	1.618057e+04
1.223754e+00	1.831573e+04	1.618611e+04	1.619379e+04
1.227211e+00	1.831536e+04	1.618618e+04	1.620698e+04
1.230668e+00	1.831751e+04	1.618883e+04	1.621657e+04
1.234125e+00	1.831826e+04	1.619006e+04	1.622804e+04
1.237582e+00	1.831614e+04	1.618838e+04	1.624341e+04
1.241039e+00	1.831595e+04	1.618868e+04	1.625604e+04
1.244495e+00	1.831539e+04	1.618862e+04	1.626909e+04
1.247952e+00	1.831480e+04	1.618855e+04	1.628211e+04
1.251409e+00	1.831454e+04	1.618884e+04	1.629459e+04
1.254866e+00	1.831746e+04	1.619248e+04	1.630259e+04
1.258323e+00	1.831526e+04	1.619076e+04	1.631760e+04
1.261780e+00	1.831428e+04	1.619033e+04	1.633084e+04
1.265237e+00	1.831361e+04	1.619026e+04	1.634356e+04
1.268694e+00	1.831279e+04	1.619005e+04	1.635642e+04
1.272151e+00	1.831194e+04	1.618981e+04	1.636925e+04
1.275608e+00	1.831260e+04	1.619122e+04	1.637993e+04
1.279065e+00	1.831396e+04	1.619340e+04	1.638956e+04
1.282522e+00	1.831107e+04	1.619101e+04	1.640494e+04
1.285979e+00	1.831037e+04	1.619100e+04	1.641725e+04
1.289436e+00	1.830934e+04	1.619065e+04	1.642993e+04
1.292892e+00	1.830826e+04	1.619027e+04	1.644261e+04
1.296349e+00	1.830724e+04	1.618997e+04	1.645512e+04
1.299806e+00	1.830917e+04	1.619297e+04	1.646356e+04
1.303263e+00	1.830743e+04	1.619190e+04	1.647689e+04
1.306720e+00	1.830554e+04	1.619068e+04	1.649035e+04
1.310177e+00	1.830445e+04	1.619038e+04	1.650265e+04
1.313634e+00	1.830315e+04	1.618985e+04	1.651516e+04
1.317091e+00	1.830181e+04	1.618931e+04	1.652765e+04
1.320548e+00	1.830129e+04	1.618971e+04	1.653898e+04
1.324005e+00	1.830267e+04	1.619231e+04	1.654768e+04
1.327462e+00	1.829943e+04	1.618964e+04	1.656247e+04
1.330919e+00	1.829808e+04	1.618916e+04	1.657465e+04
1.334376e+00	1.829660e+04	1.618854e+04	1.658696e+04
1.337833e+00	1.829504e+04	1.618786e+04	1.659929e+04
1.341290e+00	1.829343e+04	1.618715e+04	1.661160e+04
1.344746e+00	1.829405e+04	1.618908e+04	1.662091e+04
1.348203e+00	1.829295e+04	1.618899e+04	1.663239e+04
1.351660e+00	1.829012e+04	1.618688e+04	1.664610e+04
1.355117e+00	1.828861e+04	1.618635e+04	1.665799e+04
1.358574e+00	1.828682e+04	1.618553e+04	1.667017e+04
1.362031e+00	1.828500e+04	1.618467e+04	1.668232e+04
1.365488e+00	1.828352e+04	1.618427e+04	1.669396e+04
1.368945e+00	1.828443e+04	1.618680e+04	1.670242e+04
1.372402e+00	1.828117e+04	1.618424e+04	1.671620e+04
1.375859e+00	1.827910e+04	1.618318e+04	1.672838e+04
1.379316e+00	1.827716e+04	1.618230e+04	1.674031e+04
1.382773e+00	1.827512e+04	1.618130e+04	1.675231e+04
1.386230e+00	1.827303e+04	1.618028e+04	1.676429e+04
1.389687e+00	1.827229e+04	1.618099e+04	1.677449e+04
1.393144e+00	1.827169e+04	1.618189e+04	1.678445e+04
1.396600e+00	1.826806e+04	1.617898e+04	1.679816e+04
1.400057e+00	1.826607e+04	1.617818e+04	1.680973e+04
1.403514e+00	1.826381e+04	1.617705e+04	1.682157e+04
1.406971e+00	1.826150e+04	1.617590e+04	1.683341e+04
1.410428e+00	1.825927e+04	1.617487e+04	1.684507e+04
1.413885e+00	1.825936e+04	1.617690e+04	1.685381e+04
1.417342e+00	1.825630e+04	1.617482e+04	1.686635e+04
1.420799e+00	1.825344e+04	1.617303e+04	1.687857e+04
1.424256e+00	1.825107e+04	1.617191e+04	1.689013e+04
1.427713e+00	1.824854e+04	1.617061e+04	1.690182e+04
1.431170e+00	1.824597e+04	1.616928e+04	1.691348e+04
1.434627e+00	1.824413e+04	1.616898e+04	1.692420e+04
1.438084e+00	1.824350e+04	1.617036e+04	1.693339e+04
1.441541e+00	1.823944e+04	1.616707e+04	1.694664e+04
1.444997e+00	1.823687e+04	1.616585e+04	1.695802e+04
1.448454e+00	1.823414e+04	1.616445e+04	1.696954e+04
1.451911e+00	1.823135e+04	1.616298e+04	1.698106e+04
1.455368e+00	1.822853e+04	1.616151e+04	1.699255e+04
1.458825e+00	1.822753e+04	1.616265e+04	1.700186e+04
1.462282e+00	1.822480e+04	1.616135e+04	1.701309e+04
1.465739e+00	1.822114e+04	1.615875e+04	1.702536e+04
1.469196e+00	1.821832e+04	1.615739e+04	1.703657e+04
1.472653e+00	1.821531e+04	1.615579e+04	1.704795e+04
1.476110e+00	1.821226e+04	1.615416e+04	1.705931e+04
1.479567e+00	1.820953e+04	1.615304e+04	1.707024e+04
1.483024e+00	1.820850e+04	1.615446e+04	1.707924e+04
1.486481e+00	1.820425e+04	1.615114e+04	1.709172e+04
1.489938e+00	1.820104e+04	1.614940e+04	1.710300e+04
1.493395e+00	1.819785e+04	1.614772e+04	1.711419e+04
1.496851e+00	1.819458e+04	1.614595e+04	1.712542e+04
1.500308e+00	1.819127e+04	1.614416e+04	1.713662e+04
1.503765e+00	1.818909e+04	1.614415e+04	1.714657e+04
1.507222e+00	1.818666e+04	1.614379e+04	1.715670e+04
1.510679e+00	1.818225e+04	1.614037e+04	1.716888e+04
1.514136e+00	1.817898e+04	1.613877e+04	1.717979e+04
1.517593e+00	1.817549e+04	1.613686e+04	1.719087e+04
1.521050e+00	1.817196e+04	1.613493e+04	1.720194e+04
1.524507e+00	1.816852e+04	1.613318e+04	1.721285e+04
1.527964e+00	1.816676e+04	1.613422e+04	1.722203e+04
1.531421e+00	1.816251e+04	1.613121e+04	1.723362e+04
1.534878e+00	1.815862e+04	1.612883e+04	1.724481e+04
1.538335e+00	1.815498e+04	1.612690e+04	1.725569e+04
1.541792e+00	1.815123e+04	1.612483e+04	1.726663e+04
1.545249e+00	1.814745e+04	1.612273e+04	1.727754e+04
1.548705e+00	1.814427e+04	1.612173e+04	1.728784e+04
1.552162e+00	1.814176e+04	1.612191e+04	1.729744e+04
1.555619e+00	1.813687e+04	1.611801e+04	1.730921e+04
1.559076e+00	1.813307e+04	1.611604e+04	1.731991e+04
1.562533e+00	1.812911e+04	1.611385e+04	1.733070e+04
1.565990e+00	1.812510e+04	1.611162e+04	1.734149e+04
1.569447e+00	1.812108e+04	1.610940e+04	1.735224e+04
1.572904e+00	1.811842e+04	1.610971e+04	1.736178e+04
1.576361e+00	1.811426e+04	1.610730e+04	1.737253e+04
1.579818e+00	1.810968e+04	1.610418e+04	1.738359e+04
1.583275e+00	1.810559e+04	1.610202e+04	1.739418e+04
1.586732e+00	1.810137e+04	1.609964e+04	1.740483e+04
1.590189e+00	1.809711e+04	1.609725e+04	1.741547e+04
1.593646e+00	1.809312e+04	1.609543e+04	1.742586e+04
1.597102e+00	1.809021e+04	1.609573e+04	1.743539e+04
1.600559e+00	1.808503e+04	1.609169e+04	1.744655e+04
1.604016e+00	1.808066e+04	1.608926e+04	1.745709e+04
1.607473e+00	1.807624e+04	1.608680e+04	1.746760e+04
1.610930e+00	1.807177e+04	1.608426e+04	1.747811e+04
1.614387e+00	1.806725e+04	1.608170e+04	1.748861e+04
1.617844e+00	1.806359e+04	1.608097e+04	1.749852e+04
1.621301e+00	1.805952e+04	1.607941e+04	1.750863e+04
1.624758e+00	1.805427e+04	1.607549e+04	1.751945e+04
1.628215e+00	1.804973e+04	1.607310e+04	1.752979e+04
1.631672e+00	1.804504e+04	1.607043e+04	1.754018e+04
1.635129e+00	1.804031e+04	1.606774e+04	1.755055e+04
1.638586e+00	1.803566e+04	1.606528e+04	1.756085e+04
1.642043e+00	1.803211e+04	1.606532e+04	1.757055e+04
1.645500e+00	1.802679e+04	1.606146e+04	1.758110e+04
1.648956e+00	1.802181e+04	1.605844e+04	1.759144e+04
1.652413e+00	1.801694e+04	1.605573e+04	1.760169e+04
1.655870e+00	1.801200e+04	1.605290e+04	1.761195e+04
1.659327e+00	1.800702e+04	1.605005e+04	1.762219e+04
1.662784e+00	1.800249e+04	1.604834e+04	1.763224e+04
1.666241e+00	1.799824e+04	1.604736e+04	1.764214e+04
1.669698e+00	1.799251e+04	1.604289e+04	1.765253e+04
1.673155e+00	1.798748e+04	1.604018e+04	1.766266e+04
1.676612e+00	1.798233e+04	1.603722e+04	1.767279e+04
1.680069e+00	1.797713e+04	1.603424e+04	1.768292e+04
1.683526e+00	1.797192e+04	1.603129e+04	1.769302e+04
1.686983e+00	1.796760e+04	1.603074e+04	1.770295e+04
1.690440e+00	1.796217e+04	1.602733e+04	1.771302e+04
1.693897e+00	1.795661e+04	1.602366e+04	1.772310e+04
1.697353e+00	1.795129e+04	1.602070e+04	1.773312e+04
1.700810e+00	1.794588e+04	1.601758e+04	1.774313e+04
1.704267e+00	1.794044e+04	1.601444e+04	1.775312e+04
1.707724e+00	1.793519e+04	1.601193e+04	1.776312e+04
1.711181e+00	1.793051e+04	1.601114e+04	1.777312e+04
1.714638e+00	1.792445e+04	1.600644e+04	1.778300e+04
1.718095e+00	1.791890e+04	1.600331e+04	1.779292e+04
1.721552e+00	1.791330e+04	1.600009e+04	1.780282e+04
1.725009e+00	1.790764e+04	1.599681e+04	1.781270e+04
1.728466e+00	1.790195e+04	1.599351e+04	1.782257e+04
1.731923e+00	1.789681e+04	1.599206e+04	1.783262e+04
1.735380e+00	1.789125e+04	1.598934e+04	1.784250e+04
1.738837e+00	1.788513e+04	1.598494e+04	1.785219e+04
1.742294e+00	1.787937e+04	1.598176e+04	1.786201e+04
1.745751e+00	1.787350e+04	1.597834e+04	1.787178e+04
1.749207e+00	1.786760e+04	1.597491e+04	1.788154e+04
1.752664e+00	1.786174e+04	1.597176e+04	1.789135e+04
1.756121e+00	1.785647e+04	1.597081e+04	1.790157e+04
1.759578e+00	1.785016e+04	1.596617e+04	1.791102e+04
1.763035e+00	1.784409e+04	1.596253e+04	1.792068e+04
1.766492e+00	1.783803e+04	1.595906e+04	1.793037e+04
1.769949e+00	1.783192e+04	1.595550e+04	1.794002e+04
1.773406e+00	1.782578e+04	1.595191e+04	1.794966e+04
1.776863e+00	1.781989e+04	1.594952e+04	1.795964e+04
1.780320e+00	1.781405e+04	1.594741e+04	1.796967e+04
1.783777e+00	1.780748e+04	1.594240e+04	1.797885e+04
1.787234e+00	1.780125e+04	1.593895e+04	1.798848e+04
1.790691e+00	1.779493e+04	1.593526e+04	1.799803e+04
1.794148e+00	1.778858e+04	1.593154e+04	1.800757e+04
1.797605e+00	1.778221e+04	1.592790e+04	1.801713e+04
1.801061e+00	1.777626e+04	1.592646e+04	1.802753e+04
1.804518e+00	1.776970e+04	1.592215e+04	1.803678e+04
1.807975e+00	1.776313e+04	1.591792e+04	1.804608e+04
1.811432e+00	1.775663e+04	1.591421e+04	1.805558e+04
1.814889e+00	1.775007e+04	1.591036e+04	1.806501e+04
1.818346e+00	1.774347e+04	1.590649e+04	1.807443e+04
1.821803e+00	1.773696e+04	1.590331e+04	1.808418e+04
1.825260e+00	1.773064e+04	1.590145e+04	1.809454e+04
1.828717e+00	1.772373e+04	1.589614e+04	1.810324e+04
1.832174e+00	1.771702e+04	1.589232e+04	1.811266e+04
1.835631e+00	1.771026e+04	1.588837e+04	1.812201e+04
1.839088e+00	1.770347e+04	1.588437e+04	1.813133e+04
1.842545e+00	1.769664e+04	1.588036e+04	1.814065e+04
1.846002e+00	1.769000e+04	1.587818e+04	1.815101e+04
1.849458e+00	1.768315e+04	1.587440e+04	1.816043e+04
1.852915e+00	1.767612e+04	1.586951e+04	1.816922e+04
1.856372e+00	1.766917e+04	1.586558e+04	1.817856e+04
1.859829e+00	1.766217e+04	1.586146e+04	1.818779e+04
1.863286e+00	1.765513e+04	1.585731e+04	1.819700e+04
1.866743e+00	1.764810e+04	1.585350e+04	1.820645e+04
1.870200e+00	1.764119e+04	1.585156e+04	1.821714e+04
1.873657e+00	1.763397e+04	1.584622e+04	1.822552e+04
1.877114e+00	1.762680e+04	1.584195e+04	1.823465e+04
1.880571e+00	1.761960e+04	1.583775e+04	1.824382e+04
1.884028e+00	1.761236e+04	1.583348e+04	1.825294e+04
1.887485e+00	1.760509e+04	1.582918e+04	1.826205e+04
1.890942e+00	1.759785e+04	1.582611e+04	1.827211e+04
1.894399e+00	1.759057e+04	1.582293e+04	1.828207e+04
1.897856e+00	1.758315e+04	1.581742e+04	1.829023e+04
1.901312e+00	1.757576e+04	1.581325e+04	1.829943e+04
1.904769e+00	1.756832e+04	1.580885e+04	1.830846e+04
1.908226e+00	1.756085e+04	1.580443e+04	1.831748e+04
1.911683e+00	1.755335e+04	1.580012e+04	1.832660e+04
1.915140e+00	1.754583e+04	1.579780e+04	1.833748e+04
1.918597e+00	1.753826e+04	1.579267e+04	1.834586e+04
1.922054e+00	1.753067e+04	1.578788e+04	1.835456e+04
1.925511e+00	1.752303e+04	1.578345e+04	1.836358e+04
1.928968e+00	1.751537e+04	1.577891e+04	1.837251e+04
1.932425e+00	1.750767e+04	1.577435e+04	1.838143e+04
1.935882e+00	1.749990e+04	1.577051e+04	1.839108e+04
1.939339e+00	1.749208e+04	1.576762e+04	1.840164e+04
1.942796e+00	1.748433e+04	1.576176e+04	1.840928e+04
1.946253e+00	1.747650e+04	1.575726e+04	1.841829e+04
1.949710e+00	1.746863e+04	1.575261e+04	1.842715e+04
1.953166e+00	1.746073e+04	1.574793e+04	1.843598e+04
1.956623e+00	1.745280e+04	1.574324e+04	1.844482e+04
1.960080e+00	1.744469e+04	1.574030e+04	1.845558e+04
1.963537e+00	1.743671e+04	1.573557e+04	1.846438e+04
1.966994e+00	1.742874e+04	1.573020e+04	1.847249e+04
1.970451e+00	1.742067e+04	1.572554e+04	1.848140e+04
1.973908e+00	1.741258e+04	1.572074e+04	1.849015e+04
1.977365e+00	1.740445e+04	1.571591e+04	1.849889e+04
1.980822e+00	1.739625e+04	1.571145e+04	1.850809e+04
1.984279e+00	1.738781e+04	1.570854e+04	1.851915e+04
1.987736e+00	1.737974e+04	1.570258e+04	1.852652e+04
1.991193e+00	1.737148e+04	1.569769e+04	1.853522e+04
1.994650e+00	1.736319e+04	1.569280e+04	1.854394e+04
1.998107e+00	1.735488e+04	1.568785e+04	1.855260e+04
2.001563e+00	1.734653e+04	1.568288e+04	1.856124e+04
2.005020e+00	1.733793e+04	1.567914e+04	1.857151e+04
2.008477e+00	1.732938e+04	1.567495e+04	1.858120e+04
2.011934e+00	1.732111e+04	1.566897e+04	1.858854e+04
2.015391e+00	1.731260e+04	1.566410e+04	1.859737e+04
2.018848e+00	1.730410e+04	1.565904e+04	1.860595e+04
2.022305e+00	1.729556e+04	1.565395e+04	1.861452e+04
2.025762e+00	1.728695e+04	1.564900e+04	1.862330e+04
2.029219e+00	1.727792e+04	1.564581e+04	1.863462e+04
2.032676e+00	1.726945e+04	1.563995e+04	1.864210e+04
2.036133e+00	1.726083e+04	1.563460e+04	1.865034e+04
2.039590e+00	1.725212e+04	1.562948e+04	1.865894e+04
2.043047e+00	1.724339e+04	1.562428e+04	1.866743e+04
2.046504e+00	1.723463e+04	1.561906e+04	1.867591e+04
2.049961e+00	1.722563e+04	1.561458e+04	1.868557e+04
2.053417e+00	1.721643e+04	1.561070e+04	1.869617e+04
2.056874e+00	1.720788e+04	1.560433e+04	1.870291e+04
2.060331e+00	1.719896e+04	1.559918e+04	1.871157e+04
2.063788e+00	1.719004e+04	1.559387e+04	1.872001e+04
2.067245e+00	1.718109e+04	1.558852e+04	1.872841e+04
2.070702e+00	1.717210e+04	1.558319e+04	1.873686e+04
2.074159e+00	1.716255e+04	1.557949e+04	1.874806e+04
2.077616e+00	1.715357e+04	1.557393e+04	1.875612e+04
2.081073e+00	1.714465e+04	1.556806e+04	1.876372e+04
2.084530e+00	1.713551e+04	1.556273e+04	1.877224e+04
2.087987e+00	1.712638e+04	1.555728e+04	1.878058e+04
2.091444e+00	1.711721e+04	1.555180e+04	1.878890e+04
2.094901e+00	1.710785e+04	1.554673e+04	1.879797e+04
2.098358e+00	1.709800e+04	1.554289e+04	1.880928e+04
2.101815e+00	1.708913e+04	1.553635e+04	1.881573e+04
2.105271e+00	1.707983e+04	1.553085e+04	1.882410e+04
2.108728e+00	1.707050e+04	1.552531e+04	1.883241e+04
2.112185e+00	1.706115e+04	1.551972e+04	1.884067e+04
2.115642e+00	1.705177e+04	1.551410e+04	1.884891e+04
2.119099e+00	1.704184e+04	1.550969e+04	1.885950e+04
2.122556e+00	1.703218e+04	1.550457e+04	1.886870e+04
2.126013e+00	1.702304e+04	1.549816e+04	1.887545e+04
2.129470e+00	1.701347e+04	1.549262e+04	1.888393e+04
2.132927e+00	1.700394e+04	1.548692e+04	1.889211e+04
2.136384e+00	1.699438e+04	1.548119e+04	1.890029e+04
2.139841e+00	1.698470e+04	1.547564e+04	1.890884e+04
2.143298e+00	1.697424e+04	1.547158e+04	1.892051e+04
2.146755e+00	1.696496e+04	1.546508e+04	1.892712e+04
2.150212e+00	1.695533e+04	1.545918e+04	1.893503e+04
2.153668e+00	1.694560e+04	1.545342e+04	1.894325e+04
2.157125e+00	1.693586e+04	1.544758e+04	1.895136e+04
2.160582e+00	1.692609e+04	1.544173e+04	1.895946e+04
2.164039e+00	1.691586e+04	1.543663e+04	1.896925e+04
2.167496e+00	1.690544e+04	1.543182e+04	1.897970e+04
2.170953e+00	1.689609e+04	1.542499e+04	1.898570e+04
2.174410e+00	1.688612e+04	1.541921e+04	1.899407e+04
2.177867e+00	1.687620e+04	1.541327e+04	1.900213e+04
2.181324e+00	1.686625e+04	1.540730e+04	1.901016e+04
2.184781e+00	1.685623e+04	1.540137e+04	1.901830e+04
2.188238e+00	1.684529e+04	1.539689e+04	1.902990e+04
2.191695e+00	1.683545e+04	1.539058e+04	1.903718e+04
2.195152e+00	1.682558e+04	1.538423e+04	1.904443e+04
2.198609e+00	1.681543e+04	1.537826e+04	1.905260e+04
2.202066e+00	1.680531e+04	1.537219e+04	1.906057e+04
2.205522e+00	1.679515e+04	1.536610e+04	1.906853e+04
2.208979e+00	1.678467e+04	1.536042e+04	1.907757e+04
2.212436e+00	1.677351e+04	1.535568e+04	1.908897e+04
2.215893e+00	1.676389e+04	1.534864e+04	1.909463e+04
2.219350e+00	1.675357e+04	1.534255e+04	1.910274e+04
2.222807e+00	1.674325e+04	1.533639e+04	1.911069e+04
2.226264e+00	1.673292e+04	1.533019e+04	1.911859e+04
2.229721e+00	1.672256e+04	1.532398e+04	1.912648e+04
2.233178e+00	1.671129e+04	1.531890e+04	1.913746e+04
2.236635e+00	1.670069e+04	1.531292e+04	1.914601e+04
2.240092e+00	1.669067e+04	1.530609e+04	1.915237e+04
2.243549e+00	1.668011e+04	1.529992e+04	1.916053e+04
2.247006e+00	1.666961e+04	1.529362e+04	1.916837e+04
2.250463e+00	1.665907e+04	1.528729e+04	1.917620e+04
2.253920e+00	1.664834e+04	1.528116e+04	1.918460e+04
2.257376e+00	1.663655e+04	1.527624e+04	1.919652e+04
2.260833e+00	1.662652e+04	1.526917e+04	1.920232e+04
2.264290e+00	1.661591e+04	1.526273e+04	1.920998e+04
2.267747e+00	1.660521e+04	1.525636e+04	1.921787e+04
2.271204e+00	1.659450e+04	1.524993e+04	1.922564e+04
2.274661e+00	1.658377e+04	1.524348e+04	1.923340e+04
2.278118e+00	1.657234e+04	1.523776e+04	1.924340e+04
2.281575e+00	1.656083e+04	1.523207e+04	1.925351e+04
2.285032e+00	1.655071e+04	1.522483e+04	1.925898e+04
2.288489e+00	1.653975e+04	1.521844e+04	1.926709e+04
2.291946e+00	1.652887e+04	1.521191e+04	1.927481e+04
2.295403e+00	1.651797e+04	1.520536e+04	1.928252e+04
2.298860e+00	1.650697e+04	1.519886e+04	1.929044e+04
2.302317e+00	1.649469e+04	1.519361e+04	1.930237e+04
2.305773e+00	1.648408e+04	1.518664e+04	1.930887e+04
2.309230e+00	1.647327e+04	1.517982e+04	1.931587e+04
2.312687e+00	1.646217e+04	1.517324e+04	1.932373e+04
2.316144e+00	1.645110e+04	1.516658e+04	1.933138e+04
2.319601e+00	1.644000e+04	1.515991e+04	1.933902e+04
2.323058e+00	1.642840e+04	1.515365e+04	1.934812e+04
2.326515e+00	1.641608e+04	1.514804e+04	1.935944e+04
2.329972e+00	1.640574e+04	1.514056e+04	1.936445e+04
2.333429e+00	1.639444e+04	1.513390e+04	1.937234e+04
2.336886e+00	1.638319e+04	1.512716e+04	1.937998e+04
2.340343e+00	1.637193e+04	1.512038e+04	1.938757e+04
2.343800e+00	1.636063e+04	1.511360e+04	1.939517e+04
2.347257e+00	1.634807e+04	1.510784e+04	1.940654e+04
2.350714e+00	1.633665e+04	1.510109e+04	1.941434e+04
2.354171e+00	1.632574e+04	1.509386e+04	1.942046e+04
2.357627e+00	1.631424e+04	1.508708e+04	1.942832e+04
2.361084e+00	1.630281e+04	1.508021e+04	1.943586e+04
2.364541e+00	1.629135e+04	1.507332e+04	1.944339e+04
2.367998e+00	1.627959e+04	1.506662e+04	1.945173e+04
2.371455e+00	1.626657e+04	1.506087e+04	1.946375e+04
2.374912e+00	1.625585e+04	1.505331e+04	1.946884e+04
2.378369e+00	1.624430e+04	1.504635e+04	1.947632e+04
2.381826e+00	1.623268e+04	1.503940e+04	1.948390e+04
2.385283e+00	1.622106e+04	1.503241e+04	1.949138e+04
2.388740e+00	1.620942e+04	1.502540e+04	1.949886e+04
2.392197e+00	1.619678e+04	1.501906e+04	1.950912e+04
2.395654e+00	1.618434e+04	1.501256e+04	1.951874e+04
2.399111e+00	1.617342e+04	1.500493e+04	1.952384e+04
2.402568e+00	1.616152e+04	1.499796e+04	1.953170e+04
2.406025e+00	1.614974e+04	1.499087e+04	1.953913e+04
2.409481e+00	1.613793e+04	1.498376e+04	1.954655e+04
2.412938e+00	1.612598e+04	1.497671e+04	1.955431e+04
2.416395e+00	1.611244e+04	1.497068e+04	1.956648e+04
2.419852e+00	1.610114e+04	1.496315e+04	1.957223e+04
2.423309e+00	1.608942e+04	1.495585e+04	1.957908e+04
2.426766e+00	1.607742e+04	1.494870e+04	1.958664e+04
2.430223e+00	1.606546e+04	1.494150e+04	1.959401e+04
2.433680e+00	1.605346e+04	1.493428e+04	1.960138e+04
2.437137e+00	1.604077e+04	1.492744e+04	1.961060e+04
2.440594e+00	1.602739e+04	1.492100e+04	1.962167e+04
2.444051e+00	1.601635e+04	1.491312e+04	1.962618e+04
2.447508e+00	1.600412e+04	1.490591e+04	1.963389e+04
2.450965e+00	1.599198e+04	1.489861e+04	1.964125e+04
2.454422e+00	1.597983e+04	1.489129e+04	1.964857e+04
2.457878e+00	1.596763e+04	1.488397e+04	1.965594e+04
2.461335e+00	1.595381e+04	1.487751e+04	1.966764e+04
2.464792e+00	1.594168e+04	1.487010e+04	1.967467e+04
2.468249e+00	1.592991e+04	1.486245e+04	1.968066e+04
2.471706e+00	1.591752e+04	1.485511e+04	1.968824e+04
2.475163e+00	1.590521e+04	1.484770e+04	1.969551e+04
2.478620e+00	1.589288e+04	1.484027e+04	1.970277e+04
2.482077e+00	1.588011e+04	1.483302e+04	1.971112e+04
2.485534e+00	1.586595e+04	1.482647e+04	1.972310e+04
2.488991e+00	1.585459e+04	1.481847e+04	1.972758e+04
2.492448e+00	1.584211e+04	1.481100e+04	1.973492e+04
2.495905e+00	1.582962e+04	1.480350e+04	1.974223e+04
2.499362e+00	1.581714e+04	1.479597e+04	1.974946e+04
2.502819e+00	1.580463e+04	1.478843e+04	1.975667e+04
2.506276e+00	1.579079e+04	1.478147e+04	1.976725e+04
2.509732e+00	1.577756e+04	1.477422e+04	1.977620e+04
2.513189e+00	1.576585e+04	1.476622e+04	1.978110e+04
2.516646e+00	1.575307e+04	1.475869e+04	1.978873e+04
2.520103e+00	1.574042e+04	1.475107e+04	1.979590e+04
2.523560e+00	1.572776e+04	1.474343e+04	1.980307e+04
2.527017e+00	1.571487e+04	1.473586e+04	1.981074e+04
2.530474e+00	1.570014e+04	1.472904e+04	1.982302e+04
2.533931e+00	1.568823e+04	1.472102e+04	1.982808e+04
2.537388e+00	1.567561e+04	1.471326e+04	1.983483e+04
2.540845e+00	1.566276e+04	1.470557e+04	1.984213e+04
2.544302e+00	1.564994e+04	1.469784e+04	1.984926e+04
2.547759e+00	1.563710e+04	1.469009e+04	1.985638e+04
2.551216e+00	1.562332e+04	1.468268e+04	1.986577e+04
2.554673e+00	1.560900e+04	1.467546e+04	1.987644e+04
2.558130e+00	1.559727e+04	1.466721e+04	1.988059e+04
2.561586e+00	1.558415e+04	1.465947e+04	1.988812e+04
2.565043e+00	1.557117e+04	1.465165e+04	1.989523e+04
2.568500e+00	1.555818e+04	1.464381e+04	1.990230e+04
2.571957e+00	1.554510e+04	1.463597e+04	1.990951e+04
2.575414e+00	1.553007e+04	1.462880e+04	1.992145e+04
2.578871e+00	1.551733e+04	1.462081e+04	1.992772e+04
2.582328e+00	1.550469e+04	1.461274e+04	1.993365e+04
2.585785e+00	1.549146e+04	1.460487e+04	1.994097e+04
2.589242e+00	1.547832e+04	1.459693e+04	1.994800e+04
2.592699e+00	1.546515e+04	1.458898e+04	1.995503e+04
2.596156e+00	1.545138e+04	1.458119e+04	1.996343e+04
2.599613e+00	1.543619e+04	1.457386e+04	1.997522e+04
2.603070e+00	1.542421e+04	1.456547e+04	1.997921e+04
2.606527e+00	1.541085e+04	1.455749e+04	1.998643e+04
2.609983e+00	1.539753e+04	1.454948e+04	1.999349e+04
2.613440e+00	1.538422e+04	1.454144e+04	2.000048e+04
2.616897e+00	1.537088e+04	1.453338e+04	2.000747e+04
2.620354e+00	1.535585e+04	1.452579e+04	2.001838e+04
2.623811e+00	1.534196e+04	1.451785e+04	2.002653e+04
2.627268e+00	1.532944e+04	1.450950e+04	2.003139e+04
2.630725e+00	1.531582e+04	1.450143e+04	2.003877e+04
2.634182e+00	1.530235e+04	1.449330e+04	2.004571e+04
2.637639e+00	1.528887e+04	1.448515e+04	2.005265e+04
2.641096e+00	1.527506e+04	1.447706e+04	2.006027e+04
2.644553e+00	1.525921e+04	1.446947e+04	2.007255e+04
2.648010e+00	1.524673e+04	1.446102e+04	2.007700e+04
2.651467e+00	1.523325e+04	1.445279e+04	2.008368e+04
2.654924e+00	1.521957e+04	1.444458e+04	2.009073e+04
2.658381e+00	1.520594e+04	1.443635e+04	2.009764e+04
2.661837e+00	1.519228e+04	1.442809e+04	2.010453e+04
2.665294e+00	1.517742e+04	1.442009e+04	2.011412e+04
2.668751e+00	1.516229e+04	1.441213e+04	2.012424e+04
2.672208e+00	1.514986e+04	1.440355e+04	2.012817e+04
2.675665e+00	1.513590e+04	1.439528e+04	2.013553e+04
2.679122e+00	1.512211e+04	1.438695e+04	2.014240e+04
2.682579e+00	1.510831e+04	1.437861e+04	2.014926e+04
2.686036e+00	1.509438e+04	1.437027e+04	2.015633e+04
2.689493e+00	1.507819e+04	1.436236e+04	2.016841e+04
2.692950e+00	1.506489e+04	1.435387e+04	2.017397e+04
2.696407e+00	1.505141e+04	1.434538e+04	2.017988e+04
2.699864e+00	1.503737e+04	1.433699e+04	2.018696e+04
2.703321e+00	1.502343e+04	1.432855e+04	2.019377e+04
2.706778e+00	1.500945e+04	1.432010e+04	2.020058e+04
2.710235e+00	1.499470e+04	1.431177e+04	2.020907e+04
2.713691e+00	1.497856e+04	1.430366e+04	2.022052e+04
2.717148e+00	1.496597e+04	1.429493e+04	2.022414e+04
2.720605e+00	1.495177e+04	1.428645e+04	2.023124e+04
2.724062e+00	1.493765e+04	1.427793e+04	2.023808e+04
2.727519e+00	1.492354e+04	1.426939e+04	2.024485e+04
2.730976e+00	1.490940e+04	1.426084e+04	2.025163e+04
2.734433e+00	1.489318e+04	1.425256e+04	2.026282e+04
2.737890e+00	1.487874e+04	1.424402e+04	2.027013e+04
2.741347e+00	1.486540e+04	1.423530e+04	2.027503e+04
2.744804e+00	1.485098e+04	1.422672e+04	2.028216e+04
2.748261e+00	1.483673e+04	1.421809e+04	2.028890e+04
2.751718e+00	1.482245e+04	1.420944e+04	2.029562e+04
2.755175e+00	1.480773e+04	1.420083e+04	2.030323e+04
2.758632e+00	1.479084e+04	1.419247e+04	2.031536e+04
2.762088e+00	1.477781e+04	1.418363e+04	2.031929e+04
2.765545e+00	1.476348e+04	1.417493e+04	2.032591e+04
2.769002e+00	1.474902e+04	1.416622e+04	2.033274e+04
2.772459e+00	1.473460e+04	1.415749e+04	2.033943e+04
2.775916e+00	1.472016e+04	1.414874e+04	2.034611e+04
2.779373e+00	1.470419e+04	1.414012e+04	2.035591e+04
2.782830e+00	1.468837e+04	1.413148e+04	2.036536e+04
2.786287e+00	1.467522e+04	1.412256e+04	2.036919e+04
2.789744e+00	1.466045e+04	1.411377e+04	2.037635e+04
2.793201e+00	1.464588e+04	1.410495e+04	2.038301e+04
2.796658e+00	1.463130e+04	1.409611e+04	2.038966e+04
2.800115e+00	1.461653e+04	1.408727e+04	2.039664e+04
2.803572e+00	1.459922e+04	1.407859e+04	2.040874e+04
2.807029e+00	1.458542e+04	1.406966e+04	2.041363e+04
2.810486e+00	1.457109e+04	1.406074e+04	2.041954e+04
2.813942e+00	1.455627e+04	1.405183e+04	2.042638e+04
2.817399e+00	1.454155e+04	1.404290e+04	2.043299e+04
2.820856e+00	1.452680e+04	1.403396e+04	2.043959e+04
2.824313e+00	1.451103e+04	1.402505e+04	2.044818e+04
2.827770e+00	1.449404e+04	1.401619e+04	2.045916e+04
2.831227e+00	1.448085e+04	1.400714e+04	2.046251e+04
2.834684e+00	1.446580e+04	1.399815e+04	2.046949e+04
2.838141e+00	1.445092e+04	1.398913e+04	2.047610e+04
2.841598e+00	1.443603e+04	1.398010e+04	2.048267e+04
2.845055e+00	1.442109e+04	1.397105e+04	2.048927e+04
2.848512e+00	1.440371e+04	1.396205e+04	2.050064e+04
2.851969e+00	1.438878e+04	1.395298e+04	2.050714e+04
2.855426e+00	1.437461e+04	1.394386e+04	2.051210e+04
2.858883e+00	1.435942e+04	1.393476e+04	2.051899e+04
2.862340e+00	1.434440e+04	1.392563e+04	2.052552e+04
2.865796e+00	1.432935e+04	1.391649e+04	2.053204e+04
2.869253e+00	1.431370e+04	1.390734e+04	2.053966e+04
2.872710e+00	1.429584e+04	1.389819e+04	2.055149e+04
2.876167e+00	1.428227e+04	1.388901e+04	2.055500e+04
2.879624e+00	1.426709e+04	1.387981e+04	2.056156e+04
2.883081e+00	1.425187e+04	1.387060e+04	2.056815e+04
2.886538e+00	1.423668e+04	1.386138e+04	2.057464e+04
2.889995e+00	1.422146e+04	1.385213e+04	2.058111e+04
2.893452e+00	1.420436e+04	1.384284e+04	2.059111e+04
2.896909e+00	1.418795e+04	1.383356e+04	2.059977e+04
2.900366e+00	1.417405e+04	1.382429e+04	2.060361e+04
2.903823e+00	1.415848e+04	1.381498e+04	2.061055e+04
2.907280e+00	1.414315e+04	1.380565e+04	2.061699e+04
2.910737e+00	1.412779e+04	1.379631e+04	2.062343e+04
2.914193e+00	1.411216e+04	1.378695e+04	2.063033e+04
2.917650e+00	1.409377e+04	1.377747e+04	2.064232e+04
2.921107e+00	1.407949e+04	1.376814e+04	2.064662e+04
2.924564e+00	1.406431e+04	1.375875e+04	2.065253e+04
2.928021e+00	1.404874e+04	1.374933e+04	2.065913e+04
2.931478e+00	1.403324e+04	1.373990e+04	2.066553e+04
2.934935e+00	1.401772e+04	1.373045e+04	2.067193e+04
2.938392e+00	1.400091e+04	1.372092e+04	2.068062e+04
2.941849e+00	1.398315e+04	1.371134e+04	2.069100e+04
2.945306e+00	1.396932e+04	1.370194e+04	2.069418e+04
2.948763e+00	1.395345e+04	1.369242e+04	2.070100e+04
2.952220e+00	1.393780e+04	1.368290e+04	2.070738e+04
2.955677e+00	1.392214e+04	1.367336e+04	2.071373e+04
2.959134e+00	1.390639e+04	1.366379e+04	2.072018e+04
2.962591e+00	1.388785e+04	1.365402e+04	2.073161e+04
2.966047e+00	1.387246e+04	1.364446e+04	2.073734e+04
2.969504e+00	1.385744e+04	1.363491e+04	2.074237e+04
2.972961e+00	1.384148e+04	1.362528e+04	2.074900e+04
2.976418e+00	1.382568e+04	1.361564e+04	2.075532e+04
2.979875e+00	1.380985e+04	1.360599e+04	2.076162e+04
2.983332e+00	1.379324e+04	1.359624e+04	2.076926e+04
2.986789e+00	1.377447e+04	1.358629e+04	2.078067e+04
2.990246e+00	1.376035e+04	1.357677e+04	2.078383e+04
2.993703e+00	1.374432e+04	1.356704e+04	2.079029e+04
2.997160e+00	1.372833e+04	1.355730e+04	2.079664e+04
3.000617e+00	1.371236e+04	1.354755e+04	2.080290e+04
3.004074e+00	1.369637e+04	1.353778e+04	2.080916e+04
3.007531e+00	1.367808e+04	1.352774e+04	2.081933e+04
3.010988e+00	1.366116e+04	1.351786e+04	2.082710e+04
3.014445e+00	1.364644e+04	1.350819e+04	2.083102e+04
3.017901e+00	1.363008e+04	1.349833e+04	2.083771e+04
3.021358e+00	1.361396e+04	1.348848e+04	2.084394e+04
3.024815e+00	1.359782e+04	1.347862e+04	2.085015e+04
3.028272e+00	1.358128e+04	1.346868e+04	2.085699e+04
3.031729e+00	1.356184e+04	1.345837e+04	2.086872e+04
3.035186e+00	1.354707e+04	1.344864e+04	2.087249e+04
3.038643e+00	1.353102e+04	1.343873e+04	2.087836e+04
3.042100e+00	1.351466e+04	1.342877e+04	2.088471e+04
3.045557e+00	1.349837e+04	1.341880e+04	2.089088e+04
3.049014e+00	1.348206e+04	1.340881e+04	2.089704e+04
3.052471e+00	1.346416e+04	1.339858e+04	2.090581e+04
3.055928e+00	1.344569e+04	1.338825e+04	2.091548e+04
3.059385e+00	1.343115e+04	1.337849e+04	2.091856e+04
3.062842e+00	1.341444e+04	1.336840e+04	2.092518e+04
3.066298e+00	1.339800e+04	1.335832e+04	2.093133e+04
3.069755e+00	1.338154e+04	1.334823e+04	2.093745e+04
3.073212e+00	1.336494e+04	1.333810e+04	2.094375e+04
3.076669e+00	1.334523e+04	1.332745e+04	2.095508e+04
3.080126e+00	1.332938e+04	1.331742e+04	2.096009e+04
3.083583e+00	1.331345e+04	1.330737e+04	2.096514e+04
3.087040e+00	1.329670e+04	1.329716e+04	2.097150e+04
3.090497e+00	1.328009e+04	1.328696e+04	2.097757e+04
3.093954e+00	1.326345e+04	1.327674e+04	2.098363e+04
3.097411e+00	1.324581e+04	1.326632e+04	2.099126e+04
3.100868e+00	1.322613e+04	1.325553e+04	2.100212e+04
3.104325e+00	1.321140e+04	1.324563e+04	2.100499e+04
3.107782e+00	1.319448e+04	1.323531e+04	2.101131e+04
3.111239e+00	1.317767e+04	1.322499e+04	2.101739e+04
3.114696e+00	1.316088e+04	1.321467e+04	2.102341e+04
3.118152e+00	1.314405e+04	1.320432e+04	2.102942e+04
3.121609e+00	1.312450e+04	1.319341e+04	2.103968e+04
3.125066e+00	1.310711e+04	1.318292e+04	2.104651e+04
3.128523e+00	1.309147e+04	1.317277e+04	2.105053e+04
3.131980e+00	1.307429e+04	1.316229e+04	2.105692e+04
3.135437e+00	1.305734e+04	1.315185e+04	2.106288e+04
3.138894e+00	1.304037e+04	1.314138e+04	2.106884e+04
3.142351e+00	1.302285e+04	1.313078e+04	2.107559e+04
3.145808e+00	1.300233e+04	1.311952e+04	2.108691e+04
3.149265e+00	1.298699e+04	1.310938e+04	2.109020e+04
3.152722e+00	1.297000e+04	1.309886e+04	2.109598e+04
3.156179e+00	1.295280e+04	1.308827e+04	2.110202e+04
3.159636e+00	1.293565e+04	1.307769e+04	2.110793e+04
3.163093e+00	1.291848e+04	1.306708e+04	2.111382e+04
3.166550e+00	1.289937e+04	1.305600e+04	2.112261e+04
3.170006e+00	1.288020e+04	1.304491e+04	2.113145e+04
3.173463e+00	1.286484e+04	1.303468e+04	2.113447e+04
3.176920e+00	1.284723e+04	1.302392e+04	2.114082e+04
3.180377e+00	1.282991e+04	1.301320e+04	2.114668e+04
3.183834e+00	1.281258e+04	1.300246e+04	2.115252e+04
3.187291e+00	1.279502e+04	1.299165e+04	2.115863e+04
3.190748e+00	1.277408e+04	1.297999e+04	2.116973e+04
3.194205e+00	1.275768e+04	1.296945e+04	2.117402e+04
3.197662e+00	1.274075e+04	1.295876e+04	2.117904e+04
3.201119e+00	1.272311e+04	1.294788e+04	2.118506e+04
3.204576e+00	1.270559e+04	1.293701e+04	2.119084e+04
3.208033e+00	1.268805e+04	1.292611e+04	2.119661e+04
3.211490e+00	1.266924e+04	1.291486e+04	2.120417e+04
3.214947e+00	1.264863e+04	1.290312e+04	2.121432e+04
3.218403e+00	1.263314e+04	1.289274e+04	2.121694e+04
3.221860e+00	1.261523e+04	1.288169e+04	2.122302e+04
3.225317e+00	1.259751e+04	1.287067e+04	2.122879e+04
3.228774e+00	1.257978e+04	1.285963e+04	2.123449e+04
3.232231e+00	1.256199e+04	1.284856e+04	2.124022e+04
3.235688e+00	1.254105e+04	1.283658e+04	2.125040e+04
3.239145e+00	1.252310e+04	1.282544e+04	2.125628e+04
3.242602e+00	1.250638e+04	1.281463e+04	2.126031e+04
3.246059e+00	1.248824e+04	1.280340e+04	2.126632e+04
3.249516e+00	1.247032e+04	1.279221e+04	2.127196e+04
3.252973e+00	1.245237e+04	1.278099e+04	2.127758e+04
3.256430e+00	1.243368e+04	1.276954e+04	2.128416e+04
3.259887e+00	1.241200e+04	1.275717e+04	2.129491e+04
3.263344e+00	1.239594e+04	1.274648e+04	2.129772e+04
3.266801e+00	1.237785e+04	1.273515e+04	2.130330e+04
3.270257e+00	1.235964e+04	1.272378e+04	2.130897e+04
3.273714e+00	1.234148e+04	1.271239e+04	2.131453e+04
3.277171e+00	1.232329e+04	1.270098e+04	2.132006e+04
3.280628e+00	1.230274e+04	1.268880e+04	2.132878e+04
3.284085e+00	1.228279e+04	1.267681e+04	2.133663e+04
3.287542e+00	1.226637e+04	1.266591e+04	2.133955e+04
3.290999e+00	1.224768e+04	1.265428e+04	2.134552e+04
3.294456e+00	1.222930e+04	1.264272e+04	2.135099e+04
3.297913e+00	1.221089e+04	1.263113e+04	2.135645e+04
3.301370e+00	1.219214e+04	1.261940e+04	2.136229e+04
3.304827e+00	1.216979e+04	1.260646e+04	2.137294e+04
3.308284e+00	1.215263e+04	1.259525e+04	2.137651e+04
3.311741e+00	1.213447e+04	1.258366e+04	2.138136e+04
3.315198e+00	1.211572e+04	1.257186e+04	2.138694e+04
3.318655e+00	1.209707e+04	1.256007e+04	2.139231e+04
3.322111e+00	1.207837e+04	1.254825e+04	2.139767e+04
3.325568e+00	1.205810e+04	1.253585e+04	2.140504e+04
3.329025e+00	1.203637e+04	1.252293e+04	2.141428e+04
3.332482e+00	1.201984e+04	1.251181e+04	2.141658e+04
3.335939e+00	1.200067e+04	1.249973e+04	2.142228e+04
3.339396e+00	1.198174e+04	1.248772e+04	2.142759e+04
3.342853e+00	1.196279e+04	1.247568e+04	2.143285e+04
3.346310e+00	1.194374e+04	1.246357e+04	2.143816e+04
3.349767e+00	1.192113e+04	1.245015e+04	2.144803e+04
3.353224e+00	1.190232e+04	1.243810e+04	2.145289e+04
3.356681e+00	1.188420e+04	1.242628e+04	2.145676e+04
3.360138e+00	1.186478e+04	1.241395e+04	2.146224e+04
3.363595e+00	1.184555e+04	1.240167e+04	2.146740e+04
3.367052e+00	1.182627e+04	1.238934e+04	2.147253e+04
3.370508e+00	1.180604e+04	1.237663e+04	2.147879e+04
3.373965e+00	1.178287e+04	1.236277e+04	2.148871e+04
3.377422e+00	1.176568e+04	1.235117e+04	2.149094e+04
3.380879e+00	1.174610e+04	1.233863e+04	2.149612e+04
3.384336e+00	1.172649e+04	1.232605e+04	2.150124e+04
3.387793e+00	1.170690e+04	1.231344e+04	2.150625e+04
3.391250e+00	1.168725e+04	1.230079e+04	2.151124e+04
3.394707e+00	1.167582e+04	1.227273e+04	2.154085e+04
3.398164e+00	1.165193e+04	1.226307e+04	2.154207e+04
3.401621e+00	1.161947e+04	1.226964e+04	2.151702e+04
3.405078e+00	1.159547e+04	1.226148e+04	2.151519e+04
3.408535e+00	1.156984e+04	1.225589e+04	2.150924e+04
3.411992e+00	1.154412e+04	1.225027e+04	2.150325e+04
3.415449e+00	1.152805e+04	1.222031e+04	2.151236e+04
3.418906e+00	1.159258e+04	1.200696e+04	2.165539e+04
3.422362e+00	1.151580e+04	1.216957e+04	2.158983e+04
3.425819e+00	1.147652e+04	1.222004e+04	2.157441e+04
3.429276e+00	1.144640e+04	1.224863e+04	2.157413e+04
3.432733e+00	1.141297e+04	1.228546e+04	2.156912e+04
3.436190e+00	1.137933e+04	1.232233e+04	2.156401e+04
3.439647e+00	2.391957e+04	1.942651e+04	2.127398e+04
3.443104e+00	4.249893e+04	3.159996e+04	2.090457e+04
3.446561e+00	2.679553e+04	2.181922e+04	2.125910e+04
3.450018e+00	2.917501e+04	2.321861e+04	2.121243e+04
3.453475e+00	2.926804e+04	2.329668e+04	2.121473e+04
3.456932e+00	2.926488e+04	2.329674e+04	2.121641e+04


