0.000000e+00	8.609288e+04	-7.048049e+03	-1.428330e+04
4.200000e-04	8.609407e+04	-7.043331e+03	-1.427951e+04
8.400000e-04	8.609572e+04	-7.035948e+03	-1.427359e+04
1.260000e-03	8.609243e+04	-7.053476e+03	-1.428773e+04
1.680000e-03	1.153403e+05	-1.576471e+04	-2.573600e+04
2.100000e-03	6.658855e+04	-1.212668e+03	-6.629286e+03
2.520000e-03	8.933348e+04	-8.061087e+03	-1.559325e+04
2.940000e-03	8.609129e+04	-7.038574e+03	-1.427264e+04
3.360000e-03	8.608886e+04	-7.072080e+03	-1.430255e+04
3.780000e-03	8.608022e+04	-7.111235e+03	-1.434009e+04
4.200000e-03	8.608167e+04	-7.023747e+03	-1.426650e+04
4.620000e-03	8.606840e+04	-7.180819e+03	-1.440299e+04
5.040000e-03	8.607840e+04	-7.032548e+03	-1.427158e+04
5.460000e-03	8.606581e+04	-7.183904e+03	-1.440197e+04
5.880000e-03	8.606763e+04	-7.127636e+03	-1.435573e+04
6.300000e-03	8.606672e+04	-7.100798e+03	-1.433380e+04
6.720000e-03	8.604980e+04	-7.271275e+03	-1.448041e+04
7.140000e-03	8.605989e+04	-7.057098e+03	-1.429499e+04
7.560000e-03	8.603597e+04	-7.337818e+03	-1.454149e+04
7.980000e-03	8.604975e+04	-7.127283e+03	-1.436098e+04
8.400000e-03	8.603520e+04	-7.266240e+03	-1.448198e+04
8.820000e-03	8.602673e+04	-7.320062e+03	-1.452804e+04
9.240000e-03	8.603462e+04	-7.155271e+03	-1.438528e+04
9.660000e-03	8.600161e+04	-7.489623e+03	-1.467366e+04
1.008000e-02	8.602225e+04	-7.151102e+03	-1.438305e+04
1.050000e-02	8.598920e+04	-7.507781e+03	-1.469366e+04
1.092000e-02	8.600323e+04	-7.320139e+03	-1.453349e+04
1.134000e-02	8.599498e+04	-7.356107e+03	-1.456658e+04
1.176000e-02	8.596608e+04	-7.593084e+03	-1.477245e+04
1.218000e-02	8.598673e+04	-7.252740e+03	-1.447763e+04
1.260000e-02	8.593730e+04	-7.740088e+03	-1.489943e+04
1.302000e-02	8.597248e+04	-7.331613e+03	-1.454849e+04
1.344000e-02	8.593345e+04	-7.666586e+03	-1.483861e+04
1.386000e-02	8.592845e+04	-7.616155e+03	-1.479812e+04
1.428000e-02	8.593420e+04	-7.469563e+03	-1.467398e+04
1.470000e-02	8.588637e+04	-7.919012e+03	-1.506087e+04
1.512000e-02	8.593079e+04	-7.414199e+03	-1.462481e+04
1.554000e-02	8.586265e+04	-8.000385e+03	-1.513349e+04
1.596000e-02	8.589292e+04	-7.617406e+03	-1.480926e+04
1.638000e-02	8.586171e+04	-7.809156e+03	-1.497637e+04
1.680000e-02	8.583472e+04	-8.010581e+03	-1.514648e+04
1.722000e-02	8.587087e+04	-7.620593e+03	-1.480972e+04
1.764000e-02	8.578363e+04	-8.274773e+03	-1.537806e+04
1.806000e-02	8.584516e+04	-7.662823e+03	-1.485798e+04
1.848000e-02	8.576633e+04	-8.245731e+03	-1.536089e+04
1.890000e-02	8.579084e+04	-8.008450e+03	-1.515469e+04
1.932000e-02	8.578520e+04	-7.975380e+03	-1.512641e+04
1.974000e-02	8.571397e+04	-8.452496e+03	-1.554029e+04
2.016000e-02	8.578135e+04	-7.832678e+03	-1.501261e+04
2.058000e-02	8.566435e+04	-8.634750e+03	-1.570159e+04
2.100000e-02	8.574059e+04	-8.026386e+03	-1.518141e+04
2.142000e-02	8.566681e+04	-8.462477e+03	-1.555717e+04
2.184000e-02	8.565205e+04	-8.503507e+03	-1.559522e+04
2.226000e-02	8.568826e+04	-8.169353e+03	-1.531129e+04
2.268000e-02	8.556448e+04	-8.920231e+03	-1.595699e+04
2.310000e-02	8.567330e+04	-8.140175e+03	-1.529248e+04
2.352000e-02	8.552815e+04	-8.978528e+03	-1.601104e+04
2.394000e-02	8.559774e+04	-8.497138e+03	-1.560222e+04
2.436000e-02	8.555593e+04	-8.664790e+03	-1.574710e+04
2.478000e-02	8.547673e+04	-9.071025e+03	-1.609727e+04
2.520000e-02	8.557355e+04	-8.424391e+03	-1.554931e+04
2.562000e-02	8.539207e+04	-9.391353e+03	-1.637505e+04
2.604000e-02	8.553219e+04	-8.554038e+03	-1.566477e+04
2.646000e-02	8.538222e+04	-9.285123e+03	-1.628941e+04
2.688000e-02	8.541319e+04	-9.075928e+03	-1.611568e+04
2.730000e-02	8.542917e+04	-8.905431e+03	-1.597354e+04
2.772000e-02	8.526839e+04	-9.654837e+03	-1.661322e+04
2.814000e-02	8.543497e+04	-8.764785e+03	-1.586103e+04
2.856000e-02	8.519608e+04	-9.836587e+03	-1.677208e+04
2.898000e-02	8.534373e+04	-9.097064e+03	-1.614865e+04
2.940000e-02	8.522943e+04	-9.545974e+03	-1.653152e+04
2.982000e-02	8.517387e+04	-9.752344e+03	-1.671178e+04
3.024000e-02	8.528430e+04	-9.184814e+03	-1.623581e+04
3.066000e-02	8.502992e+04	-1.023743e+04	-1.712723e+04
3.108000e-02	8.525762e+04	-9.222962e+03	-1.627290e+04
3.150000e-02	8.498881e+04	-1.024509e+04	-1.713794e+04
3.192000e-02	8.510380e+04	-9.739695e+03	-1.672014e+04
3.234000e-02	8.506418e+04	-9.811611e+03	-1.678413e+04
3.276000e-02	8.488477e+04	-1.046297e+04	-1.733213e+04
3.318000e-02	8.511047e+04	-9.558421e+03	-1.657408e+04
3.360000e-02	8.475758e+04	-1.079555e+04	-1.761821e+04
3.402000e-02	8.502199e+04	-9.796776e+03	-1.678949e+04
3.444000e-02	8.477652e+04	-1.058835e+04	-1.745583e+04
3.486000e-02	8.479704e+04	-1.049104e+04	-1.737555e+04
3.528000e-02	8.488210e+04	-1.013073e+04	-1.707621e+04
3.570000e-02	8.455730e+04	-1.116263e+04	-1.794414e+04
3.612000e-02	8.489165e+04	-1.003323e+04	-1.700859e+04
3.654000e-02	8.446608e+04	-1.130485e+04	-1.807206e+04
3.696000e-02	8.471863e+04	-1.050304e+04	-1.740912e+04
3.738000e-02	8.456548e+04	-1.088879e+04	-1.773340e+04
3.780000e-02	8.440882e+04	-1.131926e+04	-1.809627e+04
3.822000e-02	8.466838e+04	-1.051068e+04	-1.742899e+04
3.864000e-02	8.418753e+04	-1.182974e+04	-1.852810e+04
3.906000e-02	8.460934e+04	-1.063077e+04	-1.754235e+04
3.948000e-02	8.417105e+04	-1.175180e+04	-1.847236e+04
3.990000e-02	8.433179e+04	-1.130869e+04	-1.811197e+04
4.032000e-02	8.433511e+04	-1.123031e+04	-1.805081e+04
4.074000e-02	8.396443e+04	-1.213694e+04	-1.880283e+04
4.116000e-02	8.440574e+04	-1.099469e+04	-1.786888e+04
4.158000e-02	8.378797e+04	-1.244678e+04	-1.906784e+04
4.200000e-02	8.423807e+04	-1.136622e+04	-1.818931e+04
4.242000e-02	8.388545e+04	-1.212337e+04	-1.881367e+04
4.284000e-02	8.383858e+04	-1.221013e+04	-1.888972e+04
4.326000e-02	8.407380e+04	-1.162331e+04	-1.841381e+04
4.368000e-02	8.347140e+04	-1.291700e+04	-1.947588e+04
4.410000e-02	8.407553e+04	-1.160214e+04	-1.841352e+04
4.452000e-02	8.337939e+04	-1.299901e+04	-1.955391e+04
4.494000e-02	8.375488e+04	-1.221513e+04	-1.892406e+04
4.536000e-02	8.359340e+04	-1.247652e+04	-1.914062e+04
4.578000e-02	8.325048e+04	-1.314751e+04	-1.969201e+04
4.620000e-02	8.377167e+04	-1.210719e+04	-1.885680e+04
4.662000e-02	8.293527e+04	-1.364239e+04	-2.010255e+04
4.704000e-02	8.363097e+04	-1.233742e+04	-1.905915e+04
4.746000e-02	8.297509e+04	-1.346763e+04	-1.997296e+04
4.788000e-02	8.315451e+04	-1.315896e+04	-1.973304e+04
4.830000e-02	7.274909e+04	-1.047903e+04	-1.599721e+04
4.872000e-02	8.641385e+04	-1.492106e+04	-2.173687e+04
4.914000e-02	1.403191e+05	-2.554202e+04	-3.818763e+04
4.956000e-02	8.558865e+03	3.931937e+03	5.857332e+03
4.998000e-02	8.412315e+04	-1.759211e+04	-2.582756e+04
5.040000e-02	3.461315e+04	9.532668e+03	7.782522e+03
5.082000e-02	-3.356439e+04	3.309137e+04	3.968955e+04
5.124000e-02	1.720907e+04	7.297851e+03	6.578854e+03
5.166000e-02	5.009171e+03	1.054524e+04	1.091345e+04
5.208000e-02	2.138842e+03	9.308061e+03	9.512718e+03
5.250000e-02	8.973129e+03	1.561551e+04	1.659290e+04
5.292000e-02	1.572334e+04	1.990359e+04	2.142453e+04
5.334000e-02	7.647040e+03	1.267218e+04	1.330537e+04
5.376000e-02	7.976577e+03	1.260132e+04	1.322870e+04
5.418000e-02	7.064853e+03	1.142220e+04	1.190786e+04
5.460000e-02	7.410677e+03	1.245218e+04	1.305641e+04
5.502000e-02	9.046283e+03	1.481153e+04	1.569606e+04
5.544000e-02	8.383731e+03	1.311461e+04	1.380200e+04
5.586000e-02	8.616668e+03	1.331270e+04	1.402409e+04
5.628000e-02	8.749436e+03	1.326599e+04	1.397296e+04
5.670000e-02	8.395189e+03	1.347978e+04	1.420703e+04
5.712000e-02	7.970433e+03	1.373420e+04	1.448561e+04
5.754000e-02	8.617422e+03	1.340224e+04	1.412188e+04
5.796000e-02	8.663812e+03	1.339857e+04	1.411769e+04
5.838000e-02	8.793653e+03	1.334918e+04	1.406339e+04
5.880000e-02	8.479420e+03	1.353716e+04	1.426890e+04
5.922000e-02	7.985588e+03	1.382308e+04	1.458176e+04
5.964000e-02	8.656571e+03	1.348511e+04	1.421175e+04
6.006000e-02	8.705533e+03	1.348009e+04	1.420605e+04
6.048000e-02	8.834979e+03	1.343188e+04	1.415307e+04
6.090000e-02	8.559268e+03	1.359550e+04	1.433212e+04
6.132000e-02	8.001604e+03	1.390831e+04	1.467496e+04
6.174000e-02	8.692401e+03	1.356708e+04	1.430143e+04
6.216000e-02	8.746219e+03	1.355942e+04	1.429305e+04
6.258000e-02	8.875445e+03	1.351216e+04	1.424132e+04
6.300000e-02	8.637550e+03	1.365300e+04	1.439540e+04
6.342000e-02	8.020085e+03	1.399028e+04	1.476427e+04
6.384000e-02	8.724676e+03	1.364888e+04	1.439043e+04
6.426000e-02	8.784933e+03	1.363807e+04	1.437836e+04
6.468000e-02	8.913174e+03	1.359230e+04	1.432801e+04
6.510000e-02	8.711528e+03	1.371225e+04	1.445875e+04
6.552000e-02	8.040086e+03	1.407006e+04	1.484989e+04
6.594000e-02	8.753735e+03	1.373064e+04	1.447912e+04
6.636000e-02	8.822798e+03	1.371556e+04	1.446256e+04
6.678000e-02	8.950174e+03	1.367108e+04	1.441388e+04
6.720000e-02	8.783739e+03	1.377112e+04	1.452300e+04
6.762000e-02	8.062864e+03	1.414572e+04	1.493204e+04
6.804000e-02	8.779466e+03	1.381157e+04	1.456708e+04
6.846000e-02	8.859071e+03	1.379142e+04	1.454493e+04
6.888000e-02	8.984902e+03	1.374842e+04	1.449782e+04
6.930000e-02	8.851836e+03	1.383015e+04	1.458682e+04
6.972000e-02	8.087098e+03	1.421825e+04	1.501031e+04
7.014000e-02	8.801537e+03	1.389199e+04	1.465413e+04
7.056000e-02	8.893897e+03	1.386602e+04	1.462560e+04
7.098000e-02	9.018062e+03	1.382467e+04	1.458027e+04
7.140000e-02	8.917093e+03	1.388969e+04	1.465095e+04
7.182000e-02	8.114381e+03	1.428832e+04	1.508577e+04
7.224000e-02	8.820530e+03	1.397200e+04	1.474083e+04
7.266000e-02	8.927750e+03	1.393937e+04	1.470514e+04
7.308000e-02	9.049901e+03	1.389968e+04	1.466174e+04
7.350000e-02	8.979298e+03	1.394926e+04	1.471556e+04
7.392000e-02	8.144263e+03	1.435522e+04	1.515771e+04
7.434000e-02	8.836303e+03	1.405140e+04	1.482680e+04
7.476000e-02	8.960473e+03	1.401141e+04	1.478312e+04
7.518000e-02	9.080257e+03	1.397349e+04	1.474168e+04
7.560000e-02	9.038192e+03	1.400901e+04	1.478004e+04
7.602000e-02	8.176389e+03	1.441910e+04	1.522565e+04
7.644000e-02	8.848318e+03	1.413009e+04	1.491138e+04
7.686000e-02	8.991455e+03	1.408202e+04	1.485890e+04
7.728000e-02	9.108410e+03	1.404594e+04	1.481943e+04
7.770000e-02	9.093021e+03	1.406872e+04	1.484387e+04
7.812000e-02	8.211399e+03	1.448004e+04	1.529058e+04
7.854000e-02	8.857563e+03	1.420820e+04	1.499543e+04
7.896000e-02	9.022139e+03	1.415147e+04	1.493369e+04
7.938000e-02	9.136319e+03	1.411739e+04	1.489656e+04
7.980000e-02	9.146041e+03	1.412881e+04	1.490876e+04
8.022000e-02	8.250331e+03	1.453824e+04	1.535294e+04
8.064000e-02	8.863479e+03	1.428539e+04	1.507856e+04
8.106000e-02	9.051106e+03	1.421925e+04	1.500664e+04
8.148000e-02	9.161580e+03	1.418709e+04	1.497157e+04
8.190000e-02	9.193796e+03	1.418828e+04	1.497258e+04
8.232000e-02	8.290614e+03	1.459349e+04	1.541124e+04
8.274000e-02	8.866203e+03	1.436179e+04	1.516016e+04
8.316000e-02	9.079629e+03	1.428577e+04	1.507757e+04
8.358000e-02	9.186753e+03	1.425573e+04	1.504476e+04
8.400000e-02	9.240110e+03	1.424809e+04	1.503612e+04
8.442000e-02	8.335552e+03	1.464668e+04	1.546703e+04
8.484000e-02	8.865976e+03	1.443763e+04	1.524131e+04
8.526000e-02	9.106802e+03	1.435104e+04	1.514765e+04
8.568000e-02	9.209628e+03	1.432309e+04	1.511739e+04
8.610000e-02	9.281391e+03	1.430765e+04	1.510058e+04
8.652000e-02	8.382291e+03	1.469679e+04	1.552021e+04
8.694000e-02	8.862401e+03	1.451260e+04	1.532100e+04
8.736000e-02	9.133068e+03	1.441508e+04	1.521540e+04
8.778000e-02	9.231680e+03	1.438939e+04	1.518727e+04
8.820000e-02	9.320132e+03	1.436743e+04	1.516310e+04
8.862000e-02	8.433695e+03	1.474427e+04	1.556910e+04
8.904000e-02	8.856413e+03	1.458631e+04	1.539930e+04
8.946000e-02	9.158641e+03	1.447731e+04	1.528180e+04
8.988000e-02	9.252461e+03	1.445374e+04	1.525638e+04
9.030000e-02	9.355055e+03	1.442621e+04	1.522663e+04
9.072000e-02	8.487702e+03	1.478912e+04	1.561660e+04
9.114000e-02	8.847829e+03	1.465919e+04	1.547663e+04
9.156000e-02	9.183991e+03	1.453833e+04	1.534641e+04
9.198000e-02	9.273024e+03	1.451714e+04	1.532331e+04
9.240000e-02	9.387816e+03	1.448529e+04	1.528870e+04
9.282000e-02	8.545260e+03	1.483216e+04	1.566041e+04
9.324000e-02	8.835815e+03	1.473153e+04	1.555240e+04
9.366000e-02	9.207568e+03	1.459836e+04	1.540929e+04
9.408000e-02	9.290948e+03	1.457954e+04	1.538880e+04
9.450000e-02	9.415130e+03	1.454434e+04	1.535072e+04
9.492000e-02	8.604842e+03	1.487232e+04	1.570199e+04
9.534000e-02	8.821303e+03	1.480223e+04	1.562702e+04
9.576000e-02	9.231152e+03	1.465645e+04	1.547067e+04
9.618000e-02	9.309308e+03	1.463987e+04	1.545275e+04
9.660000e-02	9.441294e+03	1.460220e+04	1.541222e+04
9.702000e-02	8.670317e+03	1.490985e+04	1.574102e+04
9.744000e-02	8.805148e+03	1.487178e+04	1.570005e+04
9.786000e-02	9.254096e+03	1.471309e+04	1.553002e+04
9.828000e-02	9.326060e+03	1.469893e+04	1.551456e+04
9.870000e-02	9.462752e+03	1.465989e+04	1.547243e+04
9.912000e-02	8.736880e+03	1.494606e+04	1.577713e+04
9.954000e-02	8.785724e+03	1.494105e+04	1.577185e+04
9.996000e-02	9.276279e+03	1.476890e+04	1.558813e+04
1.003800e-01	9.342189e+03	1.475723e+04	1.557545e+04
1.008000e-01	9.481747e+03	1.471768e+04	1.553302e+04
1.012200e-01	8.807821e+03	1.497999e+04	1.581151e+04
1.016400e-01	8.764432e+03	1.500890e+04	1.584218e+04
1.020600e-01	9.298053e+03	1.482312e+04	1.564449e+04
1.024800e-01	9.357449e+03	1.481380e+04	1.563432e+04
1.029000e-01	9.497366e+03	1.477447e+04	1.559223e+04
1.033200e-01	8.881791e+03	1.501103e+04	1.584272e+04
1.037400e-01	8.741346e+03	1.507494e+04	1.591020e+04
1.041600e-01	9.319210e+03	1.487586e+04	1.569871e+04
1.045800e-01	9.371894e+03	1.486905e+04	1.569107e+04
1.050000e-01	9.511401e+03	1.483040e+04	1.564965e+04
1.054200e-01	8.954360e+03	1.504231e+04	1.587363e+04
1.058400e-01	8.720435e+03	1.513866e+04	1.597570e+04
1.062600e-01	9.339098e+03	1.492762e+04	1.575206e+04
1.066800e-01	9.386694e+03	1.492256e+04	1.574646e+04
1.071000e-01	9.525832e+03	1.488443e+04	1.570584e+04
1.075200e-01	9.024796e+03	1.507333e+04	1.590493e+04
1.079400e-01	8.702792e+03	1.519947e+04	1.603793e+04
1.083600e-01	9.355967e+03	1.497903e+04	1.580489e+04
1.087800e-01	9.400003e+03	1.497520e+04	1.580050e+04
1.092000e-01	9.537980e+03	1.493791e+04	1.576078e+04
1.096200e-01	9.090777e+03	1.510513e+04	1.593609e+04
1.100400e-01	8.688570e+03	1.525712e+04	1.609568e+04
1.104600e-01	9.370599e+03	1.502940e+04	1.585592e+04
1.108800e-01	9.413567e+03	1.502571e+04	1.585164e+04
1.113000e-01	9.550567e+03	1.498900e+04	1.581262e+04
1.117200e-01	9.155728e+03	1.513585e+04	1.596616e+04
1.121400e-01	8.679759e+03	1.531153e+04	1.615019e+04
1.125600e-01	9.383330e+03	1.507927e+04	1.590624e+04
1.129800e-01	9.426913e+03	1.507541e+04	1.590178e+04
1.134000e-01	9.562151e+03	1.503978e+04	1.586400e+04
1.138200e-01	9.216627e+03	1.516785e+04	1.599767e+04
1.142400e-01	8.674345e+03	1.536341e+04	1.620233e+04
1.146600e-01	9.394242e+03	1.512831e+04	1.595585e+04
1.150800e-01	9.440705e+03	1.512326e+04	1.595022e+04
1.155000e-01	9.574281e+03	1.508840e+04	1.591336e+04
1.159200e-01	9.275470e+03	1.519877e+04	1.602802e+04
1.163400e-01	8.672458e+03	1.541191e+04	1.625009e+04
1.167600e-01	9.402683e+03	1.517631e+04	1.600394e+04
1.171800e-01	9.453599e+03	1.516960e+04	1.599653e+04
1.176000e-01	9.584867e+03	1.513578e+04	1.596081e+04
1.180200e-01	9.330340e+03	1.522998e+04	1.605801e+04
1.184400e-01	8.674447e+03	1.545811e+04	1.629456e+04
1.188600e-01	9.408966e+03	1.522395e+04	1.605101e+04
1.192800e-01	9.466469e+03	1.521510e+04	1.604132e+04
1.197000e-01	9.595348e+03	1.518247e+04	1.600694e+04
1.201200e-01	9.383077e+03	1.526163e+04	1.608832e+04
1.205400e-01	8.681965e+03	1.550137e+04	1.633633e+04
1.209600e-01	9.414239e+03	1.527025e+04	1.609670e+04
1.213800e-01	9.480273e+03	1.525834e+04	1.608395e+04
1.218000e-01	9.606485e+03	1.522660e+04	1.605065e+04
1.222200e-01	9.433541e+03	1.529183e+04	1.611745e+04
1.226400e-01	8.693143e+03	1.554169e+04	1.637501e+04
1.230600e-01	9.417524e+03	1.531569e+04	1.614125e+04
1.234800e-01	9.493593e+03	1.530056e+04	1.612512e+04
1.239000e-01	9.616596e+03	1.527014e+04	1.609321e+04
1.243200e-01	9.480041e+03	1.532295e+04	1.614685e+04
1.247400e-01	8.707274e+03	1.558041e+04	1.641116e+04
1.251600e-01	9.418882e+03	1.536078e+04	1.618482e+04
1.255800e-01	9.506979e+03	1.534182e+04	1.616475e+04
1.260000e-01	9.626819e+03	1.531263e+04	1.613416e+04
1.264200e-01	9.524601e+03	1.535379e+04	1.617566e+04
1.268400e-01	8.726892e+03	1.561578e+04	1.644390e+04
1.272600e-01	9.419111e+03	1.540427e+04	1.622681e+04
1.276800e-01	9.520778e+03	1.538080e+04	1.620230e+04
1.281000e-01	9.636979e+03	1.535269e+04	1.617303e+04
1.285200e-01	9.566269e+03	1.538320e+04	1.620358e+04
1.289400e-01	8.750716e+03	1.564834e+04	1.647370e+04
1.293600e-01	9.418256e+03	1.544703e+04	1.626752e+04
1.297800e-01	9.535132e+03	1.541906e+04	1.623832e+04
1.302000e-01	9.647526e+03	1.539254e+04	1.621058e+04
1.306200e-01	9.605617e+03	1.541393e+04	1.623149e+04
1.310400e-01	8.778182e+03	1.567982e+04	1.650125e+04
1.314600e-01	9.416088e+03	1.548876e+04	1.630688e+04
1.318800e-01	9.549639e+03	1.545538e+04	1.627247e+04
1.323000e-01	9.657935e+03	1.542988e+04	1.624608e+04
1.327200e-01	9.642121e+03	1.544256e+04	1.625825e+04
1.331400e-01	8.809158e+03	1.570792e+04	1.652588e+04
1.335600e-01	9.412914e+03	1.552955e+04	1.634478e+04
1.339800e-01	9.564762e+03	1.549087e+04	1.630494e+04
1.344000e-01	9.668931e+03	1.546700e+04	1.628004e+04
1.348200e-01	9.676857e+03	1.547243e+04	1.628466e+04
1.352400e-01	8.844592e+03	1.573468e+04	1.654851e+04
1.356600e-01	9.408453e+03	1.556932e+04	1.638129e+04
1.360800e-01	9.579561e+03	1.552464e+04	1.633557e+04
1.365000e-01	9.678969e+03	1.550194e+04	1.631204e+04
1.369200e-01	9.707735e+03	1.550055e+04	1.630989e+04
1.373400e-01	8.883638e+03	1.575822e+04	1.656846e+04
1.377600e-01	9.403792e+03	1.560783e+04	1.641680e+04
1.381800e-01	9.595819e+03	1.555715e+04	1.636524e+04
1.386000e-01	9.690847e+03	1.553604e+04	1.634343e+04
1.390200e-01	9.738412e+03	1.552911e+04	1.633570e+04
1.394400e-01	8.927789e+03	1.578072e+04	1.658623e+04
1.398600e-01	9.398752e+03	1.564527e+04	1.645032e+04
1.402800e-01	9.612285e+03	1.558794e+04	1.639232e+04
1.407000e-01	9.702140e+03	1.556803e+04	1.637170e+04
1.411200e-01	9.765319e+03	1.555598e+04	1.635879e+04
1.415400e-01	8.973386e+03	1.580052e+04	1.660055e+04
1.419600e-01	9.392872e+03	1.568211e+04	1.648235e+04
1.423800e-01	9.629569e+03	1.561840e+04	1.641829e+04
1.428000e-01	9.714688e+03	1.560031e+04	1.639950e+04
1.432200e-01	9.791705e+03	1.558449e+04	1.638290e+04
1.436400e-01	9.023924e+03	1.581939e+04	1.661458e+04
1.440600e-01	9.386563e+03	1.571718e+04	1.651311e+04
1.444800e-01	9.646722e+03	1.564610e+04	1.644216e+04
1.449000e-01	9.726311e+03	1.562890e+04	1.642452e+04
1.453200e-01	9.814145e+03	1.560914e+04	1.640429e+04
1.457400e-01	9.076887e+03	1.583416e+04	1.662506e+04
1.461600e-01	9.380709e+03	1.575140e+04	1.654239e+04
1.465800e-01	9.665644e+03	1.567383e+04	1.646495e+04
1.470000e-01	9.740354e+03	1.565878e+04	1.644911e+04
1.474200e-01	9.837428e+03	1.563703e+04	1.642659e+04
1.478400e-01	9.135066e+03	1.585034e+04	1.663471e+04
1.482600e-01	9.375000e+03	1.578471e+04	1.657023e+04
1.486800e-01	9.684499e+03	1.569927e+04	1.648588e+04
1.491000e-01	9.753289e+03	1.568503e+04	1.647130e+04
1.495200e-01	9.856390e+03	1.566058e+04	1.644669e+04
1.499400e-01	9.193400e+03	1.586120e+04	1.664102e+04
1.503600e-01	9.369187e+03	1.581622e+04	1.659602e+04
1.507800e-01	9.704894e+03	1.572389e+04	1.650507e+04
1.512000e-01	9.768712e+03	1.571165e+04	1.649209e+04
1.516200e-01	9.876787e+03	1.568637e+04	1.646636e+04
1.520400e-01	9.257317e+03	1.587341e+04	1.664635e+04
1.524600e-01	9.364053e+03	1.584729e+04	1.662059e+04
1.528800e-01	9.725417e+03	1.574709e+04	1.652278e+04
1.533000e-01	9.783188e+03	1.573599e+04	1.651121e+04
1.537200e-01	9.893126e+03	1.570954e+04	1.648478e+04
1.541400e-01	9.321475e+03	1.588178e+04	1.664970e+04
1.545600e-01	9.358954e+03	1.587652e+04	1.664353e+04
1.549800e-01	9.746782e+03	1.576892e+04	1.653881e+04
1.554000e-01	9.799164e+03	1.575947e+04	1.652865e+04
1.558200e-01	9.909719e+03	1.573299e+04	1.650206e+04
1.562400e-01	9.390090e+03	1.588984e+04	1.665122e+04
1.566600e-01	9.355916e+03	1.590492e+04	1.666497e+04
1.570800e-01	9.769990e+03	1.578947e+04	1.655343e+04
1.575000e-01	9.816824e+03	1.578138e+04	1.654474e+04
1.579200e-01	9.925992e+03	1.575503e+04	1.651856e+04
1.583400e-01	9.460524e+03	1.589582e+04	1.665128e+04
1.587600e-01	9.352856e+03	1.593209e+04	1.668475e+04
1.591800e-01	9.792810e+03	1.580886e+04	1.656648e+04
1.596000e-01	9.833621e+03	1.580227e+04	1.655913e+04
1.600200e-01	9.940384e+03	1.577638e+04	1.653341e+04
1.604400e-01	9.527829e+03	1.590152e+04	1.665018e+04
1.608600e-01	9.353771e+03	1.595724e+04	1.670179e+04
1.612800e-01	9.816343e+03	1.582746e+04	1.657829e+04
1.617000e-01	9.853271e+03	1.582197e+04	1.657201e+04
1.621200e-01	9.958411e+03	1.579655e+04	1.654692e+04
1.625400e-01	9.596118e+03	1.590691e+04	1.664918e+04
1.629600e-01	9.361114e+03	1.597963e+04	1.671617e+04
1.633800e-01	9.839047e+03	1.584485e+04	1.658846e+04
1.638000e-01	9.872727e+03	1.583986e+04	1.658252e+04
1.642200e-01	9.974874e+03	1.581483e+04	1.655777e+04
1.646400e-01	9.658819e+03	1.591167e+04	1.664687e+04
1.650600e-01	9.372389e+03	1.599986e+04	1.672842e+04
1.654800e-01	9.861557e+03	1.586155e+04	1.659833e+04
1.659000e-01	9.894343e+03	1.585681e+04	1.659288e+04
1.663200e-01	9.994246e+03	1.583240e+04	1.656907e+04
1.667400e-01	9.721628e+03	1.591680e+04	1.664590e+04
1.671600e-01	9.389567e+03	1.601826e+04	1.673813e+04
1.675800e-01	9.884322e+03	1.587766e+04	1.660640e+04
1.680000e-01	9.917238e+03	1.587266e+04	1.660026e+04
1.684200e-01	1.001424e+04	1.584881e+04	1.657664e+04
1.688400e-01	9.781318e+03	1.592144e+04	1.664184e+04
1.692600e-01	9.410401e+03	1.603390e+04	1.674455e+04
1.696800e-01	9.906124e+03	1.589228e+04	1.661343e+04
1.701000e-01	9.940362e+03	1.588644e+04	1.660698e+04
1.705200e-01	1.003423e+04	1.586301e+04	1.658441e+04
1.709400e-01	9.838329e+03	1.592485e+04	1.663946e+04
1.713600e-01	9.436395e+03	1.604755e+04	1.674960e+04
1.717800e-01	9.928472e+03	1.590661e+04	1.661952e+04
1.722000e-01	9.965674e+03	1.590004e+04	1.661201e+04
1.726200e-01	1.005663e+04	1.587757e+04	1.658997e+04
1.730400e-01	9.895059e+03	1.592971e+04	1.663536e+04
1.734600e-01	9.468064e+03	1.605960e+04	1.675140e+04
1.738800e-01	9.951475e+03	1.591963e+04	1.662359e+04
1.743000e-01	9.992438e+03	1.591135e+04	1.661467e+04
1.747200e-01	1.007996e+04	1.588917e+04	1.659320e+04
1.751400e-01	9.949051e+03	1.593193e+04	1.663011e+04
1.755600e-01	9.502579e+03	1.606860e+04	1.675162e+04
1.759800e-01	9.974182e+03	1.593171e+04	1.662712e+04
1.764000e-01	1.001986e+04	1.592200e+04	1.661695e+04
1.768200e-01	1.010391e+04	1.590081e+04	1.659647e+04
1.772400e-01	1.000099e+04	1.593564e+04	1.662590e+04
1.776600e-01	9.541294e+03	1.607694e+04	1.675031e+04
1.780800e-01	9.997732e+03	1.594290e+04	1.662923e+04
1.785000e-01	1.004930e+04	1.593100e+04	1.661705e+04
1.789200e-01	1.013008e+04	1.591024e+04	1.659696e+04
1.793400e-01	1.005275e+04	1.593742e+04	1.661903e+04
1.797600e-01	9.584903e+03	1.608285e+04	1.674548e+04
1.801800e-01	1.002170e+04	1.595324e+04	1.663001e+04
1.806000e-01	1.007943e+04	1.593923e+04	1.661610e+04
1.810200e-01	1.015629e+04	1.591935e+04	1.659706e+04
1.814400e-01	1.010136e+04	1.593980e+04	1.661311e+04
1.818600e-01	9.631335e+03	1.608716e+04	1.673953e+04
1.822800e-01	1.004668e+04	1.596277e+04	1.662919e+04
1.827000e-01	1.011172e+04	1.594624e+04	1.661290e+04
1.831200e-01	1.018523e+04	1.592706e+04	1.659429e+04
1.835400e-01	1.015066e+04	1.594125e+04	1.660461e+04
1.839600e-01	9.682191e+03	1.608902e+04	1.673129e+04
1.843800e-01	1.007248e+04	1.597076e+04	1.662746e+04
1.848000e-01	1.014482e+04	1.595142e+04	1.660915e+04
1.852200e-01	1.021433e+04	1.593290e+04	1.659159e+04
1.856400e-01	1.019711e+04	1.594155e+04	1.659727e+04
1.860600e-01	9.735174e+03	1.608938e+04	1.672200e+04
1.864800e-01	1.009911e+04	1.597812e+04	1.662426e+04
1.869000e-01	1.017950e+04	1.595605e+04	1.660327e+04
1.873200e-01	1.024546e+04	1.593849e+04	1.658613e+04
1.877400e-01	1.024376e+04	1.594243e+04	1.658718e+04
1.881600e-01	9.792449e+03	1.608874e+04	1.670955e+04
1.885800e-01	1.012719e+04	1.598449e+04	1.661971e+04
1.890000e-01	1.021561e+04	1.595919e+04	1.659649e+04
1.894200e-01	1.027768e+04	1.594224e+04	1.658040e+04
1.898400e-01	1.028894e+04	1.594168e+04	1.657802e+04
1.902600e-01	9.851876e+03	1.608550e+04	1.669653e+04
1.906800e-01	1.015665e+04	1.598939e+04	1.661360e+04
1.911000e-01	1.025345e+04	1.596084e+04	1.658752e+04
1.915200e-01	1.031193e+04	1.594468e+04	1.657181e+04
1.919400e-01	1.033432e+04	1.594043e+04	1.656592e+04
1.923600e-01	9.914084e+03	1.608152e+04	1.668082e+04
1.927800e-01	1.018703e+04	1.599377e+04	1.660650e+04
1.932000e-01	1.029188e+04	1.596186e+04	1.657814e+04
1.936200e-01	1.034636e+04	1.594655e+04	1.656357e+04
1.940400e-01	1.037758e+04	1.593909e+04	1.655535e+04
1.944600e-01	9.978245e+03	1.607592e+04	1.666479e+04
1.948800e-01	1.021930e+04	1.599725e+04	1.659768e+04
1.953000e-01	1.033246e+04	1.596190e+04	1.656627e+04
1.957200e-01	1.038355e+04	1.594741e+04	1.655191e+04
1.961400e-01	1.042230e+04	1.593719e+04	1.654097e+04
1.965600e-01	1.004588e+04	1.606818e+04	1.664539e+04
1.969800e-01	1.025366e+04	1.599869e+04	1.658761e+04
1.974000e-01	1.037450e+04	1.595956e+04	1.655394e+04
1.978200e-01	1.042181e+04	1.594558e+04	1.654076e+04
1.982400e-01	1.046593e+04	1.593280e+04	1.652848e+04
1.986600e-01	1.011392e+04	1.605871e+04	1.662663e+04
1.990800e-01	1.028883e+04	1.599990e+04	1.657629e+04
1.995000e-01	1.041707e+04	1.595752e+04	1.653961e+04
1.999200e-01	1.046071e+04	1.594485e+04	1.652668e+04
2.003400e-01	1.050874e+04	1.593073e+04	1.651251e+04
2.007600e-01	1.018388e+04	1.605003e+04	1.660415e+04
2.011800e-01	1.032666e+04	1.599996e+04	1.656329e+04
2.016000e-01	1.046211e+04	1.595327e+04	1.652440e+04
2.020200e-01	1.050266e+04	1.594078e+04	1.651252e+04
2.024400e-01	1.055363e+04	1.592456e+04	1.649767e+04
2.028600e-01	1.025667e+04	1.603684e+04	1.658203e+04
2.032800e-01	1.036649e+04	1.599838e+04	1.654891e+04
2.037000e-01	1.050789e+04	1.594838e+04	1.650726e+04
2.041200e-01	1.054471e+04	1.593715e+04	1.649567e+04
2.045400e-01	1.059661e+04	1.592034e+04	1.647972e+04
2.049600e-01	1.032834e+04	1.602520e+04	1.655710e+04
2.053800e-01	1.040769e+04	1.599651e+04	1.653301e+04
2.058000e-01	1.055496e+04	1.594241e+04	1.648910e+04
2.062200e-01	1.058880e+04	1.593169e+04	1.647837e+04
2.066400e-01	1.064117e+04	1.591385e+04	1.646220e+04
2.070600e-01	1.040294e+04	1.601031e+04	1.653233e+04
2.074800e-01	1.045203e+04	1.599279e+04	1.651617e+04
2.079000e-01	1.060376e+04	1.593508e+04	1.646973e+04
2.083200e-01	1.063446e+04	1.592522e+04	1.645946e+04
2.087400e-01	1.068594e+04	1.590711e+04	1.644295e+04
2.091600e-01	1.047759e+04	1.599501e+04	1.650533e+04
2.095800e-01	1.049849e+04	1.598812e+04	1.649738e+04
2.100000e-01	1.065384e+04	1.592656e+04	1.644867e+04
2.104200e-01	1.068165e+04	1.591737e+04	1.643892e+04
2.108400e-01	1.073151e+04	1.589906e+04	1.642240e+04
2.112600e-01	1.055237e+04	1.597819e+04	1.647702e+04
2.116800e-01	1.054703e+04	1.598263e+04	1.647745e+04
2.121000e-01	1.070527e+04	1.591745e+04	1.642695e+04
2.125200e-01	1.073040e+04	1.590920e+04	1.641798e+04
2.129400e-01	1.077805e+04	1.589126e+04	1.640195e+04
2.133600e-01	1.062765e+04	1.596100e+04	1.644850e+04
2.137800e-01	1.059797e+04	1.597556e+04	1.645567e+04
2.142000e-01	1.075759e+04	1.590639e+04	1.640305e+04
2.146200e-01	1.078007e+04	1.589849e+04	1.639420e+04
2.150400e-01	1.082513e+04	1.588041e+04	1.637807e+04
2.154600e-01	1.070148e+04	1.594144e+04	1.641726e+04
2.158800e-01	1.065279e+04	1.596700e+04	1.643203e+04
2.163000e-01	1.081129e+04	1.589522e+04	1.637866e+04
2.167200e-01	1.083204e+04	1.588828e+04	1.637057e+04
2.171400e-01	1.087478e+04	1.587093e+04	1.635521e+04
2.175600e-01	1.077510e+04	1.592402e+04	1.638800e+04
2.179800e-01	1.071162e+04	1.595730e+04	1.640715e+04
2.184000e-01	1.086556e+04	1.588285e+04	1.635264e+04
2.188200e-01	1.088480e+04	1.587578e+04	1.634425e+04
2.192400e-01	1.092471e+04	1.585829e+04	1.632871e+04
2.196600e-01	1.084590e+04	1.590335e+04	1.635529e+04
2.200800e-01	1.077353e+04	1.594464e+04	1.637976e+04
2.205000e-01	1.092136e+04	1.586960e+04	1.632590e+04
2.209200e-01	1.094020e+04	1.586285e+04	1.631789e+04
2.213400e-01	1.097793e+04	1.584603e+04	1.630312e+04
2.217600e-01	1.091746e+04	1.588431e+04	1.632449e+04
2.221800e-01	1.083871e+04	1.593110e+04	1.635128e+04
2.226000e-01	1.097772e+04	1.585524e+04	1.629757e+04
2.230200e-01	1.099590e+04	1.584804e+04	1.628898e+04
2.234400e-01	1.103074e+04	1.583126e+04	1.627410e+04
2.238600e-01	1.098592e+04	1.586317e+04	1.629036e+04
2.242800e-01	1.090606e+04	1.591578e+04	1.632044e+04
2.247000e-01	1.103525e+04	1.584020e+04	1.626855e+04
2.251200e-01	1.105363e+04	1.583282e+04	1.626008e+04
2.255400e-01	1.108624e+04	1.581660e+04	1.624599e+04
2.259600e-01	1.105548e+04	1.584293e+04	1.625807e+04
2.263800e-01	1.097734e+04	1.589943e+04	1.628854e+04
2.268000e-01	1.109426e+04	1.582424e+04	1.623790e+04
2.272200e-01	1.111267e+04	1.581613e+04	1.622865e+04
2.276400e-01	1.114261e+04	1.580006e+04	1.621447e+04
2.280600e-01	1.112335e+04	1.582085e+04	1.622236e+04
2.284800e-01	1.105044e+04	1.588078e+04	1.625410e+04
2.289000e-01	1.115443e+04	1.580749e+04	1.620618e+04
2.293200e-01	1.117307e+04	1.579885e+04	1.619677e+04
2.297400e-01	1.120057e+04	1.578338e+04	1.618331e+04
2.301600e-01	1.119098e+04	1.579939e+04	1.618810e+04
2.305800e-01	1.112588e+04	1.586078e+04	1.621925e+04
2.310000e-01	1.121619e+04	1.578935e+04	1.617328e+04
2.314200e-01	1.123503e+04	1.577963e+04	1.616314e+04
2.318400e-01	1.126017e+04	1.576430e+04	1.614975e+04
2.322600e-01	1.125843e+04	1.577586e+04	1.615136e+04
2.326800e-01	1.120334e+04	1.583916e+04	1.618207e+04
2.331000e-01	1.127943e+04	1.577046e+04	1.613903e+04
2.335200e-01	1.129823e+04	1.575996e+04	1.612844e+04
2.339400e-01	1.132101e+04	1.574526e+04	1.611551e+04
2.343600e-01	1.132533e+04	1.575320e+04	1.611470e+04
2.347800e-01	1.128216e+04	1.581710e+04	1.614407e+04
2.352000e-01	1.134426e+04	1.575082e+04	1.610369e+04
2.356200e-01	1.136285e+04	1.573914e+04	1.609250e+04
2.360400e-01	1.138347e+04	1.572467e+04	1.607981e+04
2.364600e-01	1.139242e+04	1.572893e+04	1.607669e+04
2.368800e-01	1.136242e+04	1.579258e+04	1.610422e+04
2.373000e-01	1.141072e+04	1.572997e+04	1.606724e+04
2.377200e-01	1.142871e+04	1.571722e+04	1.605562e+04
2.381400e-01	1.144723e+04	1.570324e+04	1.604340e+04
2.385600e-01	1.145945e+04	1.570447e+04	1.603839e+04
2.389800e-01	1.144384e+04	1.576693e+04	1.606273e+04
2.394000e-01	1.147853e+04	1.570803e+04	1.602906e+04
2.398200e-01	1.149532e+04	1.569405e+04	1.601681e+04
2.402400e-01	1.151171e+04	1.568044e+04	1.600474e+04
2.406600e-01	1.152595e+04	1.567898e+04	1.599811e+04
2.410800e-01	1.152645e+04	1.574020e+04	1.601993e+04
2.415000e-01	1.154866e+04	1.568515e+04	1.598950e+04
2.419200e-01	1.156403e+04	1.566995e+04	1.597686e+04
2.423400e-01	1.157880e+04	1.565675e+04	1.596513e+04
2.427600e-01	1.159424e+04	1.565302e+04	1.595741e+04
2.431800e-01	1.161037e+04	1.571250e+04	1.597692e+04
2.436000e-01	1.162039e+04	1.566143e+04	1.594943e+04
2.440200e-01	1.163320e+04	1.564495e+04	1.593649e+04
2.444400e-01	1.164594e+04	1.563215e+04	1.592515e+04
2.448600e-01	1.166111e+04	1.562638e+04	1.591648e+04
2.452800e-01	1.169336e+04	1.568325e+04	1.593227e+04
2.457000e-01	1.169389e+04	1.563662e+04	1.590743e+04
2.461200e-01	1.170395e+04	1.561890e+04	1.589396e+04
2.465400e-01	1.171542e+04	1.560652e+04	1.588256e+04
2.469600e-01	1.173015e+04	1.559904e+04	1.587283e+04
2.473800e-01	1.177807e+04	1.565260e+04	1.588531e+04
2.478000e-01	1.176948e+04	1.561058e+04	1.586431e+04
2.482200e-01	1.177554e+04	1.559166e+04	1.585107e+04
2.486400e-01	1.178538e+04	1.557966e+04	1.584031e+04
2.490600e-01	1.179852e+04	1.557079e+04	1.583042e+04
2.494800e-01	1.186190e+04	1.562109e+04	1.583872e+04
2.499000e-01	1.184685e+04	1.558344e+04	1.581996e+04
2.503200e-01	1.184829e+04	1.556326e+04	1.580655e+04
2.507400e-01	1.185702e+04	1.555158e+04	1.579574e+04
2.511600e-01	1.186839e+04	1.554154e+04	1.578522e+04
2.515800e-01	1.194650e+04	1.558860e+04	1.578956e+04
2.520000e-01	1.192642e+04	1.555575e+04	1.577349e+04
2.524200e-01	1.192204e+04	1.553458e+04	1.576026e+04
2.528400e-01	1.192961e+04	1.552347e+04	1.574960e+04
2.532600e-01	1.193856e+04	1.551271e+04	1.573893e+04
2.536800e-01	1.203022e+04	1.555513e+04	1.574044e+04
2.541000e-01	1.200820e+04	1.552649e+04	1.572677e+04
2.545200e-01	1.199728e+04	1.550416e+04	1.571406e+04
2.549400e-01	1.200418e+04	1.549318e+04	1.570386e+04
2.553600e-01	1.201075e+04	1.548153e+04	1.569340e+04
2.557800e-01	1.211389e+04	1.551963e+04	1.569100e+04
2.562000e-01	1.209154e+04	1.549575e+04	1.567833e+04
2.566200e-01	1.207260e+04	1.547260e+04	1.566584e+04
2.570400e-01	1.207853e+04	1.546204e+04	1.565536e+04
2.574600e-01	1.208210e+04	1.545007e+04	1.564454e+04
2.578800e-01	1.219578e+04	1.548473e+04	1.563821e+04
2.583000e-01	1.217719e+04	1.546500e+04	1.562784e+04
2.587200e-01	1.214966e+04	1.544090e+04	1.561658e+04
2.591400e-01	1.215553e+04	1.543077e+04	1.560650e+04
2.595600e-01	1.215677e+04	1.541856e+04	1.559620e+04
2.599800e-01	1.227905e+04	1.544846e+04	1.558691e+04
2.604000e-01	1.226520e+04	1.543280e+04	1.557675e+04
2.608200e-01	1.222699e+04	1.540805e+04	1.556627e+04
2.612400e-01	1.223218e+04	1.539817e+04	1.555605e+04
2.616600e-01	1.223028e+04	1.538580e+04	1.554574e+04
2.620800e-01	1.235895e+04	1.541037e+04	1.553338e+04
2.625000e-01	1.235510e+04	1.539836e+04	1.552408e+04
2.629200e-01	1.230587e+04	1.537323e+04	1.551517e+04
2.633400e-01	1.231148e+04	1.536343e+04	1.550520e+04
2.637600e-01	1.230759e+04	1.535096e+04	1.549538e+04
2.641800e-01	1.244006e+04	1.537166e+04	1.547977e+04
2.646000e-01	1.244737e+04	1.536390e+04	1.546946e+04
2.650200e-01	1.238502e+04	1.533867e+04	1.546208e+04
2.654400e-01	1.239044e+04	1.532954e+04	1.545174e+04
2.658600e-01	1.238394e+04	1.531759e+04	1.544189e+04
2.662800e-01	1.251756e+04	1.533419e+04	1.542416e+04
2.667000e-01	1.254124e+04	1.532855e+04	1.541359e+04
2.671200e-01	1.246522e+04	1.530256e+04	1.540842e+04
2.675400e-01	1.247138e+04	1.529320e+04	1.539833e+04
2.679600e-01	1.246344e+04	1.528096e+04	1.538907e+04
2.683800e-01	1.259589e+04	1.529284e+04	1.536994e+04
2.688000e-01	1.263796e+04	1.529095e+04	1.535722e+04
2.692200e-01	1.254614e+04	1.526579e+04	1.535391e+04
2.696400e-01	1.255273e+04	1.525703e+04	1.534354e+04
2.700600e-01	1.254288e+04	1.524555e+04	1.533432e+04
2.704800e-01	1.267219e+04	1.525361e+04	1.531325e+04
2.709000e-01	1.273566e+04	1.525276e+04	1.529824e+04
2.713200e-01	1.262808e+04	1.522784e+04	1.529777e+04
2.717400e-01	1.263533e+04	1.521886e+04	1.528725e+04
2.721600e-01	1.262402e+04	1.520729e+04	1.527834e+04
2.725800e-01	1.274896e+04	1.521183e+04	1.525603e+04
2.730000e-01	1.283454e+04	1.521283e+04	1.523813e+04
2.734200e-01	1.271169e+04	1.518915e+04	1.524073e+04
2.738400e-01	1.271931e+04	1.518043e+04	1.523018e+04
2.742600e-01	1.270665e+04	1.516939e+04	1.522166e+04
2.746800e-01	1.282578e+04	1.517110e+04	1.519872e+04
2.751000e-01	1.293337e+04	1.517229e+04	1.517711e+04
2.755200e-01	1.279570e+04	1.514976e+04	1.518235e+04
2.759400e-01	1.280295e+04	1.514093e+04	1.517155e+04
2.763600e-01	1.278871e+04	1.513006e+04	1.516311e+04
2.767800e-01	1.290149e+04	1.512899e+04	1.513970e+04
2.772000e-01	1.303281e+04	1.512992e+04	1.511461e+04
2.776200e-01	1.288119e+04	1.510903e+04	1.512295e+04
2.780400e-01	1.288809e+04	1.510005e+04	1.511224e+04
2.784600e-01	1.287281e+04	1.508939e+04	1.510417e+04
2.788800e-01	1.297891e+04	1.508611e+04	1.508075e+04
2.793000e-01	1.313384e+04	1.508672e+04	1.505128e+04
2.797200e-01	1.296872e+04	1.506801e+04	1.506234e+04
2.801400e-01	1.297459e+04	1.505918e+04	1.505154e+04
2.805600e-01	1.295819e+04	1.504905e+04	1.504356e+04
2.809800e-01	1.305614e+04	1.504387e+04	1.502004e+04
2.814000e-01	1.323361e+04	1.504245e+04	1.498624e+04
2.818200e-01	1.305689e+04	1.502572e+04	1.500075e+04
2.822400e-01	1.306092e+04	1.501656e+04	1.499025e+04
2.826600e-01	1.304342e+04	1.500647e+04	1.498272e+04
2.830800e-01	1.313275e+04	1.499939e+04	1.495958e+04
2.835000e-01	1.333291e+04	1.499620e+04	1.492019e+04
2.839200e-01	1.314644e+04	1.498229e+04	1.493728e+04
2.843400e-01	1.314834e+04	1.497318e+04	1.492671e+04
2.847600e-01	1.313023e+04	1.496356e+04	1.491905e+04
2.851800e-01	1.321114e+04	1.495552e+04	1.489627e+04
2.856000e-01	1.343331e+04	1.495017e+04	1.485275e+04
2.860200e-01	1.323765e+04	1.493825e+04	1.487332e+04
2.864400e-01	1.323644e+04	1.492909e+04	1.486359e+04
2.868600e-01	1.321751e+04	1.491965e+04	1.485663e+04
2.872800e-01	1.328926e+04	1.491059e+04	1.483506e+04
2.877000e-01	1.353273e+04	1.490285e+04	1.478548e+04
2.881200e-01	1.333034e+04	1.489339e+04	1.480744e+04
2.885400e-01	1.332543e+04	1.488433e+04	1.479770e+04
2.889600e-01	1.330609e+04	1.487523e+04	1.479023e+04
2.893800e-01	1.336859e+04	1.486532e+04	1.476914e+04
2.898000e-01	1.363142e+04	1.485404e+04	1.471562e+04
2.902200e-01	1.342433e+04	1.484737e+04	1.474061e+04
2.906400e-01	1.341478e+04	1.483841e+04	1.473209e+04
2.910600e-01	1.339503e+04	1.482956e+04	1.472532e+04
2.914800e-01	1.344818e+04	1.481913e+04	1.470594e+04
2.919000e-01	1.372938e+04	1.480430e+04	1.464715e+04
2.923200e-01	1.351964e+04	1.480004e+04	1.467309e+04
2.927400e-01	1.350463e+04	1.479127e+04	1.466528e+04
2.931600e-01	1.348469e+04	1.478260e+04	1.465829e+04
2.935800e-01	1.352863e+04	1.477197e+04	1.463964e+04
2.940000e-01	1.382698e+04	1.475436e+04	1.457519e+04
2.944200e-01	1.361695e+04	1.475242e+04	1.460333e+04
2.948400e-01	1.359573e+04	1.474422e+04	1.459675e+04
2.952600e-01	1.357593e+04	1.473599e+04	1.458991e+04
2.956800e-01	1.361078e+04	1.472545e+04	1.457267e+04
2.961000e-01	1.392347e+04	1.470373e+04	1.450319e+04
2.965200e-01	1.371537e+04	1.470354e+04	1.453247e+04
2.969400e-01	1.368670e+04	1.469569e+04	1.452742e+04
2.973600e-01	1.366686e+04	1.468744e+04	1.452068e+04
2.977800e-01	1.369262e+04	1.467674e+04	1.450504e+04
2.982000e-01	1.401830e+04	1.465109e+04	1.443144e+04
2.986200e-01	1.381511e+04	1.465323e+04	1.446071e+04
2.990400e-01	1.377826e+04	1.464620e+04	1.445735e+04
2.994600e-01	1.375888e+04	1.463827e+04	1.445056e+04
2.998800e-01	1.377622e+04	1.462807e+04	1.443636e+04
3.003000e-01	1.411323e+04	1.459924e+04	1.435834e+04
3.007200e-01	1.391712e+04	1.460254e+04	1.438725e+04
3.011400e-01	1.387105e+04	1.459643e+04	1.438582e+04
3.015600e-01	1.385227e+04	1.458867e+04	1.437888e+04
3.019800e-01	1.386143e+04	1.457892e+04	1.436607e+04
3.024000e-01	1.420645e+04	1.454670e+04	1.428420e+04
3.028200e-01	1.402025e+04	1.455081e+04	1.431264e+04
3.032400e-01	1.396376e+04	1.454572e+04	1.431376e+04
3.036600e-01	1.394553e+04	1.453800e+04	1.430692e+04
3.040800e-01	1.394675e+04	1.452861e+04	1.429582e+04
3.045000e-01	1.429733e+04	1.449246e+04	1.421010e+04
3.049200e-01	1.412471e+04	1.449798e+04	1.423670e+04
3.053400e-01	1.405713e+04	1.449460e+04	1.424048e+04
3.057600e-01	1.404000e+04	1.448724e+04	1.423339e+04
3.061800e-01	1.403429e+04	1.447870e+04	1.422365e+04
3.066000e-01	1.438828e+04	1.443831e+04	1.413443e+04
3.070200e-01	1.423089e+04	1.444356e+04	1.415883e+04
3.074400e-01	1.415070e+04	1.444170e+04	1.416579e+04
3.078600e-01	1.413443e+04	1.443407e+04	1.415850e+04
3.082800e-01	1.412195e+04	1.442594e+04	1.415025e+04
3.087000e-01	1.447717e+04	1.438301e+04	1.405890e+04
3.091200e-01	1.433897e+04	1.438847e+04	1.408008e+04
3.095400e-01	1.424542e+04	1.438890e+04	1.409065e+04
3.099600e-01	1.423068e+04	1.438167e+04	1.408325e+04
3.103800e-01	1.421254e+04	1.437466e+04	1.407652e+04
3.108000e-01	1.456541e+04	1.432948e+04	1.398350e+04
3.112200e-01	1.444852e+04	1.433289e+04	1.399999e+04
3.116400e-01	1.434015e+04	1.433522e+04	1.401431e+04
3.120600e-01	1.432660e+04	1.432767e+04	1.400643e+04
3.124800e-01	1.430303e+04	1.432103e+04	1.400081e+04
3.129000e-01	1.465059e+04	1.427322e+04	1.390653e+04
3.133200e-01	1.455940e+04	1.427576e+04	1.391812e+04
3.137400e-01	1.443571e+04	1.428122e+04	1.393703e+04
3.141600e-01	1.442410e+04	1.427396e+04	1.392892e+04
3.145800e-01	1.439648e+04	1.426844e+04	1.392460e+04
3.150000e-01	1.473567e+04	1.421825e+04	1.382989e+04
3.154200e-01	1.467199e+04	1.421724e+04	1.383510e+04
3.158400e-01	1.453138e+04	1.422548e+04	1.385900e+04
3.162600e-01	1.452138e+04	1.421767e+04	1.385049e+04
3.166800e-01	1.449000e+04	1.421242e+04	1.384723e+04
3.171000e-01	1.481810e+04	1.416135e+04	1.375261e+04
3.175200e-01	1.478598e+04	1.415818e+04	1.375018e+04
3.179400e-01	1.462758e+04	1.417046e+04	1.377963e+04
3.183600e-01	1.461973e+04	1.416313e+04	1.377055e+04
3.187800e-01	1.458585e+04	1.415917e+04	1.376808e+04
3.192000e-01	1.490011e+04	1.410745e+04	1.367494e+04
3.196200e-01	1.490221e+04	1.409827e+04	1.366374e+04
3.200400e-01	1.472461e+04	1.411377e+04	1.369917e+04
3.204600e-01	1.471897e+04	1.410556e+04	1.368952e+04
3.208800e-01	1.468332e+04	1.410143e+04	1.368770e+04
3.213000e-01	1.498006e+04	1.404931e+04	1.359760e+04
3.217200e-01	1.501980e+04	1.403636e+04	1.357664e+04
3.221400e-01	1.482212e+04	1.405724e+04	1.361857e+04
3.225600e-01	1.481889e+04	1.404946e+04	1.360847e+04
3.229800e-01	1.478247e+04	1.404656e+04	1.360722e+04
3.234000e-01	1.505838e+04	1.399545e+04	1.352046e+04
3.238200e-01	1.513859e+04	1.397433e+04	1.348759e+04
3.242400e-01	1.491997e+04	1.399935e+04	1.353651e+04
3.246600e-01	1.491928e+04	1.399060e+04	1.352548e+04
3.250800e-01	1.488238e+04	1.398741e+04	1.352437e+04
3.255000e-01	1.513712e+04	1.393739e+04	1.344109e+04
3.259200e-01	1.525759e+04	1.391084e+04	1.339667e+04
3.263400e-01	1.501911e+04	1.394174e+04	1.345336e+04
3.267600e-01	1.502050e+04	1.393341e+04	1.344194e+04
3.271800e-01	1.498327e+04	1.393139e+04	1.344146e+04
3.276000e-01	1.521729e+04	1.388305e+04	1.336270e+04
3.280200e-01	1.537621e+04	1.384743e+04	1.330590e+04
3.284400e-01	1.511989e+04	1.388273e+04	1.336900e+04
3.288600e-01	1.512255e+04	1.387364e+04	1.335701e+04
3.292800e-01	1.508510e+04	1.387136e+04	1.335662e+04
3.297000e-01	1.529841e+04	1.382441e+04	1.328236e+04
3.301200e-01	1.549372e+04	1.378222e+04	1.321434e+04
3.305400e-01	1.522230e+04	1.382326e+04	1.328392e+04
3.309600e-01	1.522546e+04	1.381461e+04	1.327202e+04
3.313800e-01	1.518808e+04	1.381329e+04	1.327214e+04
3.318000e-01	1.538114e+04	1.376883e+04	1.320228e+04
3.322200e-01	1.561010e+04	1.371809e+04	1.312192e+04
3.326400e-01	1.532567e+04	1.376353e+04	1.319758e+04
3.330600e-01	1.532821e+04	1.375485e+04	1.318567e+04
3.334800e-01	1.529075e+04	1.375369e+04	1.318594e+04
3.339000e-01	1.546454e+04	1.371114e+04	1.312031e+04
3.343200e-01	1.572629e+04	1.365221e+04	1.302788e+04
3.347400e-01	1.543119e+04	1.370249e+04	1.310940e+04
3.351600e-01	1.543270e+04	1.369412e+04	1.309782e+04
3.355800e-01	1.539572e+04	1.369333e+04	1.309831e+04
3.360000e-01	1.555092e+04	1.365338e+04	1.303755e+04
3.364200e-01	1.584245e+04	1.358655e+04	1.293423e+04
3.368400e-01	1.553898e+04	1.364120e+04	1.302082e+04
3.372600e-01	1.553834e+04	1.363350e+04	1.301023e+04
3.376800e-01	1.550177e+04	1.363319e+04	1.301117e+04
3.381000e-01	1.563835e+04	1.359612e+04	1.295547e+04
3.385200e-01	1.595631e+04	1.352127e+04	1.284053e+04
3.389400e-01	1.564772e+04	1.357966e+04	1.293060e+04
3.393600e-01	1.564387e+04	1.357279e+04	1.292071e+04
3.397800e-01	1.560779e+04	1.357280e+04	1.292137e+04
3.402000e-01	1.572678e+04	1.353830e+04	1.287009e+04
3.406200e-01	1.606968e+04	1.345474e+04	1.274502e+04
3.410400e-01	1.575865e+04	1.351698e+04	1.283952e+04
3.414600e-01	1.575107e+04	1.351109e+04	1.283147e+04
3.418800e-01	1.571603e+04	1.351136e+04	1.283272e+04
3.423000e-01	1.581873e+04	1.347967e+04	1.278659e+04
3.427200e-01	1.618389e+04	1.338805e+04	1.265034e+04
3.431400e-01	1.587189e+04	1.345384e+04	1.274707e+04
3.435600e-01	1.585934e+04	1.344948e+04	1.274052e+04
3.439800e-01	1.582505e+04	1.345022e+04	1.274144e+04
3.444000e-01	1.591166e+04	1.342189e+04	1.269975e+04
3.448200e-01	1.629645e+04	1.332251e+04	1.255393e+04
3.452400e-01	1.598729e+04	1.339020e+04	1.265319e+04
3.456600e-01	1.596914e+04	1.338742e+04	1.264910e+04
3.460800e-01	1.593617e+04	1.338822e+04	1.265031e+04
3.465000e-01	1.600780e+04	1.336297e+04	1.261372e+04
3.469200e-01	1.640861e+04	1.325672e+04	1.245879e+04
3.473400e-01	1.610471e+04	1.332628e+04	1.255856e+04
3.477600e-01	1.607980e+04	1.332571e+04	1.255712e+04
3.481800e-01	1.604802e+04	1.332690e+04	1.255818e+04
3.486000e-01	1.610546e+04	1.330494e+04	1.252621e+04
3.490200e-01	1.652028e+04	1.319131e+04	1.236276e+04
3.494400e-01	1.622468e+04	1.326209e+04	1.246254e+04
3.498600e-01	1.619237e+04	1.326401e+04	1.246430e+04
3.502800e-01	1.616228e+04	1.326541e+04	1.246527e+04
3.507000e-01	1.620677e+04	1.324659e+04	1.243785e+04
3.511200e-01	1.663261e+04	1.312548e+04	1.226628e+04
3.515400e-01	1.634734e+04	1.319681e+04	1.236539e+04
3.519600e-01	1.630646e+04	1.320156e+04	1.237098e+04
3.523800e-01	1.627792e+04	1.320301e+04	1.237194e+04
3.528000e-01	1.631013e+04	1.318740e+04	1.234915e+04
3.532200e-01	1.674440e+04	1.306044e+04	1.217024e+04
3.536400e-01	1.647284e+04	1.313161e+04	1.226668e+04
3.540600e-01	1.642273e+04	1.313998e+04	1.227637e+04
3.544800e-01	1.639620e+04	1.314182e+04	1.227687e+04
3.549000e-01	1.641741e+04	1.312976e+04	1.225831e+04
3.553200e-01	1.685703e+04	1.299727e+04	1.207408e+04
3.557400e-01	1.660138e+04	1.306626e+04	1.216737e+04
3.561600e-01	1.654096e+04	1.307830e+04	1.218216e+04
3.565800e-01	1.651638e+04	1.307998e+04	1.218273e+04
3.570000e-01	1.652737e+04	1.307091e+04	1.216869e+04
3.574200e-01	1.696970e+04	1.293365e+04	1.197923e+04
3.578400e-01	1.673350e+04	1.300041e+04	1.206697e+04
3.582600e-01	1.666221e+04	1.301696e+04	1.208697e+04
3.586800e-01	1.664015e+04	1.301882e+04	1.208690e+04
3.591000e-01	1.664232e+04	1.301306e+04	1.207653e+04
3.595200e-01	1.708364e+04	1.287201e+04	1.188275e+04
3.599400e-01	1.686897e+04	1.293496e+04	1.196489e+04
3.603600e-01	1.678568e+04	1.295652e+04	1.199122e+04
3.607800e-01	1.676593e+04	1.295842e+04	1.199092e+04
3.612000e-01	1.675999e+04	1.295574e+04	1.198457e+04
3.616200e-01	1.719795e+04	1.281127e+04	1.178815e+04
3.620400e-01	1.700829e+04	1.286936e+04	1.186229e+04
3.624600e-01	1.691250e+04	1.289654e+04	1.189542e+04
3.628800e-01	1.689566e+04	1.289840e+04	1.189464e+04
3.633000e-01	1.686240e+04	1.277942e+04	1.182119e+04
3.637200e-01	1.698392e+04	1.084412e+04	1.056515e+04
3.641400e-01	1.722141e+04	1.317849e+04	1.198107e+04
3.645600e-01	1.733941e+04	1.453232e+04	1.280133e+04
3.649800e-01	1.747026e+04	1.539311e+04	1.330558e+04
3.654000e-01	1.754232e+04	1.577561e+04	1.355608e+04
3.658200e-01	1.618090e+04	1.747090e+03	5.760708e+03
3.662400e-01	1.691474e+04	1.093917e+04	1.051272e+04
3.666600e-01	1.749119e+04	1.786363e+04	1.415047e+04
3.670800e-01	1.766993e+04	2.073239e+04	1.555089e+04
3.675000e-01	1.761065e+04	2.622401e+04	2.002580e+04
3.679200e-01	4.694611e+03	8.607330e+04	1.085537e+05
3.683400e-01	3.589750e+03	5.108082e+04	5.640455e+04
3.687600e-01	1.002544e+04	7.310529e+04	7.084213e+04
3.691800e-01	1.346296e+04	1.184738e+05	1.300685e+05
3.696000e-01	5.000126e+03	3.103058e+04	3.428987e+04
3.700200e-01	1.137022e+04	7.383314e+04	7.935871e+04
3.704400e-01	8.392877e+03	7.216093e+04	7.809632e+04
3.708600e-01	1.018863e+04	6.889075e+04	7.433828e+04
3.712800e-01	1.001365e+04	6.945546e+04	7.499253e+04
3.717000e-01	8.838149e+03	6.912296e+04	7.484619e+04
3.721200e-01	1.158095e+04	6.977885e+04	7.513299e+04
3.725400e-01	8.543569e+03	6.896005e+04	7.477275e+04
3.729600e-01	1.168120e+04	6.972744e+04	7.511279e+04
3.733800e-01	9.676703e+03	6.917459e+04	7.486690e+04
3.738000e-01	1.043728e+04	6.933679e+04	7.494242e+04
3.742200e-01	1.151246e+04	6.957279e+04	7.504827e+04
3.746400e-01	9.435202e+03	6.899532e+04	7.479110e+04
3.750600e-01	1.245797e+04	6.974981e+04	7.512812e+04
3.754800e-01	9.678886e+03	6.898550e+04	7.477920e+04
3.759000e-01	1.203264e+04	6.956703e+04	7.504544e+04
3.763200e-01	1.108446e+04	6.927301e+04	7.491779e+04
3.767400e-01	1.073753e+04	6.914570e+04	7.486296e+04
3.771600e-01	1.265979e+04	6.962001e+04	7.507338e+04
3.775800e-01	1.018090e+04	6.892625e+04	7.475530e+04
3.780000e-01	1.304944e+04	6.966013e+04	7.508837e+04
3.784200e-01	1.087126e+04	6.903522e+04	7.480473e+04
3.788400e-01	1.218887e+04	6.935619e+04	7.495538e+04
3.792600e-01	1.239600e+04	6.937337e+04	7.496314e+04
3.796800e-01	1.112679e+04	6.899463e+04	7.479053e+04
3.801000e-01	1.349966e+04	6.960344e+04	7.507351e+04
3.805200e-01	1.103003e+04	6.889692e+04	7.474254e+04
3.809400e-01	1.340778e+04	6.951397e+04	7.502953e+04
3.813600e-01	1.203631e+04	6.909823e+04	7.483930e+04
3.817800e-01	1.232926e+04	6.914696e+04	7.486253e+04
3.822000e-01	1.347645e+04	6.943136e+04	7.498876e+04
3.826200e-01	1.162392e+04	6.888587e+04	7.473413e+04
3.830400e-01	1.407159e+04	6.953097e+04	7.504032e+04
3.834600e-01	1.194244e+04	6.889903e+04	7.474844e+04
3.838800e-01	1.357900e+04	6.932552e+04	7.495156e+04
3.843000e-01	1.311301e+04	6.916450e+04	7.486705e+04
3.847200e-01	1.255813e+04	6.897921e+04	7.477763e+04
3.851400e-01	1.425778e+04	6.942163e+04	7.499321e+04
3.855600e-01	1.222698e+04	6.881096e+04	7.470795e+04
3.859800e-01	1.441779e+04	6.940487e+04	7.498906e+04
3.864000e-01	1.286882e+04	6.893643e+04	7.476097e+04
3.868200e-01	1.362345e+04	6.912253e+04	7.484921e+04
3.872400e-01	1.407708e+04	6.921258e+04	7.489540e+04
3.876600e-01	1.286273e+04	6.883124e+04	7.471658e+04
3.880800e-01	1.479265e+04	6.936148e+04	7.496680e+04
3.885000e-01	1.289215e+04	6.878801e+04	7.468887e+04
3.889200e-01	1.458450e+04	6.924854e+04	7.491352e+04
3.893400e-01	1.373589e+04	6.896549e+04	7.477971e+04
3.897600e-01	1.371931e+04	6.893104e+04	7.476509e+04
3.901800e-01	1.478890e+04	6.921464e+04	7.490108e+04
3.906000e-01	1.325359e+04	6.873963e+04	7.466939e+04
3.910200e-01	1.511354e+04	6.925910e+04	7.491998e+04
3.914400e-01	1.358844e+04	6.878067e+04	7.468932e+04
3.918600e-01	1.462507e+04	6.906167e+04	7.482556e+04
3.922800e-01	1.450799e+04	6.899784e+04	7.479478e+04
3.927000e-01	1.388303e+04	6.878504e+04	7.469337e+04
3.931200e-01	1.526606e+04	6.916950e+04	7.487962e+04
3.935400e-01	1.371259e+04	6.868365e+04	7.463981e+04
3.939600e-01	1.526831e+04	6.911914e+04	7.485684e+04
3.943800e-01	1.426723e+04	6.879190e+04	7.469819e+04
3.948000e-01	1.461858e+04	6.887380e+04	7.473948e+04
3.952200e-01	1.513719e+04	6.900649e+04	7.480134e+04
3.956400e-01	1.410554e+04	6.867354e+04	7.463530e+04
3.960600e-01	1.554790e+04	6.908616e+04	7.484054e+04
3.964800e-01	1.420916e+04	6.865586e+04	7.463212e+04
3.969000e-01	1.530454e+04	6.896382e+04	7.478382e+04
3.973200e-01	1.485760e+04	6.880391e+04	7.470136e+04
3.977400e-01	1.467358e+04	6.872640e+04	7.466257e+04
3.981600e-01	1.555324e+04	6.897229e+04	7.478614e+04
3.985800e-01	1.440393e+04	6.860050e+04	7.460448e+04
3.990000e-01	1.568012e+04	6.897384e+04	7.478791e+04
3.994200e-01	1.470205e+04	6.865386e+04	7.462693e+04
3.998400e-01	1.526066e+04	6.880430e+04	7.470257e+04
4.002600e-01	1.535408e+04	6.880942e+04	7.470537e+04
4.006800e-01	1.478744e+04	6.861492e+04	7.460899e+04
4.011000e-01	1.578800e+04	6.890248e+04	7.475619e+04
4.015200e-01	1.473484e+04	6.856122e+04	7.458492e+04
4.019400e-01	1.570247e+04	6.884627e+04	7.472710e+04
4.023600e-01	1.514631e+04	6.865605e+04	7.463034e+04
4.027800e-01	1.524211e+04	6.866990e+04	7.463569e+04
4.032000e-01	1.569359e+04	6.879260e+04	7.469642e+04
4.036200e-01	1.495092e+04	6.854267e+04	7.457349e+04
4.040400e-01	1.588393e+04	6.881562e+04	7.471092e+04
4.044600e-01	1.507643e+04	6.855041e+04	7.457750e+04
4.048800e-01	1.566435e+04	6.871926e+04	7.466420e+04
4.053000e-01	1.549961e+04	6.865291e+04	7.463032e+04
4.057200e-01	1.527971e+04	6.857143e+04	7.458857e+04
4.061400e-01	1.587145e+04	6.874514e+04	7.467528e+04
4.065600e-01	1.516352e+04	6.850884e+04	7.455548e+04
4.069800e-01	1.588421e+04	6.872257e+04	7.466387e+04
4.074000e-01	1.538468e+04	6.855127e+04	7.458016e+04
4.078200e-01	1.560505e+04	6.860892e+04	7.460922e+04
4.082400e-01	1.575023e+04	6.864540e+04	7.462478e+04
4.086600e-01	1.536373e+04	6.851382e+04	7.455781e+04
4.090800e-01	1.592968e+04	6.868244e+04	7.464301e+04
4.095000e-01	1.538898e+04	6.850210e+04	7.455181e+04
4.099200e-01	1.583462e+04	6.863233e+04	7.462040e+04
4.103400e-01	1.561916e+04	6.855165e+04	7.458200e+04
4.107600e-01	1.559351e+04	6.853527e+04	7.457394e+04
4.111800e-01	1.586149e+04	6.861943e+04	7.461138e+04
4.116000e-01	1.549234e+04	6.849857e+04	7.454641e+04
4.120200e-01	1.590015e+04	6.861758e+04	7.460988e+04
4.124400e-01	1.558385e+04	6.850415e+04	7.455857e+04
4.128600e-01	1.577139e+04	6.855655e+04	7.458614e+04
4.132800e-01	1.576606e+04	6.855489e+04	7.457946e+04
4.137000e-01	1.563793e+04	6.851247e+04	7.455536e+04
4.141200e-01	1.586394e+04	6.857982e+04	7.459232e+04
4.145400e-01	1.562887e+04	6.849807e+04	7.455387e+04
4.149600e-01	1.582514e+04	6.855918e+04	7.458343e+04
4.153800e-01	1.572600e+04	6.852493e+04	7.456517e+04
4.158000e-01	1.573987e+04	6.852622e+04	7.456479e+04
4.162200e-01	1.580244e+04	6.854423e+04	7.457360e+04
4.166400e-01	1.571610e+04	6.851598e+04	7.456053e+04
4.170600e-01	1.578019e+04	6.853480e+04	7.456836e+04
4.174800e-01	1.573940e+04	6.852256e+04	7.456354e+04
4.179000e-01	1.572939e+04	6.851993e+04	7.456258e+04
4.183200e-01	1.572275e+04	6.851889e+04	7.456239e+04
4.187400e-01	1.571654e+04	6.851851e+04	7.456258e+04
4.191600e-01	1.571195e+04	6.851916e+04	7.456329e+04
4.195800e-01	1.570898e+04	6.852082e+04	7.456451e+04
4.200000e-01	1.570763e+04	6.852350e+04	7.456625e+04


