0.0
0.0004
0.0008
0.0012000000000000001
0.0016
0.002
0.0024000000000000002
0.0028000000000000004
0.0032000000000000006
0.0036000000000000008
0.004000000000000001
0.004400000000000001
0.004800000000000001
0.0052000000000000015
0.005600000000000002
0.006000000000000002
0.006400000000000002
0.006800000000000002
0.007200000000000002
0.007600000000000003
0.008000000000000002
0.008400000000000001
0.0088
0.0092
0.0096
0.009999999999999998
0.010399999999999998
0.010799999999999997
0.011199999999999996
0.011599999999999996
0.011999999999999995
0.012399999999999994
0.012799999999999994
0.013199999999999993
0.013599999999999992
0.013999999999999992
0.014399999999999991
0.01479999999999999
0.01519999999999999
0.015599999999999989
0.01599999999999999
0.01639999999999999
0.016799999999999992
0.017199999999999993
0.017599999999999994
0.017999999999999995
0.018399999999999996
0.018799999999999997
0.0192
0.0196
0.02
0.04653333333333333
0.07306666666666665
0.09959999999999998
0.12613333333333332
0.15266666666666664
0.17919999999999997
0.2057333333333333
0.23226666666666662
0.2588
0.2853333333333333
0.3118666666666667
0.33840000000000003
0.3649333333333334
0.39146666666666674
0.4180000000000001
0.44453333333333345
0.4710666666666668
0.49760000000000015
0.5241333333333335
0.5506666666666667
0.5772
0.6037333333333333
0.6302666666666666
0.6567999999999999
0.6833333333333332
0.7098666666666665
0.7363999999999998
0.7629333333333331
0.7894666666666664
0.8159999999999997
0.842533333333333
0.8690666666666663
0.8955999999999996
0.9221333333333329
0.9486666666666662
0.9751999999999995
1.001733333333333
1.0282666666666662
1.0547999999999995
1.0813333333333328
1.1078666666666661
1.1343999999999994
1.1609333333333327
1.187466666666666
1.2139999999999993
1.2405333333333326
1.267066666666666
1.2935999999999992
1.3201333333333325
1.3466666666666658
1.373199999999999
1.3997333333333324
1.4262666666666657
1.452799999999999
1.4793333333333323
1.5058666666666656
1.5323999999999989
1.5589333333333322
1.5854666666666655
1.6119999999999988
1.638533333333332
1.6650666666666654
1.6915999999999987
1.718133333333332
1.7446666666666653
1.7711999999999986
1.7977333333333319
1.8242666666666651
1.8507999999999984
1.8773333333333317
1.903866666666665
1.9303999999999983
1.9569333333333316
1.983466666666665
2.0099999999999985
2.036533333333332
2.0630666666666655
2.089599999999999
2.1161333333333325
2.142666666666666
2.1691999999999996
2.195733333333333
2.2222666666666666
2.2488
2.2753333333333337
2.301866666666667
2.3284000000000007
2.354933333333334
2.3814666666666677
2.4080000000000013
2.4345333333333348
2.4610666666666683
2.487600000000002
2.5141333333333353
2.540666666666669
2.5672000000000024
2.593733333333336
2.6202666666666694
2.646800000000003
2.6733333333333364
2.69986666666667
2.7264000000000035
2.752933333333337
2.7794666666666705
2.806000000000004
2.8325333333333376
2.859066666666671
2.8856000000000046
2.912133333333338
2.9386666666666716
2.965200000000005
2.9917333333333387
3.018266666666672
3.0448000000000057
3.0713333333333392
3.0978666666666728
3.1244000000000063
3.15093333333334
3.1774666666666733
3.204000000000007
3.2305333333333404
3.257066666666674
3.2836000000000074
3.310133333333341
3.3366666666666744
3.363200000000008
3.3897333333333415
3.416266666666675
3.4428000000000085
3.469333333333342
3.4958666666666756
3.522400000000009
3.5489333333333426
3.575466666666676
3.6020000000000096
3.628533333333343
3.6550666666666767
3.68160000000001
3.7081333333333437
3.7346666666666772
3.7612000000000108
3.7877333333333443
3.814266666666678
3.8408000000000113
3.867333333333345
3.8938666666666784
3.920400000000012
3.9469333333333454
3.973466666666679
4.000000000000012
4.000400000000012
4.000800000000012
4.001200000000012
4.001600000000012
4.002000000000012
4.002400000000012
4.002800000000012
4.003200000000012
4.003600000000012
4.004000000000012
4.004400000000012
4.004800000000012
4.005200000000012
4.005600000000012
4.006000000000012
4.006400000000012
4.006800000000012
4.007200000000012
4.007600000000012
4.0080000000000116
4.0084000000000115
4.0088000000000115
4.009200000000011
4.009600000000011
4.010000000000011
4.010400000000011
4.010800000000011
4.011200000000011
4.011600000000011
4.012000000000011
4.012400000000011
4.012800000000011
4.013200000000011
4.013600000000011
4.014000000000011
4.014400000000011
4.014800000000011
4.015200000000011
4.015600000000011
4.016000000000011
4.016400000000011
4.016800000000011
4.0172000000000105
4.0176000000000105
4.0180000000000105
4.01840000000001
4.01880000000001
4.01920000000001
4.01960000000001
4.02
