18.868241003053363
18.76492224957321
18.66794491730178
18.57730520234336
18.49299538746979
18.41500387794805
18.34331523909581
18.27791023556486
18.218765872361196
18.165855437618053
18.119148547146857
18.078611190798394
18.044205780673582
18.01589120123125
17.993622861344882
17.977352748368546
17.96702948427633
17.962598383945192
17.964001515655966
17.97117776389096
17.984062894510096
18.002589622390552
18.026687681616778
18.056283898309474
18.091302266183032
18.131664024920255
18.177287741453853
18.22808939424139
18.28398246061844
18.3448780073123
18.41068478419373
18.481309321339268
18.556656029471938
18.636627303839898
18.721123631586483
18.810043702655452
18.903284524265707
19.000741538980623
19.10230874638335
19.207878828359433
19.317343277973208
19.430592531910953
19.547516106448
19.668002736882276
19.791940520358004
19.91921706198778
20.04971962416152
20.183335278911947
20.319951063187663
20.459454136863172
-18.503538285479415
-18.58686834867763
-18.66829013563938
-18.74779229436429
-18.825364488206898
-18.900997365239444
-18.97468252756549
-19.046412500698985
-19.116180703116108
-19.1839814160796
-19.249809753827957
-19.313661634213567
-19.375533749867053
-19.435423539956496
-19.493329162603096
-19.549249468007403
-19.603183972332282
-19.655132832382407
-19.705096821112217
-19.753077303988128
-19.799076216224186
-19.843096040903596
-19.885139787993385
-19.92521097425348
-19.963313604035946
-19.999452150965666
-20.03363154048901
-20.065857133272537
-20.096134709430313
-20.124470453554736
-20.150870940522545
-20.175343122045117
-20.197894313929652
-20.218532184015757
-20.237264740750394
-20.25410032236244
-20.269047586597587
-20.282115500973084
-20.293313333511705
-20.302650643913964
-20.310137275128046
-20.315783345276955
-20.31959923990314
-20.321595604491925
-20.321783337235708
-20.320173582002393
-20.316777721473066
-20.311607370414997
-20.304674369058283
-20.295990776545857
-20.285568864428612
-20.2734211101795
-20.25956019070226
-20.243998975812616
-20.22675052167201
-20.20782806415577
-20.187245012140114
-20.165014940694128
-20.14115158416519
-20.115668829148163
-20.088580707331005
-20.059901388210797
-20.029645171676645
-19.99782648045735
-19.964459852433478
-19.929559932815245
-19.893141466188773
-19.85521928843513
-19.815808318527534
-19.774923550213394
-19.732580043588975
-19.688792916575416
-19.64357733630573
-19.596948510433005
-19.54892167837099
-19.49951210247842
-19.448735059199088
-19.396605830169953
-19.343139693309844
-19.288351913901245
-19.232257735678004
-19.174872371931567
-19.116210996648228
-19.056288735689755
-18.995120658029414
-18.93272176705517
-18.869106991951327
-18.80429117916949
-18.73828908399927
-18.67111536224854
-18.60278456204241
-18.53331111574967
-18.462709332044625
-18.39099338811159
-18.318177321998746
-18.244275025127166
-18.169300234960318
-18.093266527838445
-18.016187311981554
-17.93807582066406
-17.85894510556337
-17.778808030283955
-17.69767726405774
-17.615565275621094
-17.53248432726769
-17.44844646907623
-17.363463533310984
-17.277547128992857
-17.19070863663763
-17.10295920315786
-17.014309736923984
-16.92477090297985
-16.83435311840725
-16.743066547833486
-16.650921099075603
-16.557926418914327
-16.46409188899039
-16.36942662181541
-16.27393945688904
-16.177638956913746
-16.080533404098325
-15.982630796540466
-15.883938844678747
-15.784464967803896
-15.684216290618775
-15.583199639836224
-15.481421540803655
-15.378888214142833
-15.275605572393042
-15.171579216645462
-15.066814433156228
-14.961316189925345
-14.855089133228363
-14.748137584087146
-14.64046553466595
-14.532076644578494
-14.42297423709138
-14.31316129520873
-14.20264045762263
-14.091414014513298
-13.979483903182551
-13.866851703503608
-13.75351863316964
-13.639485542722944
-13.52475291034597
-13.409320836394732
-13.293189037654365
-13.176356841295892
-13.058823178512373
-12.940586577811583
-12.821645157941555
-80.39755131389896
-80.35275816869003
-80.30880726413795
-80.26568530368166
-80.22337810233543
-80.18187064703696
-80.1411471561736
-80.10119113829565
-80.06198545002113
-80.02351235313282
-79.98575357086423
-79.94869034336705
-79.91230348234978
-79.87657342487289
-79.84148028628321
-79.80700391226691
-79.77312392999707
-79.7398197983498
-79.70707085715968
-79.67485637548262
-79.6431555988334
-79.61194779536093
-79.58121230092465
-79.55092856303233
-79.52107618359909
-79.49163496048523
-79.46258492777109
-79.43390639472443
-79.40557998341727
-79.377586664947
-79.34990779421801
-79.32252514323896
-79.29542093289234
-79.26857786313252
-79.2419791415693
-79.21560851039615
-79.18945027162161
-79.16348931056535
-79.13771111758086
-79.11210180796866
-79.08664814004631
-79.0613375313429
-79.03615807288789
-79.01109854156695
-78.98614841051979
-78.96129785755664
-78.93653777157424
-78.9118597569532
-78.88725613592308
-78.86271994888291
