-9.46458254723126
-9.473748101696582
-9.482852537144277
-9.491895846346933
-9.500878023457297
-9.509799064004975
-9.51865896489307
-9.527457724394814
-9.536195342150126
-9.544871819162138
-9.553487157793699
-9.562041361763791
-9.570534436143983
-9.57896638735475
-9.587337223161828
-9.595646952672496
-9.603895586331817
-9.612083135918855
-9.620209614542816
-9.628275036639195
-9.636279417965856
-9.644222775599102
-9.652105127929625
-9.659926494658531
-9.667686896793228
-9.67538635664334
-9.683024897816548
-9.690602545214386
-9.698119325028028
-9.705575264734003
-9.712970393089908
-9.72030474013004
-9.72757833716102
-9.734791216757362
-9.741943412757003
-9.749034960256811
-9.756065895608048
-9.763036256411763
-9.76994608151418
-9.776795411002068
-9.783584286197998
-9.790312749655643
-9.79698084515499
-9.803588617697496
-9.810136113501308
-9.816623379996287
-9.823050465819144
-9.82941742080844
-9.835724295999572
-9.84197114361977
-9.848158017082966
-16.377612791292407
-16.411256239101288
-16.44479242065141
-16.478200292930765
-16.511458343451338
-16.5445446054153
-16.57743667439068
-16.610111726479367
-16.642546537954395
-16.67471750633746
-16.70660067288186
-16.738171746420125
-16.769406128529912
-16.800278939966002
-16.830765048300833
-16.86083909671047
-16.89047553383782
-16.9196486446599
-16.948332582281022
-16.97650140056955
-17.00412908755125
-17.031189599468743
-17.057656895412563
-17.0835049724265
-17.10870790098657
-17.13323986075101
-17.15707517647624
-17.18018835399237
-17.202554116130646
-17.224147438494562
-17.24494358496616
-17.26491814283938
-17.284047057473252
-17.302306666358696
-17.319673732494984
-17.33612547697379
-17.351639610671825
-17.366194364956193
-17.379768521310396
-17.39234143979304
-17.40389308624586
-17.414404058172856
-17.423855609217373
-17.4322296721699
-17.439508880445302
-17.44567658797438
-17.450716887461194
-17.45461462696432
-17.457355424766963
-17.458925682507722
-17.459312596551097
-17.458504167583428
-17.456489208427357
-17.453257350074555
-17.448799045943517
-17.443105574375736
-17.436169039390244
-17.42798236972274
-17.41853931618153
-17.40783444735838
-17.395863143737746
-17.382621590253084
-17.368106767343523
-17.352316440568764
-17.335249148843957
-17.316904191359946
-17.297281613257294
-17.276382190125524
-17.254207411401033
-17.230759462739243
-17.206041207437888
-17.18005616698955
-17.152808500841957
-17.124302985445134
-17.094544992664122
-17.06354046763553
-17.03129590614553
-16.997818331605497
-16.963115271700154
-16.927194734781423
-16.89006518607892
-16.851735523796037
-16.81221505515799
-16.771513472475483
-16.72964082928501
-16.686607516623717
-16.642424239493746
-16.59710199356776
-16.550652042184268
-16.503085893677877
-16.454415279086547
-16.4046521302743
-16.353808558504895
-16.301896833498343
-16.248929362999252
-16.19491867288246
-16.139877387818654
-16.083818212519407
-16.02675391357822
-15.968697301921344
-15.909661215879487
-15.849658504888705
-15.788702013826637
-15.726804567987491
-15.663978958697406
-15.600237929569278
-15.535594163394547
-15.47006026966741
-15.403648772735323
-15.336372100568024
-15.268242574135964
-15.199272397387684
-15.129473647814436
-15.058858267589445
-14.987438055268093
-14.915224658034578
-14.842229564479807
-14.768464097894768
-14.693939410062951
-14.618666475535077
-14.542656086368956
-14.465918847317113
-14.388465171444551
-14.310305276158964
-14.231449179635574
-14.151906697618905
-14.071687440583734
-13.990800811237616
-13.909256002347611
-13.827061994873869
-13.74422755639322
-13.660761239795857
-13.576671382238821
-13.491966104340104
-13.406653309597594
-13.32074068401745
-13.234235695936892
-13.147145596026721
-13.059477417459352
-12.971237976228405
-12.882433871606533
-12.793071486728365
-12.703156989285883
-12.612696332324111
-12.52169525512512
-12.430159284169065
-12.338093734161049
-12.245503709113194
-12.15239410347159
-27.661064329965384
-27.657385820878496
-27.65372426712498
-27.650079642166215
-27.646451919597332
-27.642841073142602
-27.63924707666059
-27.635669904143732
-27.63210952971886
-27.62856592765101
-27.625039072340567
-27.621528938326264
-27.618035500286037
-27.614558733037892
-27.611098611540463
-27.6076551108928
-27.60422820633758
-27.60081787325884
-27.597424087185594
-27.594046823790006
-27.59068605888917
-27.58734176844518
-27.584013928565863
-27.580702515506516
-27.577407505667317
-27.574128875596443
-27.57086660198894
-27.567620661687762
-27.564391031684302
-27.56117768911708
-27.55798061127398
-27.554799775589842
-27.551635159650118
-27.548486741187922
-27.545354498084507
-27.542238408370583
-27.53913845022446
-27.536054601975216
-27.532986842097817
-27.529935149216687
-27.526899502103753
-27.52387987967868
-27.520876261009576
-27.517888625310682
-27.51491695194346
-27.511961220414214
-27.509021410378097
-27.506097501632652
-27.50318947412226
-27.500297307934567
-27.49742098330065
