-9.464582547231256
-9.473748101696577
-9.482852537144272
-9.491895846346932
-9.500878023457297
-9.509799064004973
-9.518658964893064
-9.527457724394814
-9.536195342150123
-9.54487181916213
-9.553487157793693
-9.562041361763786
-9.570534436143982
-9.578966387354747
-9.587337223161825
-9.595646952672498
-9.60389558633182
-9.61208313591885
-9.620209614542809
-9.628275036639192
-9.636279417965856
-9.644222775599102
-9.652105127929623
-9.659926494658528
-9.667686896793223
-9.675386356643338
-9.683024897816544
-9.690602545214386
-9.698119325028024
-9.705575264734
-9.712970393089908
-9.720304740130038
-9.727578337161017
-9.73479121675736
-9.741943412756997
-9.749034960256813
-9.756065895608042
-9.763036256411755
-9.769946081514178
-9.77679541100206
-9.783584286197996
-9.79031274965564
-9.796980845154984
-9.803588617697498
-9.810136113501306
-9.816623379996281
-9.823050465819144
-9.829417420808438
-9.835724295999569
-9.841971143619766
-9.848158017082962
-16.37761279129241
-16.41125623910129
-16.44479242065141
-16.478200292930765
-16.511458343451338
-16.544544605415304
-16.57743667439068
-16.610111726479367
-16.642546537954395
-16.67471750633746
-16.706600672881862
-16.738171746420125
-16.769406128529912
-16.800278939966002
-16.830765048300833
-16.86083909671047
-16.890475533837822
-16.9196486446599
-16.948332582281026
-16.976501400569553
-17.004129087551252
-17.031189599468743
-17.057656895412563
-17.083504972426503
-17.108707900986573
-17.13323986075101
-17.15707517647624
-17.18018835399237
-17.20255411613065
-17.224147438494562
-17.24494358496616
-17.26491814283938
-17.284047057473252
-17.302306666358696
-17.319673732494987
-17.33612547697379
-17.351639610671825
-17.366194364956193
-17.379768521310396
-17.392341439793036
-17.403893086245862
-17.414404058172856
-17.423855609217377
-17.4322296721699
-17.439508880445302
-17.445676587974376
-17.45071688746119
-17.45461462696432
-17.457355424766963
-17.458925682507726
-17.4593125965511
-17.458504167583428
-17.456489208427357
-17.453257350074555
-17.448799045943517
-17.44310557437573
-17.436169039390244
-17.42798236972274
-17.418539316181533
-17.40783444735838
-17.395863143737742
-17.382621590253088
-17.368106767343523
-17.35231644056876
-17.335249148843964
-17.316904191359946
-17.297281613257294
-17.276382190125524
-17.254207411401033
-17.23075946273924
-17.206041207437888
-17.18005616698955
-17.152808500841957
-17.124302985445134
-17.094544992664122
-17.06354046763553
-17.03129590614553
-16.997818331605494
-16.963115271700154
-16.927194734781423
-16.890065186078917
-16.851735523796037
-16.812215055157992
-16.771513472475476
-16.729640829285003
-16.686607516623717
-16.642424239493746
-16.59710199356776
-16.55065204218426
-16.503085893677877
-16.454415279086547
-16.4046521302743
-16.353808558504895
-16.301896833498343
-16.24892936299925
-16.19491867288246
-16.139877387818654
-16.083818212519407
-16.026753913578215
-15.968697301921342
-15.909661215879481
-15.849658504888705
-15.78870201382663
-15.726804567987488
-15.663978958697406
-15.600237929569275
-15.535594163394546
-15.470060269667407
-15.403648772735316
-15.33637210056802
-15.26824257413596
-15.19927239738768
-15.129473647814432
-15.05885826758944
-14.987438055268091
-14.915224658034575
-14.842229564479805
-14.768464097894764
-14.693939410062947
-14.618666475535072
-14.542656086368947
-14.46591884731711
-14.388465171444548
-14.310305276158958
-14.231449179635566
-14.1519066976189
-14.07168744058373
-13.990800811237616
-13.909256002347604
-13.827061994873869
-13.744227556393216
-13.66076123979585
-13.576671382238812
-13.4919661043401
-13.406653309597587
-13.320740684017444
-13.234235695936881
-13.147145596026718
-13.059477417459348
-12.971237976228396
-12.882433871606528
-12.793071486728362
-12.703156989285878
-12.612696332324102
-12.521695255125117
-12.43015928416906
-12.338093734161045
-12.245503709113187
-12.152394103471584
-27.661064329965384
-27.657385820878496
-27.65372426712498
-27.650079642166215
-27.646451919597332
-27.6428410731426
-27.639247076660588
-27.63566990414373
-27.632109529718864
-27.628565927651003
-27.625039072340563
-27.62152893832626
-27.618035500286037
-27.614558733037896
-27.611098611540463
-27.6076551108928
-27.604228206337577
-27.600817873258833
-27.597424087185587
-27.594046823790006
-27.59068605888917
-27.587341768445178
-27.584013928565845
-27.58070251550651
-27.577407505667317
-27.574128875596443
-27.57086660198893
-27.567620661687762
-27.564391031684295
-27.56117768911708
-27.55798061127397
-27.554799775589842
-27.551635159650118
-27.54848674118791
-27.545354498084503
-27.54223840837058
-27.539138450224463
-27.536054601975213
-27.532986842097813
-27.529935149216683
-27.52689950210375
-27.523879879678677
-27.520876261009573
-27.517888625310675
-27.514916951943466
-27.51196122041421
-27.509021410378086
-27.50609750163265
-27.503189474122266
-27.500297307934567
-27.497420983300646
