-27.855063665342353
-27.847871338860493
-27.840714323962416
-27.83359257957424
-27.826506062670376
-27.819454728276728
-27.812438529473816
-27.805457417399765
-27.798511341253292
-27.791600248296398
-27.784724083857284
-27.777882791332893
-27.771076312191504
-27.764304585975186
-27.757567550302227
-27.750865140869333
-27.744197291453943
-27.737563933916235
-27.73096499820126
-27.724400412340756
-27.717870102455127
-27.71137399275508
-27.704912005543395
-27.698484061216462
-27.692090078265764
-27.685729973279365
-27.67940366094316
-27.673111054042142
-27.666852063461587
-27.660626598188085
-27.654434565310552
-27.648275870021116
-27.642150415615937
-27.636058103495948
-27.62999883316753
-27.623972502243035
-27.617979006441274
-27.612018239587975
-27.60609009361606
-27.600194458565884
-27.594331222585375
-27.588500271930208
-27.582701490963686
-27.576934762156704
-27.571199966087637
-27.565496981441996
-27.559825685012203
-27.554185951697146
-27.548577654501678
-27.543000664536144
-27.537454851015664
-6.864379110653811
-7.037034146413796
-7.208874668988513
-7.3798840927048275
-7.550045803380001
-7.719343176014973
-7.887759592847374
-8.055278461756348
-8.221883235009392
-8.38755742833921
-8.552284640336692
-8.71604857214376
-8.878833047427724
-9.040622032616476
-9.20139965737152
-9.361150235273513
-9.519858284692566
-9.677508549813178
-9.83408602178133
-9.989575959938676
-10.1439639131067
-10.29723574088103
-10.44937763489403
-10.60037614000158
-10.750218175347573
-10.898891055257991
-11.046382509914165
-11.192680705753295
-11.337774265542597
-11.481652288072041
-11.624304367409426
-11.765720611660525
-11.905891661176362
-12.044808706148991
-12.182463503537173
-12.318848393263192
-12.453956313622593
-12.587780815849193
-12.720316077778847
-12.851556916556692
-12.981498800334442
-13.110137858906164
-13.237470893233638
-13.36349538381474
-13.488209497851852
-13.611612095180233
-13.733702732920428
-13.854481668822414
-13.973949863273896
-14.092108979949344
-14.208961385081484
-14.324510145341748
-14.438759024321545
-14.551712477611357
-14.663375646480354
-14.773754350164545
-14.882855076777147
-14.990684972860421
-15.097251831603707
-15.202564079757874
-15.306630763281749
-15.409461531761238
-15.511066621646865
-15.61145683836019
-15.710643537324149
-15.80863860397645
-15.905454432829167
-16.001103905641163
-16.09560036877312
-16.18895760979781
-16.281189833440585
-16.37231163692696
-16.462337984815882
-16.551284183398145
-16.63916585474021
-16.725998910453974
-16.811799525272704
-16.896584110512798
-16.980369287500167
-17.06317186103832
-17.145008792993824
-17.225897176072415
-17.305854207856736
-17.384897165173896
-17.463043378858053
-17.540310208969885
-17.616715020531384
-17.69227515983085
-17.767007931348807
-17.840930575352125
-17.914060246198986
-17.986413991393768
-18.058008731426337
-18.128861240426428
-18.198988127659263
-18.26840581988483
-18.33713054459892
-18.405178314170147
-18.47256491088335
-18.53930587289603
-18.605416481110765
-18.67091174696329
-18.735806401122495
-18.800114883095624
-18.863851331728796
-18.92702957659071
-18.9896631302242
-19.051765181248776
-19.113348588294283
-19.17442587474472
-19.235009224268936
-19.295110477113607
-19.354741127132684
-19.413912319526105
-19.47263484925976
-19.53091916013791
-19.5887753444986
-19.646213143502116
-19.703241947982324
-19.759870799830498
-19.8161083938813
-19.87196308027055
-19.92744286723475
-19.98255542432265
-20.037308085989583
-20.091707855545607
-20.145761409429458
-20.199475101780713
-20.252854969283305
-20.305906736254457
-20.358635819953868
-20.411047336088778
-20.46314610449157
-20.514936654947487
-20.566423233150843
-20.617609806769345
-20.668500071596746
-20.719097457775533
-20.769405136071743
-20.819426024185496
-20.86916279308145
-20.91861787332452
-20.967793461407062
-21.016691526054643
-21.065313814498445
-21.11366185870324
-21.161736981540606
-21.209540302898148
-21.257072745715817
-19.66910578753474
-19.67027746056281
-19.67135703613624
-19.672344576483216
-19.673240142665918
-19.674043794593295
-19.674755591016428
-19.675375589533637
-19.67590384659384
-19.67634041749404
-19.67668535638847
-19.67693871628738
-19.677100549059418
-19.677170905433982
-19.677149835004016
-19.67703738623011
-19.67683360643829
-19.676538541827743
-19.67615223746767
-19.675674737304014
-19.675106084159445
-19.674446319736475
-19.67369548461921
-19.67285361827333
-19.671920759053513
-19.670896944200774
-19.66978220984721
-19.668576591016773
-19.667280121626963
-19.665892834493505
-19.664414761328914
-19.66284593274894
-19.661186378268397
-19.659436126308492
-19.657595204197925
-19.655663638172648
-19.65364145338093
-19.65152867387956
-19.649325322644128
-19.647031421564396
-19.644646991449157
-19.642172052027348
-19.639606621948086
-19.63695071878606
-19.634204359040723
-19.63136755814157
-19.628440330442146
-19.62542268923224
-19.622314646730963
-19.61911621409371
-19.6158274014127
