-7.430654888810741
-7.441276303240841
-7.451842592283856
-7.462353749801544
-7.472809771225656
-7.483210653552849
-7.493556395339474
-7.503846996696449
-7.5140824592839675
-7.524262786306295
-7.534387982506381
-7.5444580541606
-7.554473009073334
-7.56443285657158
-7.57433760749952
-7.584187274212992
-7.5939818705740425
-7.603721411945353
-7.613405915184645
-7.623035398639068
-7.6326098821395805
-7.642129386995233
-7.651593935987471
-7.6610035533643845
-7.670358264834881
-7.679658097562926
-7.6889030801616585
-7.698093242687518
-7.707228616634309
-7.716309234927259
-7.725335131917031
-7.734306343373696
-7.743222906480692
-7.752084859828737
-7.76089224340969
-7.769645098610408
-7.7783434682065735
-7.786987396356462
-7.795576928594677
-7.8041121118258765
-7.812592994318462
-7.821019625698209
-7.829392056941883
-7.8377103403708155
-7.845974529644474
-7.854184679753944
-7.862340847015421
-7.870443089063663
-7.8784914648453945
-7.886486034612707
-7.894426859916347
-16.735983308267635
-16.76972843136523
-16.803217520516075
-16.836430896667032
-16.86934843455641
-16.9019495715768
-16.934213318578863
-16.966118272595523
-16.99764263145777
-17.028764210265344
-17.059460459667743
-17.089708485903397
-17.119485072537675
-17.148766703833424
-17.17752958968111
-17.205749692009366
-17.233402752590838
-17.260464322152693
-17.286909790696072
-17.312714418923942
-17.337853370672747
-17.36230174623911
-17.386034616489802
-17.40902705764004
-17.43125418658282
-17.45269119665016
-17.473313393685544
-17.493096232306
-17.512015352231863
-17.530046614562274
-17.547166137875152
-17.56335033403147
-17.578575943565262
-17.592820070542963
-17.606060216778314
-17.618274315292112
-17.62944076290973
-17.639538451893266
-17.6485468005098
-17.656445782441935
-17.663215954952108
-17.66883848571785
-17.673295178260997
-17.676568495900163
-17.67864158416222
-17.67949829159536
-17.679123188932998
-17.67750158656522
-17.674619550281122
-17.67046391525315
-17.665022298241382
-17.65828310800324
-17.650235553901165
-17.64086965270786
-17.630176233615853
-17.618146941464694
-17.604774238205927
-17.59005140263211
-17.573972528402493
-17.5565325204035
-17.537727089487788
-17.51755274564074
-17.496006789627952
-17.473087303181686
-17.448793137788158
-17.423123902141107
-17.396079948330318
-17.367662356836206
-17.3378729204042
-17.306714126874176
-17.274189141041884
-17.240301785630194
-17.205056521448622
-17.168458426819885
-17.130513176351947
-17.091227019133747
-17.050606756431666
-17.00865971896284
-16.965393743819817
-16.920817151119437
-16.874938720446654
-16.82776766716188
-16.779313618638007
-16.72958659049055
-16.67859696286159
-16.626355456815354
-16.57287311090009
-16.51816125792789
-16.462231502020856
-16.40509569596874
-16.346765918940008
-16.287254454584897
-16.226573769565803
-16.164736492547153
-16.101755393673642
-16.03764336456255
-15.972413398832872
-15.906078573190992
-15.838652029089594
-15.770146954973846
-15.700576569126195
-15.629954103118381
-15.558292785877
-15.485605828366495
-15.411906408891223
-15.3372076590163
-15.26152265010478
-15.18486438046701
-15.107245763116332
-15.028679614123664
-14.949178641561971
-14.868755435030604
-14.787422455747862
-14.705192027199498
-14.622076326329472
-14.538087375258758
-14.453237033517027
-14.367536990771429
-14.280998760036141
-14.193633671345843
-14.105452865875861
-14.016467290491429
-13.926687692708263
-13.83612461604647
-13.744788395759542
-13.652689154920438
-13.559836800846366
-13.466241021844178
-13.3719112842582
-13.276856829802544
-13.18108667316
-13.084609599829781
-12.987434164206604
-12.889568687873822
-12.791021258093451
-12.691799726476248
-12.591911707815186
-12.491364579065968
-12.390165478458348
-12.28832130472238
-12.185838716413897
-12.082724131323694
-11.97898372595517
-11.87462343505533
-11.769648951184154
-11.664065724307617
-11.55787896139968
-11.451093626038556
-11.343714437982936
-28.18105513555662
-28.177237884229932
-28.173448930843882
-28.169688244838625
-28.165955795795064
-28.162251553428533
-28.158575487594554
-28.154927568287782
-28.151307765642102
-28.147716049934736
-28.144152391582306
-28.140616761143907
-28.137109129321757
-28.13362946696175
-28.13017774505368
-28.12675393473055
-28.12335800727211
-28.119989934101586
-28.116649686789824
-28.11333723705255
-28.110052556752272
-28.10679561789797
-28.10356639264568
-28.100364853300267
-28.09719097231193
-28.09404472227981
-28.0909260759502
-28.087835006217695
-28.08477148612541
-28.08173548886333
-28.078726987770665
-28.075745956332824
-28.07279236818558
-28.06986619711136
-28.066967417039624
-28.06409600204837
-28.061251926361667
-28.05843516435346
-28.055645690541468
-28.052883479591472
-28.050148506314834
-28.047440745668737
-28.044760172756995
-28.042106762827178
-28.03948049127196
-28.036881333626145
-28.03430926557165
-28.031764262929592
-28.02924630166576
-28.026755357886294
-28.024291407837993
