-7.43065488881073
-7.441276303240819
-7.451842592283843
-7.462353749801532
-7.472809771225643
-7.483210653552829
-7.4935563953394535
-7.503846996696424
-7.514082459283953
-7.524262786306274
-7.534387982506366
-7.544458054160588
-7.5544730090733205
-7.564432856571569
-7.574337607499505
-7.584187274212976
-7.59398187057403
-7.603721411945337
-7.613405915184625
-7.623035398639047
-7.632609882139567
-7.642129386995218
-7.65159393598746
-7.661003553364372
-7.670358264834858
-7.679658097562918
-7.6889030801616425
-7.698093242687502
-7.707228616634295
-7.716309234927245
-7.7253351319170145
-7.73430634337368
-7.743222906480676
-7.75208485982872
-7.760892243409673
-7.7696450986103915
-7.778343468206559
-7.78698739635645
-7.795576928594661
-7.8041121118258605
-7.8125929943184484
-7.821019625698194
-7.829392056941868
-7.837710340370806
-7.845974529644462
-7.854184679753931
-7.862340847015409
-7.870443089063651
-7.878491464845384
-7.886486034612695
-7.894426859916325
-16.735983308267638
-16.769728431365234
-16.80321752051608
-16.836430896667032
-16.86934843455641
-16.901949571576804
-16.934213318578863
-16.966118272595526
-16.99764263145777
-17.028764210265347
-17.059460459667747
-17.0897084859034
-17.119485072537675
-17.148766703833427
-17.17752958968111
-17.20574969200937
-17.233402752590838
-17.260464322152696
-17.286909790696072
-17.312714418923942
-17.337853370672747
-17.36230174623911
-17.386034616489802
-17.40902705764004
-17.43125418658282
-17.45269119665016
-17.473313393685544
-17.493096232306005
-17.512015352231863
-17.530046614562274
-17.547166137875152
-17.563350334031472
-17.578575943565262
-17.592820070542963
-17.606060216778314
-17.618274315292116
-17.62944076290973
-17.639538451893262
-17.6485468005098
-17.656445782441935
-17.663215954952108
-17.66883848571785
-17.673295178260993
-17.67656849590016
-17.67864158416222
-17.67949829159536
-17.679123188932998
-17.67750158656522
-17.674619550281122
-17.67046391525315
-17.665022298241382
-17.65828310800324
-17.65023555390116
-17.64086965270786
-17.63017623361585
-17.618146941464694
-17.604774238205927
-17.590051402632106
-17.573972528402493
-17.556532520403497
-17.537727089487785
-17.517552745640735
-17.49600678962795
-17.473087303181686
-17.448793137788154
-17.423123902141107
-17.396079948330318
-17.367662356836206
-17.3378729204042
-17.306714126874176
-17.27418914104188
-17.240301785630187
-17.20505652144862
-17.168458426819882
-17.130513176351943
-17.091227019133743
-17.050606756431666
-17.008659718962836
-16.965393743819813
-16.920817151119437
-16.87493872044665
-16.827767667161872
-16.779313618638003
-16.72958659049055
-16.678596962861587
-16.626355456815354
-16.572873110900083
-16.518161257927886
-16.462231502020853
-16.405095695968736
-16.346765918940005
-16.28725445458489
-16.226573769565796
-16.16473649254715
-16.101755393673642
-16.03764336456254
-15.97241339883287
-15.906078573190989
-15.838652029089591
-15.770146954973843
-15.700576569126191
-15.629954103118381
-15.558292785876997
-15.485605828366491
-15.411906408891216
-15.337207659016293
-15.261522650104776
-15.184864380467001
-15.10724576311633
-15.02867961412366
-14.949178641561966
-14.868755435030595
-14.787422455747858
-14.705192027199494
-14.622076326329466
-14.538087375258751
-14.453237033517025
-14.367536990771423
-14.28099876003614
-14.19363367134584
-14.10545286587586
-14.016467290491425
-13.92668769270826
-13.836124616046465
-13.744788395759535
-13.65268915492043
-13.559836800846362
-13.466241021844171
-13.371911284258193
-13.276856829802536
-13.181086673159996
-13.084609599829776
-12.987434164206602
-12.889568687873815
-12.791021258093444
-12.691799726476237
-12.591911707815179
-12.491364579065962
-12.390165478458345
-12.288321304722373
-12.185838716413892
-12.08272413132369
-11.978983725955164
-11.874623435055328
-11.769648951184148
-11.664065724307612
-11.557878961399673
-11.451093626038551
-11.34371443798293
-28.181055135556612
-28.177237884229932
-28.173448930843875
-28.169688244838625
-28.16595579579506
-28.16225155342853
-28.158575487594547
-28.15492756828778
-28.151307765642095
-28.147716049934736
-28.1441523915823
-28.140616761143903
-28.137109129321754
-28.133629466961743
-28.130177745053675
-28.126753934730555
-28.123358007272106
-28.11998993410159
-28.116649686789817
-28.113337237052548
-28.110052556752265
-28.106795617897973
-28.103566392645675
-28.100364853300263
-28.097190972311928
-28.094044722279804
-28.090926075950208
-28.087835006217688
-28.08477148612541
-28.081735488863334
-28.078726987770665
-28.075745956332817
-28.072792368185585
-28.069866197111352
-28.066967417039628
-28.064096002048366
-28.06125192636167
-28.05843516435346
-28.05564569054146
-28.052883479591472
-28.050148506314827
-28.047440745668737
-28.044760172756995
-28.042106762827174
-28.039480491271952
-28.036881333626148
-28.034309265571643
-28.031764262929592
-28.029246301665754
-28.026755357886294
-28.024291407837996
