0.250532948
0.250532006
0.250529179
0.250524467
0.250517871
0.25050939
0.250499024
0.250486773
0.250472637
0.250456616
0.250438709
0.250418918
0.25039724
0.250373677
0.250348228
0.250320893
0.250291672
0.250260564
0.250227569
0.250192688
0.250155919
0.250117262
0.250076717
0.250034284
0.249989963
0.249943753
0.249895653
0.249845664
0.249793784
0.249740015
0.249684354
0.249626802
0.249567358
0.249506022
0.249442794
0.249377672
0.249310656
0.249241747
0.249170942
0.249098242
0.249023647
0.248947154
0.248868765
0.248788478
0.248706293
0.248622209
0.248536225
0.248448341
0.248358556
0.24826687
0.248173281
0.242392877
0.236568073
0.230699872
0.224789272
0.218837261
0.21284482
0.206812919
0.200742518
0.194634569
0.188490012
0.182309777
0.176094783
0.169845935
0.16356413
0.15725025
0.150905166
0.144529736
0.138124806
0.131691208
0.125229761
0.118741271
0.112226529
0.105686316
0.099121394
0.092532515
0.085920416
0.07928582
0.072629436
0.065951957
0.059254065
0.052536426
0.045799692
0.0390445
0.032271475
0.025481227
0.01867435
0.011851427
0.005013025
-0.001840301
-0.008708012
-0.015589581
-0.022484495
-0.029392255
-0.036312375
-0.043244382
-0.050187815
-0.05714223
-0.06410719
-0.071082276
-0.078067078
-0.0850612
-0.092064259
-0.099075882
-0.106095708
-0.113123391
-0.120158594
-0.127200991
-0.134250268
-0.141306123
-0.148368264
-0.155436411
-0.162510293
-0.16958965
-0.176674233
-0.183763803
-0.19085813
-0.197956995
-0.205060188
-0.212167509
-0.219278767
-0.226393781
-0.233512377
-0.240634392
-0.247759671
-0.254888068
-0.262019444
-0.26915367
-0.276290625
-0.283430195
-0.290572274
-0.297716764
-0.304863576
-0.312012627
-0.319163841
-0.32631715
-0.333472494
-0.340629818
-0.347789075
-0.354950225
-0.362113235
-0.369278078
-0.376444732
-0.383613184
-0.390783426
-0.397955457
-0.40512928
-0.412304906
-0.419482352
-0.42666164
-0.433842797
-0.441025857
-0.448210861
-0.455397852
-0.462586881
-0.469778004
-0.476971281
-0.484166781
-0.491364574
-0.498564738
-0.505767355
-0.512972513
-0.520180303
-0.527390824
-0.534604179
-0.541820475
-0.549039826
-0.556262348
-0.563488165
-0.570717404
-0.577950199
-0.585186687
-0.592427011
-0.599671318
-0.606919761
-0.614172498
-0.621429691
-0.628691509
-0.635958123
-0.643229711
-0.650506457
-0.657788548
-0.665076178
-0.672369546
-0.679668854
-0.686974313
-0.694286137
-0.701604545
-0.708929764
-0.716262025
-0.723601564
-0.730948625
-0.738303455
-0.74566631
-0.75303745
-0.760417142
-0.76780566
-0.775203282
-0.782610296
-0.790026993
-0.797453675
-0.797574481
-0.797692849
-0.797808779
-0.79792227
-0.798033323
-0.798141938
-0.798248114
-0.798351852
-0.79845315
-0.798552009
-0.798648429
-0.79874241
-0.798833951
-0.798923053
-0.799009715
-0.799093937
-0.799175719
-0.799255061
-0.799331963
-0.799406425
-0.799478446
-0.799548027
-0.799615167
-0.799679867
-0.799742126
-0.799801944
-0.799859321
-0.799914257
-0.799966752
-0.800016806
-0.800064418
-0.80010959
-0.80015232
-0.800192608
-0.800230456
-0.800265861
-0.800298825
-0.800329348
-0.800357429
-0.800383068
-0.800406265
-0.800427021
-0.800445335
-0.800461207
-0.800474637
-0.800485626
-0.800494172
-0.800500277
-0.80050394
-0.800505161
0.153188416
0.153187741
0.153185718
0.153182347
0.153177626
0.153171557
0.153164139
0.153155372
0.153145256
0.153133791
0.153120976
0.153106812
0.153091299
0.153074435
0.153056222
0.153036658
0.153015743
0.152993478
0.152969861
0.152944894
0.152918574
0.152890903
0.152861879
0.152831502
0.152799772
0.152766689
0.152732251
0.15269646
0.152659313
0.152620811
0.152580954
0.15253974
0.152497169
0.152453241
0.152407955
0.152361311
0.152313307
0.152263944
0.152213221
0.152161137
0.152107691
0.152052883
0.151996712
0.151939178
0.151880279
0.151820016
0.151758386
0.15169539
0.151631027
0.151565295
0.151498195
0.147343841
0.143138148

0.138881996
0.134576258
0.130221799
0.125819475
0.121370134
0.116874613
0.112333742
0.107748341
0.103119221
0.098447183
0.093733018
0.088977508
0.084181423
0.079345527
0.07447057
0.069557293
0.064606427
0.059618693
0.0545948
0.049535448
0.044441325
0.03931311
0.03415147
0.028957061
0.02373053
0.018472511
0.013183629
0.007864498
0.002515719
-0.002862114
-0.008268422
-0.013702633
-0.019164188
-0.024652538
-0.030167144
-0.03570748
-0.041273027
-0.04686328
-0.052477742
-0.058115929
-0.063777363
-0.069461582
-0.075168129
-0.080896561
-0.086646443
-0.09241735
-0.098208868
-0.104020592
-0.109852128
-0.11570309
-0.121573102
-0.127461799
-0.133368823
-0.139293828
-0.145236475
-0.151196434
-0.157173387
-0.163167022
-0.169177036
-0.175203136
-0.181245038
-0.187302465
-0.193375148
-0.19946283
-0.205565258
-0.21168219
-0.21781339
-0.223958632
-0.230117697
-0.236290372
-0.242476455
-0.24867575
-0.254888068
-0.261113228
-0.267351056
-0.273601387
-0.27986406
-0.286138924
-0.292425833
-0.29872465
-0.305035242
-0.311357485
-0.317691262
-0.324036461
-0.330392978
-0.336760713
-0.343139576
-0.349529481
-0.355930348
-0.362342105
-0.368764685
-0.375198027
-0.381642077
-0.388096787
-0.394562112
-0.401038017
-0.407524471
-0.414021449
-0.420528931
-0.427046904
-0.43357536
-0.440114297
-0.446663718
-0.453223633
-0.459794056
-0.466375006
-0.472966511
-0.479568601
-0.486181313
-0.49280469
-0.499438779
-0.506083633
-0.512739311
-0.519405878
-0.526083403
-0.532771961
-0.539471633
-0.546182506
-0.552904671
-0.559638226
-0.566383273
-0.573139922
-0.579908285
-0.586688484
-0.593480644
-0.600284896
-0.607101377
-0.613930231
-0.620771607
-0.627625659
-0.634492549
-0.641372443
-0.648265516
-0.655171947
-0.662091921
-0.669025632
-0.675973279
-0.682935067
-0.689911209
-0.696901924
-0.703907439
-0.710927988
-0.717963811
-0.725015157
-0.732082281
-0.739165448
-0.74626493
-0.753381005
-0.753496816
-0.753610292
-0.753721433
-0.753830237
-0.753936706
-0.754040838
-0.754142634
-0.754242093
-0.754339214
-0.754433999
-0.754526446
-0.754616555
-0.754704327
-0.75478976
-0.754872855
-0.754953612
-0.75503203
-0.755108109
-0.755181849
-0.75525325
-0.755322311
-0.755389033
-0.755453415
-0.755515457
-0.755575159
-0.755632522
-0.755687543
-0.755740225
-0.755790566
-0.755838566
-0.755884225
-0.755927544
-0.755968522
-0.756007158
-0.756043454
-0.756077408
-0.756109021
-0.756138292
-0.756165222
-0.756189811
-0.756212057
-0.756231963
-0.756249526
-0.756264748
-0.756277628
-0.756288166
-0.756296363
-0.756302218
-0.75630573
-0.756306901
-0.902463037
-0.902461457
-0.902456717
-0.902448816
-0.902437756
-0.902423536
-0.902406155
-0.902385614
-0.902361913
-0.902335052
-0.902305031
-0.90227185
-0.902235509
-0.902196007
-0.902153345
-0.902107524
-0.902058542
-0.9020064
-0.901951097
-0.901892635
-0.901831012
-0.901766229
-0.901698287
-0.901627183
-0.90155292
-0.901475496
-0.901394913
-0.901311169
-0.901224264
-0.9011342
-0.901040975
-0.90094459
-0.900845045
-0.900742339
-0.900636473
-0.900527447
-0.900415261
-0.900299914
-0.900181407
-0.90005974
-0.899934912
-0.899806924
-0.899675776
-0.899541467
-0.899403998
-0.899263368
-0.899119578
-0.898972628
-0.898822517
-0.898669246
-0.898512814
-0.888889057
-0.879265475
-0.869643004
-0.860022601
-0.850405242
-0.840791925
-0.831183667
-0.821581506
-0.811986496
-0.802399713
-0.792822248
-0.783255214
-0.773699736
-0.76415696
-0.754628045
-0.745114167
-0.735616515
-0.726136295
-0.716674722
-0.707233028
-0.697812452
-0.688414247
-0.679039674
-0.669690005
-0.660366519
-0.651070501
-0.641803243
-0.632566044
-0.623360203
-0.614187027
-0.605047821
-0.595943893
-0.58687655
-0.577847098
-0.568856841
-0.559907079
-0.550999108
-0.542134217
-0.533313689
-0.524538799
-0.515810813
-0.507130986
-0.498500563
-0.489920774
-0.481392839
-0.472917959
-0.464497324
-0.456132103

-0.447823449
-0.439572498
-0.431380364
-0.42324814
-0.415176899
-0.407167692
-0.399221544
-0.391339459
-0.383522414
-0.375771362
-0.36808723
-0.360470915
-0.352923291
-0.345445201
-0.33803746
-0.330700855
-0.323436143
-0.316244051
-0.309125277
-0.302080486
-0.295110316
-0.288215372
-0.281396229
-0.27465343
-0.267987487
-0.261398883
-0.254888068
-0.248455461
-0.242101452
-0.235826397
-0.229630626
-0.223514435
-0.217478093
-0.211521836
-0.205645874
-0.199850386
-0.194135524
-0.18850141
-0.182948141
-0.177475785
-0.172084384
-0.166773953
-0.161544483
-0.156395939
-0.151328261
-0.146341369
-0.141435154
-0.136609489
-0.131864224
-0.127199186
-0.122614185
-0.118109007
-0.113683422
-0.109337179
-0.105070012
-0.100881635
-0.096771746
-0.092740029
-0.08878615
-0.084909763
-0.081110507
-0.077388007
-0.073741877
-0.070171719
-0.066677121
-0.063257664
-0.059912916
-0.056642438
-0.053445781
-0.050322486
-0.04727209
-0.044294119
-0.041388095
-0.038553534
-0.035789944
-0.033096831
-0.030473693
-0.027920028
-0.025435327
-0.023019081
-0.020670774
-0.018389892
-0.016175917
-0.01402833
-0.011946611
-0.009930239
-0.007978693
-0.006091453
-0.004267997
-0.002507806
-0.00081036
0.000824857
0.002398362
0.003910668
0.005362289
0.006753732
0.008085505
0.009358113
0.010572055
0.011727829
0.01282593
0.013866847
0.013883298
0.013899401
0.013915159
0.013930572
0.01394564
0.013960365
0.013974748
0.013988788
0.014002488
0.014015847
0.014028867
0.014041548
0.014053891
0.014065897
0.014077566
0.014088899
0.014099896
0.014110559
0.014120887
0.014130882
0.014140543
0.014149872
0.014158869
0.014167535
0.014175869
0.014183873
0.014191547
0.014198891
0.014205905
0.014212591
0.014218949
0.014224978
0.014230679
0.014236053
0.0142411
0.014245819
0.014250213
0.014254279
0.01425802
0.014261434
0.014264523
0.014267286
0.014269724
0.014271836
0.014273624
0.014275086
0.014276223
0.014277035
0.014277522
0.014277685
