-0.3
-0.29998367006838145
-0.29993468027352577
-0.299853030615433
-0.2997387210941031
-0.29959175170953617
-0.29941212246173204
-0.29919983335069084
-0.2989548843764125
-0.29867727553889706
-0.29836700683814454
-0.2980240782741549
-0.29764848984692815
-0.2972402415564643
-0.2967993334027633
-0.2963257653858252
-0.29581953750565004
-0.2952806497622377
-0.2947091021555883
-0.2941048946857018
-0.29346802735257815
-0.2927985001562175
-0.2920963130966196
-0.2913614661737846
-0.2905939593877126
-0.2897937927384034
-0.2889609662258571
-0.2880954798500737
-0.2871973336110532
-0.2862665275087956
-0.2853030615433009
-0.2843069357145691
-0.28327815002260015
-0.2822167044673941
-0.2811225990489509
-0.27999583376727066
-0.2788364086223533
-0.27764432361419883
-0.2764195787428072
-0.27516217400817855
-0.2738721094103127
-0.2725493849492098
-0.27119400062486976
-0.26980595643729266
-0.26838525238647837
-0.26693188847242705
-0.2654458646951386
-0.26392718105461305
-0.2623758375508503
-0.26079183418385055
-0.25917517095361364
-0.25571950200756544
-0.2522638330615173
-0.2488081641154691
-0.24535249516942093
-0.24189682622337277
-0.23844115727732457
-0.2349854883312764
-0.2315298193852282
-0.22807415043918
-0.22461848149313182
-0.22116281254708364
-0.21770714360103546
-0.21425147465498728
-0.2107958057089391
-0.20734013676289093
-0.20388446781684275
-0.20042879887079457
-0.1969731299247464
-0.19351746097869818
-0.19006179203265
-0.18660612308660182
-0.18315045414055364
-0.17969478519450544
-0.17623911624845728
-0.17278344730240913
-0.16932777835636093
-0.16587210941031277
-0.16241644046426457
-0.1589607715182164
-0.15550510257216818
-0.15204943362612003
-0.14859376468007185
-0.14513809573402367
-0.14168242678797546
-0.1382267578419273
-0.13477108889587913
-0.13131541994983095
-0.12785975100378275
-0.1244040820577346
-0.12094841311168643
-0.11749274416563824
-0.11403707521959003
-0.11058140627354188
-0.1071257373274937
-0.10367006838144552
-0.10021439943539731
-0.09675873048934913
-0.09330306154330101
-0.08984739259725284
-0.08639172365120462
-0.08293605470515644
-0.07948038575910829
-0.07602471681306011
-0.07256904786701193
-0.06911337892096375
-0.06565770997491555
-0.062202041028867366
-0.05874637208281919
-0.05529070313677101
-0.05183503419072283
-0.04837936524467468
-0.04492369629862647
-0.04146802735257832
-0.03801235840653011
-0.034556689460481904
-0.031101020514433753
-0.0276453515683856
-0.024189682622337394
-0.020734013676289246
-0.017278344730241035
-0.013822675784192884
-0.010367006838144677
-0.00691133789209647
-0.003455668946048318
-1.6653345369377348e-16
0.0034556689460480405
0.006911337892096192
0.0103670068381444
0.01382267578419255
0.017278344730240758
0.020734013676288965
0.024189682622337116
0.027645351568385323
0.031101020514433475
0.03455668946048163
0.038012358406529834
0.041468027352577985
0.04492369629862619
0.0483793652446744
0.05183503419072255
0.05529070313677076
0.05874637208281891
0.06220204102886706
0.06565770997491527
0.06911337892096342
0.07256904786701164
0.07602471681305985
0.07948038575910799
0.08293605470515619
0.08639172365120434
0.0898473925972525
0.0933030615433007
0.09675873048934885
0.10021439943539706
0.10367006838144527
0.10712573732749343
0.11058140627354157
0.11403707521958972
0.11749274416563793
0.12094841311168608
0.12440408205773423
0.1278597510037825
0.13131541994983065
0.1347710888958788
0.138226757841927
0.14168242678797516
0.14513809573402336
0.14859376468007154
0.1520494336261197
0.1555051025721679
0.15896077151821603
0.16241644046426423
0.16587210941031238
0.16932777835636065
0.1727834473024088
0.176239116248457
0.17969478519450516
0.18315045414055336
0.18660612308660152
0.19006179203264967
0.19351746097869787
0.19697312992474603
0.20042879887079418
0.20388446781684239
0.2073401367628906
0.21079580570893872
0.21425147465498692
0.21770714360103513
0.2211628125470832
0.22461848149313154
0.22807415043917972
0.23152981938522782
0.23498548833127603
0.23844115727732423
0.24189682622337244
0.24535249516942054
0.24880816411546874
0.25226383306151695
0.25571950200756505
0.25917517095361325
0.2607918341838506
0.2623758375508499
0.26392718105461327
0.26544586469513837
0.26693188847242705
0.26838525238647787
0.2698059564372926
0.2711940006248703
0.2725493849492097
0.273872109410313
0.2751621740081785
0.2764195787428075
0.2776443236141987
0.2788364086223534
0.2799958337672707
0.28112259904895115
0.28221670446739383
0.28327815002260065
0.2843069357145691
0.28530306154330126
0.2862665275087954
0.2871973336110533
0.2880954798500735
0.2889609662258576
0.2897937927384035
0.29059395938771276
0.2913614661737844
0.2920963130966198
0.29279850015621733
0.29346802735257876
0.2941048946857014
0.29470910215558827
0.29528064976223817
0.2958195375056501
0.2963257653858256
0.2967993334027635
0.29724024155646483
0.29764848984692865
0.29802407827415517
0.2983670068381445
0.2986772755388976
0.2989548843764128
0.29919983335069117
0.29941212246173193
0.2995917517095365
0.299738721094103
0.2998530306154334
0.2999346802735255
0.29998367006838184
0.29999999999999977
-0.15
-0.14999183503419072
-0.14996734013676288
-0.1499265153077165
-0.14986936054705155
-0.14979587585476808
-0.14970606123086602
-0.14959991667534542
-0.14947744218820624
-0.14933863776944853
-0.14918350341907227
-0.14901203913707745
-0.14882424492346408
-0.14862012077823214
-0.14839966670138166
-0.1481628826929126
-0.14790976875282502
-0.14764032488111886
-0.14735455107779416
-0.1470524473428509
-0.14673401367628908
-0.14639925007810875
-0.1460481565483098
-0.1456807330868923
-0.1452969796938563
-0.1448968963692017
-0.14448048311292855
-0.14404773992503686
-0.1435986668055266
-0.1431332637543978
-0.14265153077165044
-0.14215346785728455
-0.14163907501130008
-0.14110835223369705
-0.14056129952447546
-0.13999791688363533
-0.13941820431117666
-0.13882216180709941
-0.1382097893714036
-0.13758108700408928
-0.13693605470515635
-0.1362746924746049
-0.13559700031243488
-0.13490297821864633
-0.13419262619323918
-0.13346594423621352
-0.1327229323475693
-0.13196359052730652
-0.13118791877542516
-0.13039591709192527
-0.12958758547680682
-0.12785975100378272
-0.12613191653075864
-0.12440408205773455
-0.12267624758471046
-0.12094841311168639
-0.11922057863866228
-0.1174927441656382
-0.1157649096926141
-0.11403707521959
-0.11230924074656591
-0.11058140627354182
-0.10885357180051773
-0.10712573732749364
-0.10539790285446955
-0.10367006838144546
-0.10194223390842137
-0.10021439943539728
-0.0984865649623732
-0.09675873048934909
-0.095030896016325
-0.09330306154330091
-0.09157522707027682
-0.08984739259725272
-0.08811955812422864
-0.08639172365120457
-0.08466388917818046
-0.08293605470515639
-0.08120822023213228
-0.0794803857591082
-0.07775255128608409
-0.07602471681306001
-0.07429688234003592
-0.07256904786701183
-0.07084121339398773
-0.06911337892096366
-0.06738554444793957
-0.06565770997491548
-0.06392987550189137
-0.0622020410288673
-0.060474206555843214
-0.05874637208281912
-0.057018537609795014
-0.05529070313677094
-0.05356286866374685
-0.05183503419072276
-0.050107199717698656
-0.048379365244674566
-0.046651530771650504
-0.04492369629862642
-0.04319586182560231
-0.04146802735257822
-0.039740192879554145
-0.038012358406530056
-0.036284523933505966
-0.034556689460481876
-0.03282885498745777
-0.031101020514433683
-0.029373186041409594
-0.027645351568385504
-0.025917517095361414
-0.02418968262233734
-0.022461848149313235
-0.02073401367628916
-0.019006179203265056
-0.017278344730240952
-0.015550510257216876
-0.0138226757841928
-0.012094841311168697
-0.010367006838144623
-0.008639172365120518
-0.006911337892096442
-0.005183503419072338
-0.003455668946048235
-0.001727834473024159
-8.326672684688674e-17
0.0017278344730240203
0.003455668946048096
0.0051835034190722
0.006911337892096275
0.008639172365120379
0.010367006838144482
0.012094841311168558
0.013822675784192662
0.015550510257216738
0.017278344730240813
0.019006179203264917
0.020734013676288993
0.022461848149313096
0.0241896826223372
0.025917517095361275
0.02764535156838538
0.029373186041409455
0.03110102051443353
0.032828854987457634
0.03455668946048171
0.03628452393350582
0.038012358406529924
0.03974019287955399
0.041468027352578096
0.04319586182560217
0.04492369629862625
0.04665153077165035
0.04837936524467443
0.05010719971769853
0.051835034190722634
0.05356286866374672
0.055290703136770786
0.05701853760979486
0.058746372082818965
0.06047420655584304
0.06220204102886712
0.06392987550189125
0.06565770997491532
0.0673855444479394
0.0691133789209635
0.07084121339398758
0.07256904786701168
0.07429688234003577
0.07602471681305985
0.07775255128608395
0.07948038575910801
0.08120822023213212
0.08293605470515619
0.08466388917818032
0.0863917236512044
0.0881195581242285
0.08984739259725258
0.09157522707027668
0.09330306154330076
0.09503089601632483
0.09675873048934894
0.09848656496237301
0.10021439943539709
0.10194223390842119
0.1036700683814453
0.10539790285446936
0.10712573732749346
0.10885357180051757
0.1105814062735416
0.11230924074656577
0.11403707521958986
0.11576490969261391
0.11749274416563801
0.11922057863866212
0.12094841311168622
0.12267624758471027
0.12440408205773437
0.12613191653075848
0.12785975100378252
0.12958758547680663
0.1303959170919253
0.13118791877542496
0.13196359052730663
0.13272293234756918
0.13346594423621352
0.13419262619323893
0.1349029782186463
0.13559700031243516
0.13627469247460486
0.1369360547051565
0.13758108700408925
0.13820978937140374
0.13882216180709936
0.1394182043111767
0.13999791688363536
0.14056129952447557
0.14110835223369692
0.14163907501130032
0.14215346785728455
0.14265153077165063
0.1431332637543977
0.14359866680552666
0.14404773992503675
0.1444804831129288
0.14489689636920175
0.14529697969385638
0.1456807330868922
0.1460481565483099
0.14639925007810867
0.14673401367628938
0.1470524473428507
0.14735455107779413
0.14764032488111908
0.14790976875282505
0.1481628826929128
0.14839966670138174
0.14862012077823242
0.14882424492346433
0.14901203913707758
0.14918350341907224
0.1493386377694488
0.1494774421882064
0.14959991667534558
0.14970606123086597
0.14979587585476825
0.1498693605470515
0.1499265153077167
0.14996734013676274
0.14999183503419092
0.14999999999999988
-0.45
-0.45000816496580937
-0.4500326598632371
-0.4500734846922836
-0.45013063945294846
-0.4502041241452319
-0.450293938769134
-0.4504000833246546
-0.45052255781179373
-0.45066136223055153
-0.45081649658092776
-0.4509879608629226
-0.45117575507653596
-0.45137987922176787
-0.4516003332986184
-0.4518371173070874
-0.452090231247175
-0.4523596751188812
-0.45264544892220593
-0.4529475526571491
-0.4532659863237109
-0.4536007499218913
-0.4539518434516902
-0.4543192669131077
-0.45470302030614373
-0.45510310363079837
-0.45551951688707143
-0.45595226007496314
-0.4564013331944734
-0.45686673624560226
-0.45734846922834954
-0.4578465321427155
-0.45836092498869996
-0.458891647766303
-0.4594387004755246
-0.46000208311636465
-0.46058179568882335
-0.4611778381929006
-0.4617902106285964
-0.46241891299591076
-0.4630639452948436
-0.4637253075253951
-0.4644029996875651
-0.4650970217813537
-0.4658073738067608
-0.4665340557637865
-0.46727706765243077
-0.46803640947269354
-0.46881208122457485
-0.46960408290807476
-0.4704124145231932
-0.47214024899621737
-0.47386808346924136
-0.4755959179422655
-0.47732375241528957
-0.47905158688831373
-0.4807794213613377
-0.4825072558343618
-0.48423509030738593
-0.48596292478041003
-0.4876907592534341
-0.4894185937264582
-0.4911464281994823
-0.4928742626725064
-0.4946020971455305
-0.49632993161855454
-0.49805776609157865
-0.49978560056460275
-0.5015134350376268
-0.503241269510651
-0.504969103983675
-0.5066969384566992
-0.5084247729297232
-0.5101526074027473
-0.5118804418757714
-0.5136082763487955
-0.5153361108218195
-0.5170639452948437
-0.5187917797678677
-0.5205196142408919
-0.5222474487139159
-0.5239752831869401
-0.5257031176599641
-0.5274309521329882
-0.5291587866060123
-0.5308866210790365
-0.5326144555520604
-0.5343422900250846
-0.5360701244981086
-0.5377979589711329
-0.5395257934441569
-0.5412536279171809
-0.5429814623902051
-0.5447092968632292
-0.5464371313362532
-0.5481649658092773
-0.5498928002823014
-0.5516206347553254
-0.5533484692283496
-0.5550763037013736
-0.5568041381743978
-0.5585319726474218
-0.5602598071204459
-0.56198764159347
-0.5637154760664941
-0.5654433105395182
-0.5671711450125423
-0.5688989794855663
-0.5706268139585905
-0.5723546484316145
-0.5740824829046386
-0.5758103173776628
-0.5775381518506868
-0.5792659863237108
-0.580993820796735
-0.582721655269759
-0.5844494897427832
-0.5861773242158073
-0.5879051586888313
-0.5896329931618555
-0.5913608276348796
-0.5930886621079037
-0.5948164965809277
-0.5965443310539518
-0.598272165526976
-0.6
-0.6017278344730241
-0.6034556689460482
-0.6051835034190723
-0.6069113378920964
-0.6086391723651204
-0.6103670068381446
-0.6120948413111688
-0.6138226757841927
-0.6155505102572167
-0.6172783447302409
-0.619006179203265
-0.6207340136762891
-0.6224618481493132
-0.6241896826223372
-0.6259175170953614
-0.6276453515683854
-0.6293731860414096
-0.6311010205144336
-0.6328288549874577
-0.6345566894604818
-0.6362845239335059
-0.63801235840653
-0.6397401928795541
-0.6414680273525781
-0.6431958618256023
-0.6449236962986263
-0.6466515307716505
-0.6483793652446745
-0.6501071997176986
-0.6518350341907228
-0.6535628686637468
-0.6552907031367708
-0.657018537609795
-0.6587463720828192
-0.6604742065558431
-0.6622020410288673
-0.6639298755018913
-0.6656577099749156
-0.6673855444479395
-0.6691133789209636
-0.6708412133939876
-0.6725690478670119
-0.6742968823400358
-0.67602471681306
-0.677752551286084
-0.6794803857591082
-0.6812082202321322
-0.6829360547051563
-0.6846638891781804
-0.6863917236512045
-0.6881195581242285
-0.6898473925972527
-0.6915752270702767
-0.6933030615433009
-0.695030896016325
-0.696758730489349
-0.6984865649623732
-0.7002143994353972
-0.7019422339084214
-0.7036700683814454
-0.7053979028544695
-0.7071257373274935
-0.7088535718005177
-0.7105814062735418
-0.7123092407465659
-0.7140370752195899
-0.715764909692614
-0.7174927441656381
-0.7192205786386623
-0.7209484131116863
-0.7226762475847104
-0.7244040820577344
-0.7261319165307587
-0.7278597510037826
-0.7295875854768068
-0.7303959170919254
-0.7311879187754252
-0.7319635905273069
-0.7327229323475692
-0.7334659442362137
-0.734192626193239
-0.7349029782186465
-0.7355970003124352
-0.7362746924746049
-0.7369360547051567
-0.7375810870040893
-0.7382097893714038
-0.7388221618070996
-0.7394182043111768
-0.7399979168836356
-0.7405612995244757
-0.7411083522336971
-0.7416390750113004
-0.7421534678572846
-0.7426515307716508
-0.7431332637543978
-0.7435986668055269
-0.7440477399250369
-0.7444804831129289
-0.7448968963692018
-0.7452969796938564
-0.7456807330868924
-0.74604815654831
-0.7463992500781087
-0.7467340136762894
-0.7470524473428508
-0.7473545510777942
-0.7476403248811192
-0.7479097687528251
-0.748162882692913
-0.7483996667013819
-0.7486201207782326
-0.7488242449234643
-0.7490120391370778
-0.7491835034190724
-0.7493386377694489
-0.7494774421882064
-0.7495999166753458
-0.7497060612308661
-0.7497958758547684
-0.7498693605470517
-0.7499265153077168
-0.7499673401367628
-0.749991835034191
-0.75
