-0.2505329481712167
-0.2505093896093519
-0.2504387092911729
-0.25032089332315105
-0.2501559185634895
-0.24994375264324553
-0.24968435399588743
-0.2493776718952812
-0.24902364650208605
-0.24862220891854483
-0.24817328125164914
-0.24767677668464672
-0.24713259955687455
-0.24654064545187213
-0.24590080129374897
-0.24521294545175767
-0.24447694785303217
-0.24369267010343718
-0.24285996561647868
-0.2419786797502093
-0.24104864995206807
-0.24006970591158008
-0.23904166972084148
-0.23796435604270352
-0.2368375722865676
-0.2356611187916929
-0.23443478901791473
-0.23315836974365875
-0.23183164127113767
-0.23045437763859258
-0.22902634683945683
-0.22754731104828416
-0.22601702685329883
-0.22443524549539748
-0.22280171311343083
-0.2211161709955896
-0.21937835583669132
-0.21758800000117368
-0.21574483179157614
-0.21384857572228666
-0.2118989527983161
-0.209895680798857
-0.20783847456536234
-0.2057270462938809
-0.20356110583136125
-0.2013403609756353
-0.19906451777877288
-0.19673328085349723
-0.19434635368231967
-0.19190343892906905
-0.18940423875245352
-0.18404236466665153
-0.17865406988074742
-0.17323995147408747
-0.16780059988154292
-0.1623365987476978
-0.15684852478961778
-0.15133694766811592
-0.14580242986744457
-0.14024552658330028
-0.13466678561904102
-0.12906674728998335
-0.12344594433565552
-0.11780490183984822
-0.11214413715832301
-0.10646415985400448
-0.10076547163949572
-0.0950485663267328
-0.0893139297836007
-0.08356203989731761
-0.07779336654440294
-0.07200837156702106
-0.06620750875551377
-0.06039122383690696
-0.05455995446919735
-0.04871413024120767
-0.042854172677804975
-0.036980495250275566
-0.031093503391651768
-0.025193594516780556
-0.01928115804693264
-0.013356575438746167
-0.007420220217305683
-0.0014724580131533934
0.004486353396960014
0.010455864045782316
0.016435731727914266
0.022425621949001204
0.028425207871942644
0.0344341702603056
0.04045219741911083
0.04647898513317732
0.052514236603176924
0.05855766237957871
0.06460898029463467
0.07066791539256638
0.07673419985809768
0.08280757294349037
0.08888778089421467
0.09497457687339844
0.10106772088518623
0.10716697969713405
0.11327212676177174
0.11938294213744195
0.12549921240853648
0.1316207306052437
0.1377472961229054
0.14387871464109173
0.15001479804248907
0.15615536433169327
0.16230023755400327
0.16844924771429393
0.17460223069605357
0.18075902818066522
0.1869194875670038
0.193083461891419
0.19925080974817425
0.20542139521040442
0.21159508775165145
0.2177717621680363
0.22395129850112236
0.2301335819615206
0.23631850285328565
0.24250595649914863
0.248695843166628
0.25488806799506125
0.26108254092359723
0.2672791766201777
0.27347789441155174
0.27967861821434403
0.28588127646721656
0.2920858020641419
0.2982921322888198
0.30450020875025935
0.3107099773195475
0.3169213880678255
0.3231343952054932
0.32934895702265643
0.33556503583083774
0.34178259790596066
0.34800161343262664
0.3542220564496926
0.3604439047971657
0.3666671400644228
0.3728917475397655
0.37911771616132234
0.38534503846930424
0.391573710559621
0.39780373203886893
0.404035105980695
0.4102678388835431
0.41650194062978996
0.4227374244462754
0.4289743068662341
0.43521260769263387
0.4414523499629214
0.4476935599151891
0.4539362669557596
0.4601805036281989
0.46642630558375886
0.47267371155325844
0.47892276332040834
0.4851735056965808
0.49142598649703534
0.4976802565186067
0.5039363695188571
0.5101943821967064
0.5164543541745422
0.5227163479818212
0.5289804290401724
0.5352466656500048
0.5415151289786398
0.5477858930499704
0.554059034735662
0.560334633747912
0.5666127726337727
0.5728935367710626
0.5791770143658695
0.5854632964516765
0.5917524768901153
0.5980446523733743
0.604339922428279
0.6106383894220669
0.6169401585698796
0.6232453379439974
0.6295540384848421
0.6358663740137782
0.6421824612477366
0.6485024198156993
0.6548263722770735
0.661154444141993
0.6674867638935826
0.6738234630122278
0.6801646760018897
0.6865105404185099
0.692861196900554
0.6992167892017409
0.7055774642260164
0.7119433720648156
0.7183146660366854
0.7246915027293234
0.7276767219729297
0.7306028602586336
0.7334698577957268
0.7362776545842528
0.7390261904862453
0.7417154052972825
0.7443452388183238
0.7469156309276631
0.7494265216529515
0.7518778512431735
0.7542695602404554
0.7566015895516633
0.7588738805196377
0.761086374994022
0.7632390154015489
0.7653317448157286
0.7673645070258222
0.7693372466050322
0.7712499089777947
0.7731024404861273
0.7748947884548968
0.7766269012559753
0.7782987283711503
0.7799102204537584
0.7814613293889147
0.7829520083523092
0.7843822118674442
0.7857518958612867
0.7870610177182192
0.7883095363322661
0.7894974121574715
0.7906246072564356
0.7916910853468593
0.792696811846117
0.7936417539137555
0.7945258804918605
0.7953491623432719
0.7961115720875543
0.7968130842347134
0.7974536752165895
0.7980333234158995
0.7985520091928723
0.7990097149094777
0.7994064249511678
0.7997421257461484
0.8000168057821162
0.8002304556204782
0.8003830679079874
0.800474637385839
0.8005051608961419
-0.15318841554645016
-0.1531715571018021
-0.1531209764511298
-0.15303665764796814
-0.1529185741272738
-0.1527666887240134
-0.15258095369917732
-0.15236131077320103
-0.15210769116678358
-0.1518200156490722
-0.15149819459320427
-0.15114212803916102
-0.15075170576391447
-0.15032680735882661
-0.14986730231425766
-0.14937305011134377
-0.14884390032089573
-0.1482796927093608
-0.14768025735179716
-0.14704541475179472
-0.14637497596827792
-0.1456687427491199
-0.14492650767149262
-0.1441480542888691
-0.1433331572845991
-0.1424815826319596
-0.14159308776058874
-0.14066742172920144
-0.13970432540447966
-0.1387035316460221
-0.13766476549723755
-0.13658774438205734
-0.13547217830733532
-0.13431777007079934
-0.13312421547441028
-0.13189120354298148
-0.1306184167478986
-0.12930553123578173
-0.1279522170619168
-0.12655813842828187
-0.12512295392598263
-0.12364631678190983
-0.12212787510941786
-0.12056727216282241
-0.11896414659550139
-0.11731813272138528
-0.11562886077960417
-0.11389595720206196
-0.1121190448836935
-0.1102977434551581
-0.10843166955771347
-0.1044186696703266
-0.10037311780884393
-0.0962955348640049
-0.09218643616419638
-0.08804633141439747
-0.0838757246385579
-0.079675114125414
-0.07544499237776434
-0.07118584606519382
-0.06689815598024536
-0.06258239699802352
-0.05823903803920618
-0.05386854203644087
-0.04947136590408916
-0.04504796051127907
-0.04059877065822539
-0.03612423505576383
-0.03162478630804813
-0.02710085089835031
-0.022552849177906897
-0.017981195357737415
-0.013386297503379364
-0.008768557532455328
-0.004128371215010458
0.0005338718234614899
0.005217788096381389
0.009923000247910912
0.014649137042327983
0.019395833351030248
0.024162730137248106
0.02894947443855182
0.03375571934723662
0.038581123988668954
0.04342535349767663
0.04828807899306782
0.05316897755036305
0.05806773217282418
0.062984031760857
0.0679175710798779
0.07286805072671916
0.07783517709465795
0.08281866233714195
0.08781822433029708
0.0928335866342871
0.0978644784536088
0.10291063459638582
0.10797179543274799
0.11304770685235276
0.11813812022113157
0.1232427923373215
0.1283614853868505
0.1334939668981457
0.13864000969642182
0.1437993918575159
0.14897189666132926
0.15415731254493087
0.1593554330553852
0.1645660568023547
0.16978898741053344
0.17502403347196388
0.18027100849828592
0.18552973087296826
0.19080002380356995
0.19608171527407553
0.2013746379973499
0.20667862936775677
0.21199353141397795
0.21731919075207823
0.22265545853884855
0.22800219042547057
0.23335924651153397
0.23872649129944265
0.2441037936492413
0.24949102673389675
0.2548880679950613
0.26029479909935355
0.2657111058951754
0.2711368783701031
0.2765720106088698
0.2820164007519733
0.2874699509549242
0.29293256734816525
0.29840415999768116
0.303884642866322
0.3093739337758585
0.3148719543697927
0.3203786300769433
0.32589389007582126
0.3314176672598174
0.33694989820322
0.3424905231280752
0.348039485871913
0.3535967338563503
0.35916221805659
0.3647358929718293
0.3703177165965949
0.37590765039301854
0.3815056592640671
0.38711171152774443
0.39272577889227567
0.39834783643229293
0.4039778625660308
0.4096158390335523
0.4152617508760153
0.4209155864159932
0.4265773372388688
0.43224699817531276
0.4379245672848586
0.4436100458405981
0.44930343831500014
0.45500475236688265
0.46071399882954006
0.4664311917000517
0.4721563481297852
0.4778894884161126
0.4836306359953549
0.4893798174369771
0.49513706243905076
0.5009024038250041
0.5066758775416816
0.5124575226587321
0.5182473813693496
0.5240454989923913
0.5298519239758921
0.5356667079020064
0.5414899054934016
0.5473215746211277
0.5531617763139978
0.5590105747695046
0.5648680373663055
0.5707342346783117
0.5766092404904137
0.5824931318158771
0.5883859889154534
0.5942878953182361
0.6001989378443133
0.6061192066292529
0.6120487951504703
0.6179878002555237
0.6239363221923909
0.6298944646417768
0.635862334751507
0.6418400431730722
0.6478277041003705
0.6538254353107292
0.6598333582082585
0.6658515978696149
0.6718802830922482
0.6779195464452077
0.683969524322591
0.6868035995884506
0.6895827390948976
0.692306814439643
0.6949756986315301
0.697589266145697
0.7001473929796936
0.7026499567105067
0.7050968365523168
0.7074879134149209
0.7098230699626911
0.7121021906739347
0.7143251619005958
0.7164918719281326
0.7186022110355121
0.7206560715551703
0.7226533479328685
0.724593936787313
0.7264777369694556
0.7283046496213427
0.7300745782344598
0.7317874287074093
0.7334431094028863
0.7350415312037977
0.7365826075684836
0.7380662545848965
0.7394923910236991
0.740860938390139
0.7421718209746608
0.7434249659021323
0.7446203031796388
0.7457577657427228
0.7468372895000501
0.7478588133763552
0.7488222793536631
0.7497276325106823
0.7505748210602988
0.7513637963851396
0.75209451307111
0.7527669289388798
0.753381005073245
0.7539367058503286
0.7544339989625611
0.7548728554414271
0.7552532496778991
0.7555751594405684
0.7558385658913993
0.7560434535991277
0.7561898105502286
0.7562776281574933
0.7563069012661368
0.902463036955411
0.902423535551237
0.9023050312270335
0.9021075236514726
0.9018310122847362
0.9014754963971309
0.9010409750951771
0.90052744735522
0.8999349120645984
0.8992633680704333
0.8985128142360984
0.8976832495054483
0.8967746729748959
0.8957870839734258
0.8947204821506549
0.893574867573056
0.8923502408284639
0.8910466031390057
0.8896639564825902
0.8882023037231191
0.886661648749573
0.8850419966241502
0.8833433537396324
0.8815657279861697
0.8797091289276793
0.8777735679880597
0.875759058647439
0.8736656166486683
0.871493260214295
0.8692420102742384
0.8669118907044177
0.8645029285765662
0.8620151544194898
0.8594486024920193
0.8568033110679109
0.8540793227329652
0.8512766846946181
0.8483954491042752
0.8454356733926489
0.8423974206183723
0.8392807598301434
0.83608576644267
0.8328125226266663
0.8294611177131598
0.8260316486123512
0.8225242202472707
0.8189389460024527
0.81527594818786
0.8115353585182516
0.8077173186081948
0.8038219804828894
0.7955007353082895
0.7871871236917043
0.7788818808480852
0.7705857515668861
0.7622994899184774
0.7540238589458179
0.7457596303414757
0.7375075841101152
0.7292685082166084
0.721043198219961
0.7128324568932735
0.7046370938300011
0.696457925036807
0.6882957725133406
0.6801514638193106
0.6720258316292551
0.663919713275447
0.6558339502794184
0.647769387872604
0.6397268745066573
0.631707261354015
0.623711401799322
0.6157401509223649
0.6077943649731796
0.5998749008400517
0.5919826155111261
0.584118365530398
0.5762830064488572
0.5684773922716021
0.5607023749017398
0.552958803581927
0.5452475243344054
0.5375693794004127
0.5299252066798542
0.5223158391721322
0.5147421044190345
0.5072048239505936
0.4997048127348183
0.4922428786322111
0.4848198218559675
0.4774364344387597
0.4700934997069842
0.4627917917633516
0.45553207497867215
0.4483151034936833
0.44114162073173285
0.43401235892311973
0.42692803864186096
0.41988936835562857
0.4128970439895727
0.4059517485047081
0.39905415149151463
0.3922049087793603
0.3854046620623217
0.378654038541934
0.37195365058736335
0.3653040954134547
0.35870595477705813
0.3521597946919999
0.34566616516301807
0.339225599938931
0.3328386162852702
0.32650571477655815
0.32022737910836496
0.3140040759292347
0.30783625469252685
0.30172434752816785
0.295668769134276
0.28966991668856307
0.28372816977938514
0.27784389035627577
0.2720174226997399
0.2662490934100689
0.26053921141488
0.25488806799506186
0.24929593682877252
0.24376307405309317
0.23828971834292575
0.2328760910066861
0.22752239609831534
0.22222882054512116
0.2169955342909188
0.21182269045394184
0.20671042549896174
0.2016588594230404
0.19666809595433585
0.19173822276335575
0.18686931168605483
0.18206141895816105
0.17731458546010498
0.17262883697192988
0.16800418443756032
0.16344062423778977
0.158938138471376
0.1544966952436119
0.1501162489617572
0.14579674063672313
0.1415380981904008
0.13734023676804252
0.1332030590551142
0.1291264555980384
0.1251103051282776
0.12115447488920289
0.1172588209652211
0.1134231886126402
0.10964741259177288
0.10593131749979395
0.1022747181038823
0.09867741967419794
0.09513921831626258
0.09165990130232878
0.08823924740133893
0.0848770272071036
0.08157300346433145
0.07832693139218137
0.0751385590050037
0.07200762742997861
0.06893387122135858
0.06591701867105608
0.062956792115321
0.060052908237285395
0.05720507836515344
0.05441300876584948
0.05167640093393783
0.04899495187565537
0.046368354387907984
0.04379629733209822
0.041278465902669856
0.03881454189026382
0.03640420393939588
0.03404712780058742
0.031742986576877116
0.029491450964670055
0.027292189488884264
0.025144868732365395
0.023049153559557303
0.02100470733441718
0.019011192132582663
0.017068268947801307
0.015175597892644277
0.013332838393536765
0.011539649380133321
0.009795689469091833
0.008100617142294002
0.006454090919565394
0.004855769525964646
0.0033053120537030654
0.001802378118774324
0.00034662801236653713
-0.0010622771528565826
-0.0017054157120521471
-0.0023257224896454857
-0.002923831301879603
-0.0035003596085805768
-0.004055908723636942
-0.0045910640209483825
-0.005106395135782981
-0.005602456161492798
-0.006079785841535424
-0.006538907756772567
-0.006980330508011355
-0.007404547893770984
-0.007812039083262343
-0.008203268784573618
-0.008578687408051523
-0.00893873122489824
-0.009283822520972746
-0.00961436974582514
-0.009930767656967042
-0.010233397459405755
-0.01052262694045753
-0.010798810599867004
-0.011062289775257477
-0.01131339276294097
-0.011552434934114663
-0.011779718846476956
-0.011995534351292103
-0.01220015869593453
-0.012393856621945021
-0.012576880458634141
-0.012749470212258498
-0.012911853650809534
-0.013064246384435745
-0.013206851941539489
-0.013339861840573322
-0.01346345565756237
-0.013577801089386313
-0.013683054012844335
-0.013779358539527265
-0.013866847066527988
-0.013945640323002186
-0.014015847412610674
-0.01407756585185769
-0.014130881604344489
-0.014175869110953612
-0.014212591315977468
-0.014241099689211403
-0.014261434244006747
-0.01427362355131046
-0.014277684749682877
