-96.30746022148006
-96.24922967422907
-96.19529315687696
-96.14562130166193
-96.10018541803245
-96.05895747416699
-96.02191007387843
-95.98901642887674
-95.96025032635077
-95.93558609181889
-95.9149985471847
-95.89846296392103
-95.88595501129414
-95.8774506995251
-95.8729263177737
-95.87235836681614
-95.87572348627313
-95.88299837623276
-95.89415971309613
-95.90918405945975
-95.92804776783368
-95.95072687797773
-95.9771970076224
-96.0074332363237
-96.04140998218548
-96.07910087116156
-96.12047859863583
-96.16551478295486
-96.21417981057128
-96.2664426724339
-96.32227079123936
-96.3816298391397
-96.44448354547592
-96.51079349408555
-96.58051890970823
-96.65361643298834
-96.73003988354861
-96.80974001058271
-96.89266423038917
-96.97875635023965
-97.06795627794986
-97.16019971649136
-97.25541784295407
-97.35353697114199
-97.45447819705369
-97.55815702647237
-97.66448298385843
-97.77335920171186
-97.88468198954135
-97.99834038154961
-8.487553604841898
-8.58753971110265
-8.684652200454668
-8.778837596116507
-8.87004199071448
-8.958211140390052
-9.043290564385742
-9.125225650340514
-9.203961765517628
-9.279444374178421
-9.35161916130396
-9.42043216285361
-9.485829902734235
-9.5477595366366
-9.606169002875623
-9.661007180349168
-9.712224053704983
-9.759770885777819
-9.80360039732787
-9.843666954077854
-9.879926761008779
-9.912338063833817
-9.940861357525508
-9.965459601723412
-9.986098442798216
-10.002746442292292
-10.015375311398023
-10.023960151071968
-10.028479697316248
-10.028916571088232
-10.025257532225762
-10.017493736697798
-10.005620996410482
-9.989640040715322
-9.969556778681225
-9.945382561104662
-9.917134441143922
-9.884835432374029
-9.848514762969636
-9.808208124634485
-9.7639579148092
-9.715813470604605
-9.66383129282685
-9.608075258384451
-9.548616819297184
-9.485535186463238
-9.418917496286689
-9.34885895822222
-9.275462981260535
-9.19884127735694
-9.119113939798702
-9.036409494515826
-8.950864922365511
-8.862625650464675
-8.771845510708904
-8.678686663700555
-8.583319486415084
-8.485922422063696
-8.386681790762838
-8.285791559796671
-8.183453072459073
-8.07987473468495
-7.975271658927883
-7.869865265010308
-7.763882837963901
-7.65755704318739
-7.551125399578883
-7.444829711642653
-7.338915461928213
-7.233631165525218
-7.1292276887108565
-7.025957534221254
-6.924074095991565
-6.823830886575861
-6.725480740813672
-6.629274999650033
-6.535462678334001
-6.444289623514822
-6.355997664016232
-6.270823760296309
-6.188999157788341
-6.110748549459503
-6.036289253019817
-5.965830408258007
-5.899572199969969
-5.8377051118814665
-5.780409216843015
-5.727853508396738
-5.680195278577524
-5.637579546520387
-5.600138542100413
-5.567991248436921
-5.541243006652903
-5.5199851857980375
-5.504294920324841
-5.494234916960647
-5.489853332244821
-5.49118372141451
-5.4982450587260265
-5.511041828700674
-5.529564187194707
-5.55378819061555
-5.583676091051932
-5.619176694559323
-5.660225779350143
-5.706746570187198
-5.758650264874889
-5.8158366083879205
-5.878194509875758
-5.945602697538611
-6.017930406183721
-6.095038092143904
-6.176778170172624
-6.26299576691857
-6.353529485629165
-6.448212176829983
-6.546871709876069
-6.649331740465055
-6.755412469438139
-6.8649313884664895
-6.977704008525038
-7.093544567384649
-7.2122667127045315
-7.333684157672104
-7.457611306512722
-7.58386384757283
-7.712259312059426
-7.842617596895139
-7.974761450515272
-8.108516920787384
-8.243713764573709
-8.380185818777006
-8.517771333009954
-8.65631326430625
-8.795659534543882
-8.935663251479827
-9.076182894498341
-9.217082466351538
-9.358231612323216
-9.499505708373817
-9.640785919926214
-9.781959233033366
-9.922918459724645
-10.063562219367398
-10.203794897896227
-10.343526586766185
-10.482673003469499
-10.621155395428062
-10.758900429032439
-10.895840065546686
4.615201571773657
3.977445566501803
3.3601186705897987
2.762881898217586
2.185402150368107
1.6273525483975195
1.0884127273938216
0.5682690924658225
0.06661504092682335
-0.4168488468449887
-0.882414645248577
-1.330366947553177
-1.7609827539423666
-2.174531381360554
-2.5712743931508673
-2.9514655466147204
-3.315350756744394
-3.663168074506812
-3.995147678168193
-4.311511876258953
-4.612475120881614
-4.898244030157636
-5.16901741870428
-5.42498633511458
-5.666334105494219
-5.893236382185943
-6.105861196881277
-6.304369017383356
-6.488912807353172
-6.659638088419017
-6.816683004094299
-6.960178384990444
-7.090247814863474
-7.207007697077794
-7.310567321107804
-7.401028928740963
-7.478487779681425
-7.543032216284637
-7.59474372718846
-7.6336970096363945
-7.659960030311771
-7.673594084538173
-7.674653853714954
-7.663187460889613
-7.639236524389856
-7.602836209455633
-7.554015277837417
-7.492796135347401
-7.419194877364356
-7.33322133232018
-7.2348791032078505
