-40.95580963216887
-40.966618928445044
-40.97043784287929
-40.96727016236208
-40.95712067396228
-40.93999516778932
-40.91590043516354
-40.884844262114854
-40.84683541824116
-40.801883640968086
-40.7499996152617
-40.691194948857785
-40.62548214307937
-40.55287455932554
-40.473386381322946
-40.38703257324116
-40.29382883378125
-40.19379154635604
-40.086937725487054
-39.97328495955207
-39.85285135002284
-39.72565544733939
-39.591716183573986
-39.451052802041396
-39.303684784018856
-39.14963177274241
-38.98891349484977
-38.82154967944427
-38.6475599749559
-38.46696386397805
-38.27978057626112
-38.08602900004321
-37.88572759190125
-37.67889428530455
-37.465546398052496
-37.24570053877903
-37.019372512703065
-36.78657722680529
-36.547328594608125
-36.30163944073426
-36.04952140541743
-35.790984849135796
-35.52603875753643
-35.25469064681586
-34.97694646971949
-34.692810522319405
-34.402285351727215
-34.10537166489552
-33.80206823865947
-33.49237183116613
-4.56994676160582
-4.648704872366805
-4.726883066375651
-4.804507887548654
-4.8816045467693385
-4.958196929503833
-5.03430760117732
-5.109957810488839
-5.185167490840493
-5.259955260057479
-5.334338418575673
-5.4083329462753245
-5.481953498141321
-5.555213398933454
-5.628124637053116
-5.700697857796884
-5.77294235619101
-5.844866069605474
-5.916475570350365
-5.987776058461849
-6.058771354889306
-6.12946389529929
-6.199854724715719
-6.269943493219216
-6.33972845293102
-6.409206456509141
-6.478372957385632
-6.5472220119737745
-6.615746284073515
-6.683937051700852
-6.75178421656352
-6.819276316400137
-6.886400540393154
-6.9531427478573935
-7.019487490395447
-7.08541803769895
-7.150916407160038
-7.215963397440893
-7.280538626130558
-7.344620571597119
-7.408186619120788
-7.47121311136782
-7.533675403238476
-7.595547921093038
-7.656804226329166
-7.717417083251439
-7.77735853114009
-7.836599960391184
-7.8951121925643974
-7.952865564138344
-8.009830013736691
-8.065975172551692
-8.121270457655871
-8.175685167857411
-8.229188581720909
-8.281750057343297
-8.333339133444706
-8.383925631306841
-8.433479757067161
-8.48197220385633
-8.529374253249342
-8.575657875487764
-8.620795827922073
-8.66476175111911
-8.707530262080837
-8.74907704402656
-8.789378932202006
-8.828413995194802
-8.8661616112575
-8.902602539165432
-8.937718983167903
-8.971494651626836
-9.003914808976823
-9.034966320684234
-9.064637690930043
-9.092919092791018
-9.119802390746106
-9.145281155389164
-9.1693506702842
-9.192007930955336
-9.21325163605944
-9.233082170844531
-9.251501583050954
-9.268513551464277
-9.284123347378507
-9.298337789274813
-9.311165191064152
-9.322615304281605
-9.332699254655392
-9.341429473504165
-9.348819624442168
-9.354884525892865
-9.359640069927593
-9.363103137956895
-9.365291513808137
-9.366223794724068
-9.365919300813449
-9.364397983476566
-9.361680333316176
-9.357787288027872
-9.352740140743968
-9.346560449281652
-9.339269946720039
-9.33089045370216
-9.321443792827333
-9.310951705466964
-9.299435771303513
-9.286917330857946
-9.273417411236322
-9.258956655291373
-9.243555254360425
-9.227232884707142
-9.210008647761551
-9.19190101422092
-9.172927772043593
-9.15310597833894
-9.132451915129362
-9.110981048934867
-9.088707994107391
-9.065646479820483
-9.041809320600606
-9.017208390268987
-8.991854599147556
-8.965757874369118
-8.938927143120623
-8.91137031863872
-8.883094288769026
-8.854104906894362
-8.824406985032766
-8.794004288902773
-8.762899534751739
-8.731094387742273
-8.698589461692244
-8.665384319965101
-8.63147747730941
-8.5968664024491
-8.56154752122935
-8.525516220126587
-8.488766849935034
-8.45129272944649
-8.413086148944027
-8.374138373334644
-8.33443964474975
-8.293979184446314
-8.252745193844849
-8.210724854543539
-8.167904327150456
-8.124268748777734
-8.079802229043105
-8.034487844424843
-36.59463796404864
-36.85302656085
-37.1041285697859
-37.34797330590163
-37.584587549720865
-37.813995650007364
-38.03621962786804
-38.25127928202972
-38.45919229512296
-38.65997434080555
-38.853639191555494
-39.04019882696362
-39.21966354235343
-39.392042057554946
-39.55734162565639
-39.71556814155906
-39.86672625015527
-40.010819453952095
-40.14785021995951
-40.27782008566227
-40.400729763894425
-40.51657924643358
-40.62536790613396
-40.727094597416496
-40.82175775493484
-40.90935549023902
-40.98988568625734
-41.063346089421714
-41.12973439926345
-41.18904835530788
-41.24128582110279
-41.28644486521679
-41.324523839049604
-41.3555214513021
-41.379436838957005
-41.39626963462978
-41.40602003015451
-41.408688836276234
-41.40427753832993
-41.392788347793285
-41.374224249608524
-41.34858904517907
-41.31588739095342
-41.27612483251991
-41.229307834146226
-41.17544380370509
-41.11454111294106
-41.046609113041995
-40.97165814548923
-40.88969954817361
-40.80074565677248
