0.4
0.39998
0.39992
0.39982
0.3996800000000001
0.3995
0.39928
0.39902000000000004
0.39872
0.39838
0.398
0.39758000000000004
0.39712000000000003
0.39662000000000003
0.39608000000000004
0.3955
0.39488
0.39422
0.39352000000000004
0.39278
0.392
0.39118
0.39032
0.38942000000000004
0.38848000000000005
0.3875
0.38648000000000005
0.38542
0.38432
0.38318
0.382
0.38078000000000006
0.37951999999999997
0.37822000000000006
0.37688
0.3755
0.37407999999999997
0.37262
0.37112
0.36957999999999996
0.368
0.36638
0.36472
0.36302
0.36127999999999993
0.3595
0.35767999999999994
0.35582
0.35391999999999996
0.35197999999999996
0.35000000000000003
0.34533333333333327
0.3406666666666666
0.33599999999999997
0.33133333333333326
0.32666666666666666
0.32199999999999995
0.3173333333333333
0.31266666666666665
0.308
0.3033333333333334
0.2986666666666667
0.29400000000000004
0.2893333333333334
0.28466666666666673
0.2800000000000001
0.27533333333333343
0.2706666666666667
0.2660000000000001
0.2613333333333335
0.2566666666666668
0.25200000000000017
0.24733333333333352
0.24266666666666684
0.2380000000000002
0.2333333333333336
0.2286666666666669
0.22400000000000025
0.2193333333333336
0.21466666666666695
0.2100000000000003
0.20533333333333367
0.200666666666667
0.19600000000000034
0.19133333333333366
0.18666666666666704
0.1820000000000004
0.17733333333333373
0.17266666666666708
0.16800000000000043
0.16333333333333375
0.15866666666666712
0.1540000000000005
0.14933333333333382
0.14466666666666717
0.1400000000000005
0.13533333333333386
0.1306666666666672
0.1260000000000005
0.1213333333333339
0.11666666666666725
0.1120000000000006
0.10733333333333395
0.1026666666666673
0.09800000000000064
0.09333333333333395
0.08866666666666734
0.08400000000000069
0.07933333333333405
0.07466666666666738
0.07000000000000067
0.06533333333333409
0.060666666666667424
0.05600000000000078
0.05133333333333412
0.04666666666666747
0.04200000000000082
0.03733333333333416
0.03266666666666751
0.028000000000000858
0.023333333333334205
0.018666666666667553
0.014000000000000845
0.009333333333334248
0.004666666666667596
9.43689570931383e-16
-0.004666666666665709
-0.009333333333332416
-0.013999999999999013
-0.018666666666665666
-0.02333333333333232
-0.02799999999999897
-0.03266666666666562
-0.037333333333332275
-0.04199999999999898
-0.04666666666666558
-0.05133333333333229
-0.055999999999999
-0.06066666666666571
-0.06533333333333241
-0.06999999999999912
-0.07466666666666584
-0.07933333333333259
-0.08399999999999924
-0.08866666666666595
-0.09333333333333266
-0.09799999999999937
-0.10266666666666602
-0.10733333333333274
-0.11199999999999943
-0.11666666666666614
-0.12133333333333296
-0.12599999999999956
-0.13066666666666626
-0.13533333333333297
-0.13999999999999968
-0.14466666666666642
-0.1493333333333331
-0.1539999999999998
-0.1586666666666665
-0.16333333333333322
-0.16800000000000004
-0.17266666666666663
-0.17733333333333334
-0.18200000000000005
-0.1866666666666668
-0.19133333333333347
-0.19600000000000017
-0.20066666666666688
-0.2053333333333336
-0.2100000000000003
-0.21466666666666712
-0.2193333333333337
-0.22400000000000042
-0.22866666666666727
-0.23333333333333384
-0.23800000000000054
-0.24266666666666725
-0.24733333333333396
-0.25200000000000067
-0.2566666666666674
-0.26133333333333414
-0.2660000000000008
-0.2706666666666675
-0.2753333333333343
-0.2800000000000009
-0.2846666666666676
-0.28933333333333444
-0.29400000000000104
-0.29866666666666775
-0.30333333333333445
-0.30800000000000116
-0.31266666666666787
-0.3173333333333346
-0.32200000000000145
-0.326666666666668
-0.3313333333333347
-0.3360000000000015
-0.3406666666666681
-0.3453333333333349
-0.3500000000000011
-0.3519800000000009
-0.35392000000000146
-0.355820000000001
-0.35768000000000083
-0.3595000000000007
-0.3612800000000004
-0.3630200000000011
-0.3647200000000007
-0.36638000000000054
-0.36800000000000094
-0.369580000000001
-0.37112000000000045
-0.3726200000000006
-0.37408000000000036
-0.3755000000000004
-0.37688000000000044
-0.37822000000000033
-0.37952000000000086
-0.3807800000000003
-0.38200000000000023
-0.3831800000000004
-0.3843199999999999
-0.38542000000000043
-0.38648000000000027
-0.38749999999999984
-0.38848000000000094
-0.38942000000000004
-0.3903200000000001
-0.39117999999999997
-0.39199999999999957
-0.39278000000000035
-0.3935200000000002
-0.3942199999999999
-0.39488000000000023
-0.39549999999999985
-0.39607999999999965
-0.3966199999999997
-0.39711999999999903
-0.39758000000000016
-0.3979999999999995
-0.39837999999999923
-0.3987200000000002
-0.3990199999999998
-0.3992799999999993
-0.39949999999999986
-0.3996799999999988
-0.39981999999999934
-0.3999199999999986
-0.399979999999999
-0.39999999999999825
0.15
0.15
0.15
0.15
0.15
0.15
0.15
0.15
0.15
0.15
0.15
0.15
0.15
0.15
0.15
0.15
0.15
0.15
0.15
0.15
0.15
0.15
0.15
0.15
0.15
0.15
0.15
0.15
0.15
0.15
0.15
0.15
0.15
0.15
0.15
0.15
0.15
0.15
0.15
0.15
0.15
0.15
0.15
0.15
0.15
0.15
0.15
0.15
0.15
0.15
0.15
0.15
0.15
0.15
0.15
0.15
0.15
0.15
0.15
0.15
0.15
0.15
0.15
0.15
0.15000000000000002
0.15000000000000002
0.15000000000000002
0.15000000000000002
0.15000000000000002
0.15000000000000002
0.15000000000000002
0.15000000000000002
0.15000000000000002
0.15000000000000002
0.15000000000000002
0.15000000000000002
0.15000000000000002
0.15000000000000002
0.15000000000000002
0.15000000000000002
0.15000000000000002
0.15000000000000002
0.15000000000000002
0.15000000000000002
0.15000000000000002
0.15000000000000002
0.15000000000000002
0.15000000000000002
0.15000000000000002
0.15000000000000002
0.15000000000000002
0.15000000000000002
0.15000000000000002
0.15000000000000002
0.15000000000000002
0.15000000000000002
0.15000000000000002
0.15000000000000002
0.15000000000000002
0.15000000000000002
0.15000000000000002
0.15000000000000002
0.15000000000000002
0.15000000000000002
0.15000000000000002
0.15000000000000002
0.15000000000000002
0.15000000000000002
0.15000000000000002
0.15000000000000002
0.15000000000000002
0.15000000000000002
0.15000000000000002
0.15000000000000005
0.15000000000000005
0.15000000000000005
0.15000000000000005
0.15000000000000005
0.15000000000000005
0.15000000000000005
0.15000000000000005
0.15000000000000005
0.15000000000000005
0.15000000000000005
0.15000000000000005
0.15000000000000005
0.15000000000000005
0.15000000000000005
0.15000000000000005
0.15000000000000005
0.15000000000000005
0.15000000000000005
0.15000000000000005
0.15000000000000005
0.15000000000000005
0.15000000000000005
0.15000000000000005
0.15000000000000005
0.15000000000000005
0.15000000000000005
0.15000000000000005
0.15000000000000005
0.15000000000000005
0.15000000000000005
0.15000000000000005
0.15000000000000005
0.15000000000000005
0.15000000000000005
0.15000000000000005
0.15000000000000005
0.15000000000000005
0.15000000000000005
0.15000000000000005
0.15000000000000005
0.15000000000000005
0.15000000000000005
0.15000000000000005
0.15000000000000005
0.15000000000000005
0.15000000000000005
0.15000000000000005
0.15000000000000008
0.15000000000000008
0.15000000000000008
0.15000000000000008
0.15000000000000008
0.15000000000000008
0.15000000000000008
0.15000000000000008
0.15000000000000008
0.15000000000000008
0.15000000000000008
0.15000000000000008
0.15000000000000008
0.15000000000000008
0.15000000000000008
0.15000000000000008
0.15000000000000008
0.15000000000000008
0.15000000000000008
0.15000000000000008
0.15000000000000008
0.15000000000000008
0.15000000000000008
0.15000000000000008
0.15000000000000008
0.15000000000000008
0.15000000000000008
0.15000000000000008
0.15000000000000008
0.15000000000000008
0.15000000000000008
0.15000000000000008
0.15000000000000008
0.15000000000000008
0.15000000000000008
0.15000000000000008
0.15000000000000008
0.15000000000000008
0.15000000000000008
0.15000000000000008
0.15000000000000008
0.15000000000000008
0.15000000000000008
0.15000000000000008
0.15000000000000008
0.15000000000000008
0.15000000000000008
0.15000000000000008
0.15000000000000008
0.15000000000000008
0.15000000000000008
0.15000000000000008
0.15000000000000008
0.15000000000000008
0.15000000000000008
0.15000000000000008
0.15000000000000008
0.15000000000000008
0.15000000000000008
0.15000000000000008
0.15000000000000008
0.15000000000000008
0.15000000000000008
0.15000000000000008
0.15000000000000008
0.15000000000000008
0.15000000000000008
0.15000000000000008
0.15000000000000008
0.15000000000000008
0.15000000000000008
0.1500000000000001
0.1500000000000001
0.1500000000000001
0.1500000000000001
0.1500000000000001
0.1500000000000001
0.1500000000000001
0.1500000000000001
0.1500000000000001
0.1500000000000001
0.1500000000000001
0.1500000000000001
0.1500000000000001
0.1500000000000001
0.1500000000000001
0.1500000000000001
0.1500000000000001
0.1500000000000001
0.1500000000000001
-0.45
-0.45
-0.45
-0.45
-0.45
-0.45
-0.45
-0.45
-0.45
-0.45
-0.45
-0.45
-0.45
-0.45
-0.45
-0.45
-0.45
-0.45
-0.45
-0.45
-0.45
-0.45
-0.45
-0.45
-0.45
-0.45
-0.45
-0.45
-0.45
-0.45
-0.45
-0.45
-0.45
-0.45
-0.45
-0.45
-0.45
-0.45
-0.45
-0.45
-0.45
-0.45
-0.45
-0.45
-0.45
-0.45
-0.45
-0.45
-0.45
-0.45
-0.45
-0.45
-0.45
-0.45
-0.45
-0.45
-0.45
-0.45
-0.45
-0.45
-0.45
-0.45
-0.45
-0.45
-0.45
-0.45
-0.45
-0.45
-0.45
-0.45
-0.45
-0.45
-0.45
-0.45
-0.45
-0.45
-0.45
-0.45
-0.45
-0.45
-0.45
-0.45
-0.45
-0.45
-0.45
-0.45
-0.45
-0.45
-0.45
-0.45
-0.45
-0.45
-0.45
-0.45
-0.45
-0.45
-0.45
-0.45
-0.45
-0.45
-0.45
-0.45
-0.45
-0.45
-0.45
-0.45
-0.45
-0.45
-0.45
-0.45
-0.45
-0.45
-0.45
-0.45
-0.45
-0.45
-0.45
-0.45
-0.45
-0.45
-0.45
-0.45
-0.45
-0.45
-0.45
-0.45
-0.45
-0.45
-0.45
-0.45
-0.45
-0.45
-0.45
-0.45
-0.45
-0.45
-0.45
-0.45
-0.45
-0.45
-0.45
-0.45
-0.45
-0.45
-0.45
-0.45
-0.45
-0.45
-0.45
-0.45
-0.45
-0.45
-0.45
-0.45
-0.45
-0.45
-0.45
-0.45
-0.45
-0.45
-0.45
-0.45
-0.45
-0.45
-0.45
-0.45
-0.45
-0.45
-0.45
-0.45
-0.45
-0.45
-0.45
-0.45
-0.45
-0.45
-0.45
-0.45
-0.45
-0.45
-0.45
-0.45
-0.45
-0.45
-0.45
-0.45
-0.45
-0.45
-0.45
-0.45
-0.45
-0.45
-0.45
-0.45
-0.45
-0.45
-0.45
-0.45
-0.45
-0.45
-0.45
-0.45
-0.45
-0.45
-0.45
-0.45
-0.45
-0.45
-0.45
-0.45
-0.45
-0.45
-0.45
-0.45
-0.45
-0.45
-0.45
-0.45
-0.45
-0.45
-0.45
-0.45
-0.45
-0.45
-0.45
-0.45
-0.45
-0.45
-0.45
-0.45
-0.45
-0.45
-0.45
-0.45
-0.45
-0.45
-0.45
-0.45
-0.45
-0.45
-0.45
-0.45
-0.45
-0.45
-0.45
-0.45
-0.45
-0.45
-0.45
-0.45
-0.45
