0.492958044
0.492956534
0.492952002
0.49294445
0.492933876
0.492920281
0.492903665
0.492884028
0.492861369
0.492835689
0.492806988
0.492775264
0.492740519
0.492702751
0.492661961
0.492618149
0.492571314
0.492521456
0.492468575
0.492412671
0.492353742
0.49229179
0.492226814
0.492158812
0.492087786
0.492013735
0.491936657
0.491856554
0.491773424
0.491687267
0.491598083
0.491505872
0.491410632
0.491312363
0.491211065
0.491106738
0.49099938
0.490888991
0.490775572
0.49065912
0.490539636
0.490417119
0.490291569
0.490162984
0.490031365
0.48989671
0.489759019
0.489618292
0.489474526
0.489327723
0.489177881
0.480538202
0.471859955
0.463144652
0.454393798
0.445608884
0.43679139
0.427942783
0.419064516
0.410158025
0.401224733
0.392266041
0.383283336
0.374277984
0.36525133
0.356204702
0.347139403
0.338056717
0.328957905
0.319844203
0.310716826
0.301576965
0.292425785
0.283264429
0.274094014
0.264915631
0.255730347
0.246539203
0.237343216
0.228143375
0.218940645
0.209735965
0.200530248
0.191324382
0.18211923
0.172915627
0.163714387
0.154516295
0.145322113
0.136132578
0.126948403
0.117770275
0.10859886
0.099434798
0.090278706
0.081131179
0.071992788
0.062864083
0.05374559
0.044637816
0.035541243
0.026456335
0.017383535
0.008323265
-0.000724073
-0.009758096
-0.018778439
-0.027784759
-0.036776727
-0.045754035
-0.054716391
-0.063663522
-0.072595169
-0.08151109
-0.090411062
-0.099294874
-0.108162331
-0.117013254
-0.125847478
-0.134664852
-0.143465238
-0.152248512
-0.161014564
-0.169763295
-0.178494619
-0.187208463
-0.195904764
-0.204583472
-0.213244547
-0.22188796
-0.230513693
-0.239121737
-0.247712094
-0.256284775
-0.264839801
-0.273377201
-0.281897014
-0.290399286
-0.298884073
-0.307351438
-0.315801452
-0.324234193
-0.332649748
-0.34104821
-0.349429679
-0.357794261
-0.366142071
-0.374473227
-0.382787856
-0.39108609
-0.399368066
-0.407633927
-0.415883824
-0.424117909
-0.432336343
-0.440539289
-0.448726918
-0.456899403
-0.465056923
-0.473199663
-0.481327809
-0.489441554
-0.497541094
-0.50562663
-0.513698367
-0.521756512
-0.529801279
-0.537832884
-0.545851546
-0.55385749
-0.561850941
-0.569832131
-0.577801295
-0.585758668
-0.593704493
-0.601639014
-0.609562477
-0.617475135
-0.62537724
-0.63326905
-0.641150826
-0.649022831
-0.656885331
-0.664738597
-0.672582902
-0.680418522
-0.688245735
-0.696064826
-0.703876079
-0.711679784
-0.719476233
-0.727265721
-0.735048546
-0.742825012
-0.750595424
-0.758360089
-0.766119322
-0.773873438
-0.781622756
-0.789367599
-0.797108295
-0.797242825
-0.797374636
-0.797503728
-0.797630101
-0.797753756
-0.797874691
-0.797992909
-0.798108408
-0.798221188
-0.79833125
-0.798438594
-0.798543219
-0.798645127
-0.798744316
-0.798840787
-0.79893454
-0.799025575
-0.799113892
-0.799199491
-0.799282372
-0.799362536
-0.799439981
-0.799514709
-0.799586719
-0.799656012
-0.799722587
-0.799786444
-0.799847584
-0.799906006
-0.799961711
-0.800014698
-0.800064968
-0.80011252
-0.800157355
-0.800199472
-0.800238873
-0.800275555
-0.800309521
-0.800340769
-0.8003693
-0.800395114
-0.80041821
-0.800438589
-0.800456251
-0.800471196
-0.800483423
-0.800492933
-0.800499726
-0.800503802
-0.800505161
-0.21990801
-0.219908126
-0.219908472
-0.21990905
-0.219909859
-0.2199109
-0.219912172
-0.219913675
-0.219915411
-0.219917378
-0.219919577
-0.219922008
-0.219924673
-0.21992757
-0.2199307
-0.219934063
-0.219937661
-0.219941492
-0.219945559
-0.21994986
-0.219954397
-0.219959169
-0.219964178
-0.219969424
-0.219974908
-0.219980629
-0.219986589
-0.219992788
-0.219999227
-0.220005907
-0.220012827
-0.22001999
-0.220027395
-0.220035044
-0.220042936
-0.220051074
-0.220059457
-0.220068087
-0.220076964
-0.22008609
-0.220095465
-0.22010509
-0.220114966
-0.220125094
-0.220135476
-0.220146112
-0.220157002
-0.22016815
-0.220179554
-0.220191218
-0.22020314
-0.220921493
-0.221703146
-0.222547227
-0.22345288
-0.224419264
-0.225445548
-0.226530917
-0.227674569
-0.228875713
-0.230133573
-0.231447384
-0.232816393
-0.23423986
-0.235717057
-0.237247266
-0.238829783
-0.240463914
-0.242148976
-0.243884296
-0.245669216
-0.247503083
-0.249385259
-0.251315115
-0.253292032
-0.255315401
-0.257384624
-0.259499112
-0.261658286
-0.263861576
-0.266108424
-0.268398279
-0.270730599
-0.273104854
-0.275520519
-0.277977082
-0.280474036
-0.283010887
-0.285587146
-0.288202335
-0.290855981
-0.293547625
-0.29627681
-0.299043092
-0.301846032
-0.304685201
-0.307560177
-0.310470544
-0.313415898
-0.316395838
-0.319409973
-0.32245792
-0.325539301
-0.328653748
-0.331800897
-0.334980395
-0.338191893
-0.34143505
-0.344709532
-0.348015012
-0.351351168
-0.354717688
-0.358114263
-0.361540594
-0.364996385
-0.36848135
-0.371995206
-0.375537678
-0.379108498
-0.382707402
-0.386334133
-0.389988442
-0.393670082
-0.397378817
-0.401114412
-0.40487664
-0.40866528
-0.412480118
-0.416320942
-0.420187548
-0.424079738
-0.427997319
-0.431940103
-0.435907907
-0.439900556
-0.443917877
-0.447959704
-0.452025878
-0.456116241
-0.460230644
-0.464368941
-0.468530994
-0.472716666
-0.476925828
-0.481158356
-0.485414129
-0.489693034
-0.493994961
-0.498319805
-0.502667466
-0.507037851
-0.511430869
-0.515846435
-0.520284469
-0.524744897
-0.529227649
-0.533732659
-0.538259866
-0.542809216
-0.547380658
-0.551974145
-0.556589638
-0.5612271
-0.5658865
-0.570567813
-0.575271015
-0.579996092
-0.584743031
-0.589511827
-0.594302478
-0.599114986
-0.603949362
-0.608805617
-0.613683771
-0.618583848
-0.623505875
-0.628449889
-0.633415926
-0.638404032
-0.643414258
-0.648446657
-0.65350129
-0.658578224
-0.66367753
-0.668799285
-0.673943572
-0.67911048
-0.684300102
-0.68951254
-0.694747899
-0.700006291
-0.705287835
-0.710592656
-0.715920884
-0.721272658
-0.72664812
-0.732047422
-0.737470722
-0.742918183

-0.748389978
-0.753886286
-0.753982052
-0.75407589
-0.7541678
-0.754257782
-0.754345836
-0.75443196
-0.754516155
-0.75459842
-0.754678754
-0.754757158
-0.754833631
-0.754908172
-0.754980782
-0.755051459
-0.755120204
-0.755187016
-0.755251895
-0.755314841
-0.755375852
-0.75543493
-0.755492074
-0.755547283
-0.755600557
-0.755651896
-0.7557013
-0.755748769
-0.755794301
-0.755837898
-0.755879558
-0.755919282
-0.75595707
-0.75599292
-0.756026834
-0.756058811
-0.756088851
-0.756116953
-0.756143117
-0.756167344
-0.756189634
-0.756209985
-0.756228399
-0.756244874
-0.756259411
-0.756272011
-0.756282671
-0.756291394
-0.756298178
-0.756303024
-0.756305932
-0.756306901
-0.765428078
-0.765426447
-0.765421552
-0.765413394
-0.765401974
-0.76538729
-0.765369343
-0.765348133
-0.76532366
-0.765295924
-0.765264925
-0.765230664
-0.76519314
-0.765152353
-0.765108303
-0.765060991
-0.765010417
-0.76495658
-0.764899481
-0.76483912
-0.764775497
-0.764708612
-0.764638465
-0.764565056
-0.764488386
-0.764408455
-0.764325263
-0.764238809
-0.764149095
-0.76405612
-0.763959884
-0.763860388
-0.763757632
-0.763651616
-0.763542341
-0.763429805
-0.763314011
-0.763194957
-0.763072644
-0.762947073
-0.762818244
-0.762686156
-0.76255081
-0.762412207
-0.762270346
-0.762125228
-0.761976854
-0.761825223
-0.761670335
-0.761512192
-0.761350793
-0.75207529
-0.742817856
-0.733579583
-0.724361572
-0.715164932
-0.705990782
-0.696840246
-0.687714456
-0.678614551
-0.669541673
-0.660496968
-0.651481587
-0.642496684
-0.633543412
-0.624622928
-0.615736386
-0.606884942
-0.598069748
-0.589291955
-0.580552709
-0.571853153
-0.563194422
-0.554577648
-0.546003953
-0.537474452
-0.528990252
-0.520552449
-0.512162127
-0.503820361
-0.495528211
-0.487286725
-0.479096936
-0.470959863
-0.462876508
-0.454847856
-0.446874877
-0.438958521
-0.431099719
-0.423299383
-0.415558406
-0.407877657
-0.400257988
-0.392700225
-0.385205174
-0.377773618
-0.370406315
-0.363104
-0.355867384
-0.348697153
-0.341593969
-0.334558467
-0.327591257
-0.320692924
-0.313864027
-0.307105098
-0.300416644
-0.293799144
-0.287253053
-0.280778797
-0.274376778
-0.268047371
-0.261790924
-0.255607759
-0.249498173
-0.243462438
-0.237500797
-0.231613471
-0.225800655
-0.220062519
-0.214399209
-0.208810845
-0.203297526
-0.197859325
-0.192496295
-0.187208463
-0.181995836
-0.176858398
-0.171796114
-0.166808925
-0.161896754
-0.157059503
-0.152297056
-0.147609277
-0.142996012
-0.138457089
-0.133992319
-0.129601497
-0.125284402
-0.121040795
-0.116870425
-0.112773025
-0.108748314
-0.104795998
-0.10091577
-0.09710731
-0.093370288
-0.089704361
-0.086109176
-0.082584369
-0.079129568
-0.075744391
-0.072428446
-0.069181334
-0.066002649
-0.062891976
-0.059848895
-0.056872979
-0.053963794
-0.051120903
-0.048343861
-0.045632221
-0.042985531
-0.040403334
-0.037885172
-0.035430582
-0.0330391
-0.030710258
-0.028443587
-0.026238616
-0.024094874
-0.022011888
-0.019989184
-0.018026288
-0.016122726
-0.014278025
-0.012491712
-0.010763313
-0.009092359
-0.007478377
-0.005920901
-0.004419461
-0.002973594
-0.001582836
-0.000246726
0.001035194
0.00226338
0.003438284
0.004560358
0.005630047
0.006647796
0.007614044
0.008529228
0.009393781
0.010208132
0.010972707
0.011687927
0.012354208
0.012971964
0.013541604
0.014063531
0.014072185
0.01408065
0.014088927
0.014097017
0.014104921
0.014112639
0.014120173
0.014127523
0.01413469
0.014141675
0.014148478
0.0141551
0.014161541
0.014167804
0.014173887
0.014179791
0.014185518
0.014191068
0.014196441
0.014201638
0.014206659
0.014211505
0.014216177
0.014220675
0.014224999
0.01422915
0.014233129
0.014236935
0.014240569
0.014244031
0.014247323
0.014250443
0.014253394
0.014256173
0.014258783
0.014261224
0.014263495
0.014265596
0.014267529
0.014269293
0.014270889
0.014272316
0.014273575
0.014274665
0.014275588
0.014276343
0.01427693
0.014277349
0.014277601
0.014277685
