-2.8330928647985143
-2.8462347353189363
-2.8593212968540396
-2.8723525738538225
-2.885328593716218
-2.898249386775545
-2.911114986290608
-2.9239254284329963
-2.9366807522752127
-2.949380999778759
-2.96202621578224
-2.9746164479893693
-2.9871517469569513
-2.9996321660828587
-3.012057761593887
-3.0244285925336216
-3.036744720750283
-3.049006210884457
-3.0612131303568724
-3.0733655493560326
-3.0854635408258906
-3.0975071804535093
-3.109496546656503
-3.12143172057068
-3.1333127860374717
-3.145139829591333
-3.1569129404471905
-3.1686322104878073
-3.180297734251041
-3.1919096089171823
-3.2034679342960874
-3.214972812814425
-3.2264243495028833
-3.2378226519830973
-3.249167830454871
-3.260459997683082
-3.2716992689847206
-3.282885762215763
-3.294019597758071
-3.305100898506243
-3.31612978985436
-3.327106399682803
-3.338030858344876
-3.3489032986534735
-3.3597238558677596
-3.370492667679649
-3.3812098742003487
-3.3918756179468117
-3.4024900438281733
-3.4130532991320957
-3.4235655335111206
-17.332783497202314
-17.381388012375922
-17.429224557703492
-17.476272542833442
-17.52251142678601
-17.567920715630713
-17.61247996227548
-17.656168768357585
-17.698966788209095
-17.740853734853133
-17.781809387971897
-17.82181360377295
-17.860846326667204
-17.898887602660068
-17.93591759434657
-17.971916597392045
-18.006865058371638
-18.04074359383549
-18.073533010460835
-18.10521432614802
-18.13576879191482
-18.165177914441358
-18.193423479117598
-18.22048757344583
-18.2463526106521
-18.27100135336312
-18.29441693720846
-18.316582894212335
-18.337483175843893
-18.357102175601014
-18.37542475100849
-18.39243624491845
-18.408122506008105
-18.42246990837735
-18.43546537015682
-18.447096371044946
-18.457350968700975
-18.466217813929273
-18.473686164598483
-18.47974589824789
-18.48438752334107
-18.487602189135785
-18.489381694146513
-18.489718493184153
-18.48860570296489
-18.486037106287434
-18.48200715478483
-18.476510970263675
-18.469544344649606
-18.4611037385641
-18.45118627856261
-18.43978975306959
-18.426912607049964
-18.41255393546137
-18.39671347553471
-18.37939159793413
-18.36058929685042
-18.34030817908402
-18.318550452176257
-18.295318911648685
-18.27061692741191
-18.244448429406038
-18.216817892535484
-18.187730320961002
-18.157191231811645
-18.125206638379055
-18.09178303285561
-18.056927368677076
-18.020647042529195
-17.982949876076148
-17.94384409746729
-17.903338322676753
-17.861441536728393
-17.818163074856813
-17.77351260365259
-17.727500102237883
-17.680135843516
-17.63143037553624
-17.581394503012746
-17.530039269033622
-17.477375936994182
-17.42341597278548
-17.368171027267046
-17.311652919050054
-17.253873617614893
-17.194845226784636
-17.134579968573682
-17.073090167428443
-17.010388234875002
-16.946486654586263
-16.88139796787936
-16.815134759651933
-16.747709644764292
-16.679135254872286
-16.60942422571462
-16.538589184856207
-16.466642739888037
-16.3935974670825
-16.31946590050184
-16.244260521556157
-16.16799374900637
-16.090677929406365
-16.01232532797776
-15.932948119909753
-15.852558382075777
-15.771168085157946
-15.688789086169734
-15.605433121366666
-15.521111799534268
-15.435836595642334
-15.349618844853836
-15.26246973687681
-15.174400310647103
-15.085421449329662
-14.995543875625987
-14.904778147375119
-14.81313465343548
-14.72062360983491
-14.627255056176045
-14.533038852284392
-14.437984675086346
-14.342102015704466
-14.245400176757443
-14.147888269852288
-14.049575213256292
-13.950469729736504
-13.85058034455456
-13.749915383604865
-13.64848297168411
-13.54629103088058
-13.44334727907139
-13.33965922851629
-13.2352341845367
-13.130079244268602
-13.024201295478239
-12.917607015429647
-12.81030286979296
-12.702295111582737
-12.593589780115433
-12.484192699975363
-12.374109479978328
-12.263345512122262
-12.151905970514171
-12.039795810262522
-11.927019766324271
-11.81358235229565
-11.699487859135512
-11.584740353810178
-11.469343677848144
-11.353301445793209
-31.21817151055182
-31.214498011828873
-31.2108710891683
-31.207290695101957
-31.203756782450252
-31.200269304317004
-31.196828214093205
-31.19343346545524
-31.190085012366545
-31.186782809075538
-31.18352681011884
-31.18031697031681
-31.177153244779387
-31.1740355888995
-31.17096395835962
-31.1679383091259
-31.164958597452532
-31.162024779878557
-31.159136813229892
-31.15629465461753
-31.15349826143907
-31.15074759137662
-31.148042602398057
-31.145383252755686
-31.14276950098722
-31.140201305914246
-31.137678626642973
-31.1352014225624
-31.13276965334577
-31.130383278948578
-31.128042259609742
-31.12574655584913
-31.123496128469363
-31.12129093855334
-31.119130947464058
-31.117016116846322
-31.114946408622576
-31.11292178499533
-31.11094220844407
-31.109007641727487
-31.107118047879105
-31.105273390211025
-31.103473632308383
-31.101718738032666
-31.100008671518516
-31.098343397174038
-31.0967228796792
-31.095147083985974
-31.09361597531565
-31.09212951916058
