-28.644587624655777
-28.63690563425539
-28.629233987374477
-28.621572671357065
-28.613921670791072
-28.60628096751346
-28.598650540615253
-28.59103036644646
-28.58342041862096
-28.575820668021336
-28.56823108280363
-28.560651628402056
-28.553082267533583
-28.545522960202554
-28.537973663705152
-28.530434332633902
-28.52290491888196
-28.515385371647547
-28.507875637438122
-28.50037566007461
-28.492885380695576
-28.485404737761232
-28.477933667057524
-28.470472101700054
-28.463019972138024
-28.45557720615802
-28.448143728887853
-28.44071946280028
-28.433304327716648
-28.425898240810557
-28.41850111661138
-28.41111286700778
-28.403733401251202
-28.396362625959213
-28.389000445118903
-28.381646760090103
-28.37430146960873
-28.36696446978986
-28.35963565413098
-28.352314913514974
-28.345002136213182
-28.337697207888475
-28.330400011598062
-28.323110427796482
-28.315828334338395
-28.308553606481382
-28.30128611688871
-28.294025735632033
-28.286772330194076
-28.279525765471185
-28.272285903775945
-8.856118937939598
-9.009279671799929
-9.161508409317177
-9.312791697977369
-9.46311626738769
-9.612469048154928
-9.76083719063326
-9.908208083518455
-10.054569372264295
-10.199908977295548
-10.344215111990474
-10.487476300404673
-10.62968139470682
-10.770819592295704
-10.910880452567037
-11.049853913297476
-11.187730306612583
-11.324500374504705
-11.46015528386626
-11.594686641003424
-11.728086505595119
-11.860347404061969
-11.991462342310104
-12.121424817814944
-12.250228831010538
-12.377868895950781
-12.50434005020963
-12.629637863988581
-12.753758448400948
-12.876698462903942
-12.998455121851313
-13.119026200141125
-13.238410037935491
-13.356605544431174
-13.47361220066263
-13.58943006132154
-13.704059755579806
-13.817502486905852
-13.929760031867108
-14.040834737914832
-14.150729520150616
-14.259447857077294
-14.366993785340306
-14.473371893469142
-14.57858731463179
-14.682645718418527
-14.785553301674977
-14.887316778407413
-14.987943368786773
-15.087440787280919
-15.18581722994762
-15.283081360923848
-15.379242298149489
-15.474309598366268
-15.56829324143498
-15.661203614016333
-15.753051492662614
-15.843848026369042
-15.93360471863529
-16.022333409088656
-16.11004625472157
-16.19675571079662
-16.28247451147285
-16.367215650207275
-16.450992359985424
-16.533818093434547
-16.615706502872413
-16.696671420343954
-16.776726837697062
-16.855886886747385
-16.93416581958087
-17.011577989040937
-17.088137829445515
-17.16385983757724
-17.238758553987935
-17.312848544656482
-17.38614438303663
-17.45866063252916
-17.530411829410106
-17.601412466244394
-17.671676975811547
-17.741219715567595
-17.810054952664668
-17.878196849547198
-17.945659450140973
-18.012456666648934
-18.078602266964804
-18.14410986271349
-18.20899289792458
-18.273264638343193
-18.336938161379845
-18.400026346699377
-18.46254186744647
-18.524497182103644
-18.585904526975813
-18.646775909293552
-18.707123100925894
-18.76695763269192
-18.826290789258962
-18.88513360461412
-18.943496858094694
-19.001391070962
-19.05882650350229
-19.11581315263767
-19.172360750029227
-19.22847876065405
-19.284176381837412
-19.339462542720845
-19.394345904146867
-19.448834858940636
-19.50293753256892
-19.556661784156717
-19.61001520784172
-19.663005134447385
-19.71563863345499
-19.76792251525581
-19.8198633336645
-19.871467388675338
-19.922740729443213
-19.97368915747174
-20.024318229991472
-20.07463326351134
-20.124639337527356
-20.17434129837288
-20.22374376319545
-20.272851124045644
-20.3216675520642
-20.370197001753898
-20.41844321532374
-20.466409727093083
-20.514099867944424
-20.56151676981377
-20.60866337020836
-20.655542416741945
-20.70215647167858
-20.748507916476093
-20.794598956321536
-20.840431624650797
-20.886007787645692
-20.931329148701842
-20.976397252861645
-21.02121349120672
-21.065779105204903
-21.11009519100736
-21.154162703691654
-21.197982461447104
-21.241555149699412
-21.284881325171412
-21.327961419877806
-21.370795745051584
-20.90218202647152
-20.903466689468345
-20.904663660331927
-20.905772997288032
-20.906794757390074
-20.90772899652773
-20.908575769425365
-20.909335129646728
-20.910007129595606
-20.910591820520807
-20.911089252514927
-20.911499474521886
-20.91182253433274
-20.912058478595387
-20.912207352809535
-20.912269201335555
-20.912244067391633
-20.912131993059624
-20.91193301928481
-20.911647185879886
-20.911274531525315
-20.91081509377355
-20.91026890904947
-20.90963601265377
-20.908916438763512
-20.908110220435695
-20.907217389607975
-20.90623797710238
-20.905172012625165
-20.90401952477066
-20.902780541021308
-20.901455087751877
-20.900043190228793
-20.89854487261415
-20.89696015796728
-20.89528906824384
-20.893531624301797
-20.891687845899675
-20.88975775170109
-20.887741359273278
-20.885638685092832
-20.883449744542418
-20.88117455191783
-20.87881312042505
-20.876365462184484
-20.87383158823134
-20.871211508518005
-20.868505231914526
-20.86571276621196
-20.862834118120887
