-0.3
-0.2999993017027513
-0.29999720681100495
-0.29999371532476127
-0.29998882724401993
-0.2999825425687811
-0.2999748612990448
-0.299965783434811
-0.2999553089760797
-0.29994343792285083
-0.2999301702751245
-0.2999155060329006
-0.2998994451961792
-0.2998819877649604
-0.29986313373924395
-0.2998428831190301
-0.29982123590431864
-0.2997981920951097
-0.2997737516914033
-0.2997479146931994
-0.29972068110049793
-0.299692050913299
-0.2996620241316025
-0.2996306007554085
-0.299597780784717
-0.299563564219528
-0.2995279510598415
-0.29949094130565745
-0.29945253495697594
-0.29941273201379687
-0.2993715324761203
-0.29932893634394625
-0.2992849436172747
-0.2992395542961056
-0.299192768380439
-0.2991445858702749
-0.2990950067656133
-0.29904403106645416
-0.2989916587727976
-0.29893788988464337
-0.2988827244019917
-0.29882616232484255
-0.29876820365319584
-0.2987088483870517
-0.29864809652641
-0.29858594807127076
-0.298522403021634
-0.2984574613774998
-0.29839112313886806
-0.2983233883057388
-0.298254256878112
-0.2942775334530706
-0.29030081002802904
-0.2863240866029876
-0.28234736317794606
-0.2783706397529046
-0.27439391632786314
-0.2704171929028216
-0.2664404694777801
-0.2624637460527386
-0.2584870226276971
-0.2545102992026556
-0.25053357577761415
-0.24655685235257263
-0.24258012892753114
-0.23860340550248968
-0.23462668207744813
-0.23064995865240667
-0.22667323522736518
-0.2226965118023237
-0.2187197883772822
-0.21474306495224071
-0.2107663415271992
-0.2067896181021577
-0.20281289467711622
-0.1988361712520747
-0.19485944782703327
-0.19088272440199172
-0.18690600097695023
-0.18292927755190874
-0.17895255412686725
-0.17497583070182576
-0.1709991072767843
-0.16702238385174276
-0.1630456604267013
-0.15906893700165978
-0.1550922135766183
-0.15111549015157677
-0.1471387667265353
-0.14316204330149382
-0.1391853198764523
-0.13520859645141084
-0.13123187302636932
-0.12725514960132786
-0.12327842617628634
-0.11930170275124485
-0.11532497932620336
-0.11134825590116187
-0.10737153247612036
-0.1033948090510789
-0.09941808562603738
-0.09544136220099589
-0.0914646387759544
-0.08748791535091288
-0.08351119192587142
-0.07953446850082993
-0.07555774507578845
-0.07158102165074692
-0.06760429822570546
-0.06362757480066394
-0.059650851375622455
-0.05567412795058094
-0.051697404525539475
-0.047720681100497986
-0.043743957675456475
-0.03976723425041501
-0.03579051082537349
-0.03181378740033197
-0.027837063975290514
-0.02386034055024905
-0.019883617125207535
-0.01590689370016596
-0.011930170275124554
-0.007953446850083035
-0.003976723425041517
-5.551115123125783e-17
0.003976723425041462
0.00795344685008298
0.011930170275124385
0.01590689370016596
0.019883617125207476
0.023860340550248882
0.0278370639752904
0.03181378740033192
0.035790510825373385
0.039767234250414896
0.04374395767545636
0.04772068110049782
0.05169740452553934
0.05567412795058074
0.059650851375622205
0.06362757480066361
0.06760429822570513
0.07158102165074659
0.075557745075788
0.07953446850082951
0.08351119192587092
0.08748791535091244
0.0914646387759539
0.09544136220099525
0.09941808562603677
0.10339480905107823
0.1073715324761197
0.1113482559011611
0.11532497932620261
0.11930170275124402
0.12327842617628543
0.127255149601327
0.13123187302636843
0.13520859645140987
0.13918531987645133
0.14316204330149268
0.14713876672653425
0.1511154901515756
0.15509221357661712
0.1590689370016587
0.1630456604267
0.1670223838517415
0.17099910727678286
0.17497583070182438
0.1789525541268659
0.18292927755190735
0.18690600097694876
0.19088272440199022
0.19485944782703163
0.19883617125207315
0.20281289467711455
0.2067896181021561
0.21076634152719737
0.214743064952239
0.2187197883772805
0.2226965118023218
0.22667323522736335
0.23064995865240498
0.23462668207744614
0.23860340550248765
0.24258012892752906
0.24655685235257072
0.2505335757776121
0.2545102992026536
0.258487022627695
0.2624637460527363
0.26644046947777783
0.27041719290281935
0.2743939163278608
0.2783706397529024
0.2823473631779437
0.2863240866029852
0.2903008100280266
0.29427753345306806
0.2982542568781095
0.29832338830573824
0.29839112313887745
0.2984574613774968
0.2985224030216456
0.29858594807127453
0.2986480965264144
0.29870884838705286
0.2987682036532022
0.2988261623248439
0.29888272440200286
0.2989378898846418
0.29899165877281025
0.29904403106645244
0.2990950067656244
0.2991445858702761
0.2991927683804451
0.29923955429610655
0.2992849436172788
0.2993289363439497
0.29937153247613163
0.29941273201380586
0.29945253495698493
0.2994909413056625
0.299527951059851
0.2995635642195382
0.29959778078473015
0.2996306007554144
0.29966202413160975
0.2996920509133036
0.29972068110050837
0.29974791469320555
0.2997737516914138
0.2997981920951142
0.29982123590431337
0.2998428831190359
0.2998631337392446
0.29988198776496416
0.29989944519617623
0.29991550603290545
0.29993017027512076
0.2999434379228596
0.2999553089760783
0.2999657834348141
0.29997486129904866
0.29998254256878787
0.2999888272440256
0.2999937153247684
0.2999972068110033
0.2999993017027553
0.2999999999999999
0.0
1.7457431218879386e-07
6.982972487551754e-07
1.571168809699145e-06
2.7931889950207017e-06
4.364357804719846e-06
6.28467523879658e-06
8.554141297250902e-06
1.1172755980082812e-05
1.414051928729231e-05
1.7457431218879393e-05
2.112349177484407e-05
2.513870095518633e-05
2.950305875990618e-05
3.4216565189003616e-05
3.927922024247864e-05
4.469102392033126e-05
5.045197622256146e-05
5.6562077149169247e-05
6.302132670015462e-05
6.982972487551757e-05
7.698727167525811e-05
8.449396709937625e-05
9.234981114787194e-05
0.00010055480382074525
0.00010910894511799611
0.0001180122350396246
0.00012726467358563067
0.00013686626075601427
0.00014681699655077555
0.00015711688096991435
0.00016776591401343073
0.00017876409568132477
0.00019011142597359632
0.0002018079048902455
0.00021385353243127223
0.00022624830859667658
0.0002389922333864585
0.000252085306800618
0.0002655275288391551
0.00027931889950206986
0.00029345941878936217
0.0003079490867010321
0.0003227879032370796
0.00033797586839750475
0.0003535129821823074
0.00036939924459148765
0.0003856346556250456
0.000402219215282981
0.000419152923565294
0.00043643578047198467
0.0014306166367323585
0.002424797492992732
0.003418978349253104
0.0044131592055134785
0.005407340061773852
0.006401520918034226
0.007395701774294598
0.00838988263055497
0.009384063486815346
0.010378244343075717
0.011372425199336091
0.012366606055596465
0.013360786911856838
0.014354967768117212
0.015349148624377586
0.01634332948063796
0.017337510336898333
0.0183316911931587
0.01932587204941908
0.020320052905679453
0.021314233761939822
0.0223084146182002
0.02330259547446057
0.024296776330720943
0.025290957186981322
0.02628513804324169
0.027279318899502063
0.02827349975576244
0.02926768061202281
0.030261861468283184
0.031256042324543556
0.03225022318080393
0.03324440403706431
0.034238584893324674
0.03523276574958506
0.036226946605845425
0.037221127462105805
0.03821530831836617
0.03920948917462654
0.04020367003088692
0.04119785088714729
0.04219203174340767
0.04318621259966803
0.04418039345592841
0.045174574312188784
0.04616875516844916
0.04716293602470953
0.04815711688096991
0.04915129773723027
0.05014547859349065
0.051139659449751025
0.052133840306011404
0.05312802116227178
0.05412220201853214
0.055116382874792515
0.05611056373105289
0.057104744587313266
0.05809892544357364
0.05909310629983401
0.060087287156094384
0.06108146801235476
0.06207564886861513
0.0630698297248755
0.06406401058113588
0.06505819143739625
0.06605237229365664
0.067046553149917
0.06804073400617737
0.06903491486243774
0.07002909571869811
0.07102327657495851
0.07201745743121886
0.07301163828747924
0.07400581914373962
0.07499999999999998
0.07599418085626036
0.07698836171252074
0.07798254256878111
0.07897672342504149
0.07997090428130187
0.08096508513756222
0.0819592659938226
0.08295344685008299
0.08394762770634334
0.08494180856260372
0.08593598941886409
0.08693017027512445
0.08792435113138483
0.08891853198764518
0.08991271284390555
0.0909068937001659
0.09190107455642628
0.09289525541268666
0.093889436268947
0.09488361712520738
0.09587779798146773
0.0968719788377281
0.09786615969398849
0.09886034055024881
0.09985452140650919
0.10084870226276955
0.10184288311902992
0.10283706397529029
0.10383124483155065
0.104825425687811
0.10581960654407135
0.10681378740033175
0.10780796825659211
0.10880214911285246
0.10979632996911283
0.11079051082537317
0.11178469168163356
0.11277887253789391
0.11377305339415428
0.11476723425041467
0.115761415106675
0.11675559596293537
0.11774977681919573
0.11874395767545609
0.11973813853171647
0.12073231938797684
0.12172650024423719
0.12272068110049757
0.1237148619567579
0.12470904281301828
0.12570322366927864
0.12669740452553901
0.12769158538179934
0.12868576623805975
0.12967994709432012
0.13067412795058045
0.13166830880684083
0.13266248966310124
0.13365667051936153
0.1346508513756219
0.13564503223188226
0.13663921308814267
0.13763339394440302
0.1386275748006634
0.13962175565692375
0.14061593651318408
0.14161011736944445
0.14260429822570483
0.14359847908196519
0.1445926599382256
0.14558684079448592
0.1465810216507463
0.14757520250700665
0.148569383363267
0.14956356421952738
0.14958084707643454
0.14959778078471936
0.1496143653443742
0.1496306007554114
0.14964648701781863
0.1496620241316036
0.1496772120967632
0.14969205091330054
0.14970654058121097
0.1497206811005007
0.14973447247116045
0.1497479146932026
0.14976100776661314
0.14977375169140608
0.14978614646756902
0.1497981920951113
0.14980988857402663
0.1498212359043197
0.14983223408598742
0.1498428831190329
0.14985318300345146
0.14986313373924623
0.14987273532641565
0.14988198776496275
0.14989089105488454
0.14989944519618253
0.1499076501888536
0.14991550603290243
0.1499230127283259
0.1499301702751271
0.14993697867330139
0.14994343792285345
0.14994954802377858
0.14995530897607834
0.14996072077975897
0.14996578343481115
0.14997049694124104
0.14997486129904405
0.14997887650822636
0.14998254256878019
0.14998585948071488
0.14998882724401957
0.14999144585870353
0.14999371532476216
0.14999563564219695
0.14999720681100642
0.14999842883119208
0.1499993017027508
0.14999982542568882
0.14999999999999997
-0.45
-0.4500003491486244
-0.4500013965944975
-0.4500031423376194
-0.45000558637799004
-0.45000872871560943
-0.4500125693504776
-0.4500171082825945
-0.4500223455119602
-0.4500282810385746
-0.4500349148624378
-0.4500422469835497
-0.45005027740191045
-0.4500590061175198
-0.45006843313037803
-0.45007855844048494
-0.45008938204784066
-0.4501009039524451
-0.4501131241542983
-0.4501260426534004
-0.45013965944975104
-0.45015397454335054
-0.45016898793419874
-0.45018469962229574
-0.4502011096076415
-0.450218217890236
-0.45023602447007927
-0.45025452934717125
-0.45027373252151204
-0.4502936339931016
-0.4503142337619399
-0.4503355318280269
-0.45035752819136265
-0.45038022285194723
-0.4504036158097805
-0.45042770706486257
-0.4504524966171934
-0.45047798446677295
-0.45050417061360126
-0.4505310550576783
-0.4505586377990042
-0.45058691883757873
-0.4506158981734021
-0.4506455758064742
-0.45067595173679503
-0.4507070259643646
-0.45073879848918297
-0.45077126931125017
-0.450804438430566
-0.4508383058471306
-0.45087287156094397
-0.4528612332734647
-0.45484959498598554
-0.45683795669850624
-0.458826318411027
-0.46081468012354776
-0.46280304183606846
-0.4647914035485893
-0.46677976526111
-0.46876812697363074
-0.4707564886861515
-0.4727448503986722
-0.474733212111193
-0.4767215738237137
-0.4787099355362345
-0.48069829724875524
-0.482686658961276
-0.4846750206737968
-0.48666338238631746
-0.4886517440988382
-0.490640105811359
-0.49262846752387973
-0.4946168292364005
-0.49660519094892125
-0.49859355266144195
-0.5005819143739627
-0.5025702760864835
-0.5045586377990042
-0.5065469995115249
-0.5085353612240457
-0.5105237229365664
-0.5125120846490873
-0.514500446361608
-0.5164888080741288
-0.5184771697866495
-0.5204655314991702
-0.522453893211691
-0.5244422549242117
-0.5264306166367326
-0.5284189783492532
-0.5304073400617739
-0.5323957017742947
-0.5343840634868154
-0.5363724251993363
-0.538360786911857
-0.5403491486243777
-0.5423375103368985
-0.5443258720494192
-0.5463142337619401
-0.5483025954744607
-0.5502909571869815
-0.5522793188995022
-0.554267680612023
-0.5562560423245437
-0.5582444040370644
-0.5602327657495852
-0.562221127462106
-0.5642094891746269
-0.5661978508871476
-0.5681862125996682
-0.570174574312189
-0.5721629360247097
-0.5741512977372305
-0.5761396594497512
-0.5781280211622719
-0.5801163828747927
-0.5821047445873134
-0.5840931062998344
-0.586081468012355
-0.5880698297248756
-0.5900581914373965
-0.5920465531499173
-0.594034914862438
-0.5960232765749587
-0.5980116382874795
-0.6000000000000002
-0.601988361712521
-0.6039767234250418
-0.6059650851375624
-0.6079534468500832
-0.609941808562604
-0.6119301702751248
-0.6139185319876455
-0.6159068937001663
-0.617895255412687
-0.6198836171252077
-0.6218719788377286
-0.6238603405502493
-0.6258487022627699
-0.6278370639752906
-0.6298254256878114
-0.6318137874003321
-0.6338021491128528
-0.6357905108253736
-0.6377788725378943
-0.639767234250415
-0.6417555959629359
-0.6437439576754566
-0.6457323193879773
-0.647720681100498
-0.6497090428130187
-0.6516974045255395
-0.6536857662380602
-0.6556741279505809
-0.6576624896631016
-0.6596508513756223
-0.661639213088143
-0.6636275748006639
-0.6656159365131845
-0.6676042982257053
-0.669592659938226
-0.6715810216507467
-0.6735693833632674
-0.6755577450757881
-0.677546106788309
-0.6795344685008298
-0.6815228302133505
-0.6835111919258713
-0.6854995536383919
-0.6874879153509126
-0.6894762770634333
-0.6914646387759541
-0.6934530004884748
-0.6954413622009955
-0.6974297239135162
-0.699418085626037
-0.7014064473385578
-0.7033948090510785
-0.7053831707635991
-0.7073715324761198
-0.7093598941886406
-0.7113482559011612
-0.7133366176136821
-0.7153249793262029
-0.7173133410387236
-0.7193017027512443
-0.7212900644637651
-0.7232784261762858
-0.7252667878888065
-0.7272551496013272
-0.7292435113138479
-0.7312318730263686
-0.7332202347388894
-0.7352085964514101
-0.7371969581639308
-0.7391853198764516
-0.7411736815889722
-0.7431620433014932
-0.7451504050140139
-0.7471387667265345
-0.7491271284390553
-0.7491616941528696
-0.7491955615694392
-0.749228730688749
-0.7492612015108233
-0.7492929740356379
-0.7493240482632078
-0.7493544241935268
-0.7493841018266016
-0.7494130811624226
-0.7494413622010019
-0.7494689449423213
-0.7494958293864056
-0.7495220155332267
-0.7495475033828127
-0.7495722929351385
-0.7495963841902231
-0.7496197771480537
-0.7496424718086399
-0.7496644681719753
-0.7496857662380663
-0.7497063660069034
-0.7497262674784929
-0.7497454706528317
-0.749763975529926
-0.7497817821097696
-0.7497988903923656
-0.7498153003777077
-0.7498310120658054
-0.7498460254566522
-0.7498603405502546
-0.7498739573466033
-0.7498868758457073
-0.7498990960475576
-0.7499106179521572
-0.7499214415595185
-0.7499315668696227
-0.7499409938824827
-0.7499497225980887
-0.7499577530164532
-0.7499650851375609
-0.7499717189614303
-0.7499776544880397
-0.7499828917174076
-0.7499874306495248
-0.7499912712843944
-0.7499944136220134
-0.7499968576623846
-0.7499986034055021
-0.7499996508513782
-0.7500000000000004
