-0.4929580441044542
-0.49295653360083025
-0.4929520020824181
-0.4929444495265968
-0.49293387589566606
-0.49292028113685005
-0.4929036651822986
-0.49288402794909425
-0.49286136933925556
-0.49283568923974497
-0.4928069875224748
-0.4927752640443182
-0.49274051864711543
-0.4927027511576869
-0.4926619613878428
-0.492618149134397
-0.49257131417917827
-0.49252145628904737
-0.49246857521591164
-0.49241267069673883
-0.49235374245357866
-0.4922917901935775
-0.49222681360900006
-0.49215881237724857
-0.4920877861608844
-0.49201373460765074
-0.4919366573504953
-0.49185655400759576
-0.4917734241823825
-0.49168726746356783
-0.49159808342517214
-0.4915058716265513
-0.491410631612427
-0.4913123629129166
-0.4912110650435645
-0.4911067375053736
-0.4909993797848397
-0.4908889913539848
-0.49077557167039293
-0.4906591201772453
-0.49053963630335845
-0.49041711946322164
-0.49029156905703697
-0.49016298447075773
-0.4900313650761313
-0.4898967102307406
-0.48975901927804605
-0.48961829154743114
-0.4894745263542467
-0.48932772299985694
-0.4891778807716864
-0.48053820183531293
-0.4718599547810606
-0.46314465245726183
-0.4543937980303042
-0.44560888374630586
-0.4367913897404715
-0.42794278289549326
-0.4190645157501482
-0.41015802545901925
-0.4012247328040692
-0.3922660412585857
-0.3832833361038219
-0.3742779835984778
-0.3652513302009753
-0.35620470184432845
-0.347139403263233
-0.3380567173728671
-0.32895790469874037
-0.3198442028568112
-0.3107168260829685
-0.3015769648108663
-0.29242578529699875
-0.28326442929182266
-0.2740940137556494
-0.264915630617962
-0.2557303465787545
-0.2465392029504432
-0.23734321553884777
-0.2281433745617234
-0.21894064460328472
-0.20973596460314944
-0.2005302478781274
-0.19132438217525605
-0.1821192297545125
-0.17291562749960648
-0.1637143870553079
-0.15451629498974873
-0.14532211298017259
-0.1361325780206443
-0.12694840265022625
-0.11777027520020485
-0.10859886005894429
-0.0994347979530106
-0.09027870624323024
-0.08113117923440216
-0.07199278849741335
-0.06286408320255947
-0.05374559046290819
-0.04463781568660118
-0.03554124293701496
-0.02645633529977443
-0.017383535255626914
-0.008323265058257541
0.0007240728838478448
0.00975809562233063
0.018778439281477127
0.027784758669085873
0.03677672688638736
0.045754034937704725
0.05471639134047131
0.06366352173620998
0.07259516850302328
0.08151109037011836
0.09041106203484538
0.09929487378270187
0.10816233111071707
0.11701325435460486
0.1258474783200331
0.1346648519183454
0.14346523780701806
0.15224851203513762
0.1610145636941357
0.16976329457400827
0.17849461882521295
0.1872084626264261
0.1959047638583162
0.20458347178346703
0.2132445467325764
0.22188795979702727
0.2305136925279179
0.2391217366416263
0.2477120937319617
0.2562847749889454
0.2648398009242595
0.2733772011033739
0.28189701388436983
0.290399286163452
0.29888407312714554
0.30735143801115716
0.31580145186587466
0.32423419332847453
0.3326497484015985
0.3410482102385514
0.34942967893497784
0.35779426132695696
0.3661420707954593
0.37447322707710695
0.3827878560811691
0.39108608971272557
0.3993680657019319
0.4076339274393105
0.41588382381699773
0.4241179090758734
0.43233634265849397
0.44053928906775974
0.44872691773123646
0.4568994028710581
0.4650569233793331
0.47319966269898706
0.48132780870995884
0.489441553620685
0.4975410938647991
0.5056266300029749
0.513698366629852
0.5217565122859671
0.5298012793746404
0.5378328840837464
0.5458515463123094
0.5538574896018793
0.5618509410726155
0.5698321313640434
0.5778012945804308
0.5857586682407353
0.5937044932330853
0.601639013773759
0.6095624773706187
0.6174751347909794
0.6253772400338764
0.6332690503067151
0.6411508260062785
0.6490228307040823
0.6568853311360678
0.6647385971966188
0.6725829019369112
0.6804185215675984
0.6882457354658295
0.6960648261866308
0.7038760794786579
0.7116797843043529
0.7194762328645248
0.727265720627407
0.7350485463622191
0.7428250121772935
0.7505954235628175
0.7583600894382609
0.7661193222045489
0.7738734378010764
0.7816227557676272
0.7893675993113196
0.797108295378662
0.7972428250553898
0.7973746358437656
0.7975037278137197
0.7976301010337299
0.7977537555704856
0.7978746914892444
0.797992908853604
0.7981084077256416
0.7982211881658163
0.7983312502331233
0.7984385939848964
0.7985432194771069
0.7986451267639981
0.7987443158985174
0.7988407869318972
0.798934539914045
0.7990255748932529
0.7991138919164157
0.7991994910288915
0.7992823722746174
0.7993625356960082
0.7994399813340825
0.7995147092283736
0.7995867194170082
0.7996560119366274
0.7997225868224768
0.7997864441083394
0.7998475838266387
0.7999060060083217
0.799961710682973
0.8000146978787115
0.8000649676223258
0.800112519939135
0.8001573548531145
0.8001994723868843
0.8002388725615586
0.8002755553969898
0.800309520911567
0.800340769122385
0.8003693000450585
0.8003951136939637
0.8004182100819478
0.8004385892206516
0.80045625112024
0.8004711957895633
0.8004834232360853
0.8004929334659336
0.8004997264838387
0.8005038022932451
0.8005051608961424
0.2199080100997764
0.2199081256690284
0.21990847238873065
0.2199090502947238
0.21990985944673908
0.21991089992839982
0.21991217184721754
0.2199136753345902
0.21991541054579858
0.21991737766000202
0.21991957688023547
0.21992200843340345
0.21992467257027434
0.219927569565475
0.21993069971748336
0.21993406334862198
0.2199376608050492
0.21994149245675157
0.21994555869753443
0.21994985994501193
0.21995439664059702
0.2199591692494915
0.21996417826067338
0.21996942418688634
0.21997490756462584
0.21998062895412696
0.21998658893934964
0.2199927881279666
0.21999922715134626
0.22000590666453798
0.22001282734625702
0.22001998989886737
0.2200273950483636
0.2200350435443551
0.22004293616004658
0.22005107369221938
0.22005945696121218
0.22006808681090134
0.2200769641086798
0.2200860897454364
0.2200954646355334
0.22010508971678605
0.2201149659504373
0.22012509432113653
0.22013547583691412
0.22014611152915808
0.22015700245258862
0.22016814968523213
0.22017955432839467
0.22019121750663675
0.22020314036774438
0.22092149349707807
0.22170314583195413
0.22254722695292714
0.22345288048634057
0.22441926384991764
0.2254455480079506
0.2265309172355604
0.2276745688915134
0.2288757131991242
0.2301335730347935
0.23144738372375764
0.23281639284265457
0.23423986002852804
0.23571705679391866
0.23724726634771182
0.2388297834214286
0.2404639141006671
0.24214897566141697
0.24388429641099404
0.24566921553334375
0.24750308293849266
0.24938525911593123
0.2513151149917269
0.2532920317891829
0.25531540089286237
0.25738462371581855
0.2594991115698734
0.2616582855388033
0.26386157635429724
0.26610842427455933
0.26839827896544655
0.2707305993840227
0.27310485366443665
0.2755205190060249
0.27797708156355416
0.2804740363395195
0.2830108870784272
0.28558714616298825
0.28820233451216054
0.29085598148098
0.2935476247621238
0.29627681028915664
0.29904309214141256
0.30184603245047126
0.30468520130818544
0.307560176676228
0.31047054429712184
0.31341589760672733
0.31639583764815293
0.3194099729870746
0.3224579196284287
0.32553930093447064
0.3286537475441736
0.331800897293954
0.33498039513971023
0.33819189308015674
0.34143505008145336
0.34470953200310733
0.3480150115251519
0.3513511680765844
0.35471768776506574
0.35811426330787416
0.3615405939641083
0.36499638546814017
0.368481349964315
0.3719952059428956
0.37553767817725725
0.3791084976623249
0.3827074015542671
0.3863341331114344
0.38998844163655855
0.39367008242020796
0.39737881668550856
0.40111441153413185
0.40487663989355754
0.4086652804656183
0.4124801176763292
0.41632094162701455
0.4201875480467366
0.42407973824603357
0.42799731907198063
0.43194010286458046
0.4359079074144901
0.43990055592210353
0.44391787695799256
0.44795970442472377
0.4520258775200594
0.45611624070156104
0.4602306436526032
0.46436894124981737
0.4685309935319774
0.47271666567034404
0.476925827940486
0.48115835569559245
0.4854141293412976
0.48969303431203615
0.49399496104894736
0.4983198049793531
0.5026674664978271
0.5070378509488823
0.5114308686112968
0.5158464346841075
0.5202844692742953
0.5247448973861907
0.5292276489126263
0.533732658627873
0.5382598661823831
0.5428092160993799
0.5473806577733294
0.5519741454703241
0.5565896383304256
0.561227100372001
0.5658865004980963
0.5705678125048954
0.575271015092302
0.5799960918767049
0.58474303140597
0.589511827176713
0.594302477653916
0.5991149862929368
0.6039493615639837
0.6088056169791145
0.6136837711218293
0.618583847679332
0.6235058754775314
0.6284498885188686
0.6334159260230451
0.6384040324707465
0.6434142576504541
0.6484466567084343
0.653501290202017
0.6585782241562653
0.663677530124148
0.6687992852503388
0.6739435723387659
0.6791104799240374
0.6843001023468905
0.689512539833806
0.6947478985809405
0.7000062908425426
0.70528783502402
0.7105926557798412
0.7159208841164608
0.7212726575004662
0.7266481199721654
0.732047422264828
0.7374707219298298
0.742918183467935
0.7483899784669936
0.7538862857463252
0.7539820515066711
0.7540758898453037
0.75416780031982
0.7542577824969553
0.7543458359523411
0.7544319602707588
0.7545161550459748
0.7545984198808394
0.7546787543872151
0.7547571581860855
0.7548336309074125
0.7549081721903496
0.7549807816829784
0.7550514590426171
0.7551202039355195
0.7551870160371515
0.7552518950319835
0.7553148406136464
0.7553758524848286
0.7554349303573588
0.7554920739521315
0.7555472829991992
0.7556005572377044
0.7556518964159366
0.7557013002912745
0.7557487686302506
0.755794301208501
0.7558378978108397
0.7558795582311726
0.7559192822725804
0.7559570697472423
0.7559929204765333
0.7560268342909239
0.7560588110300687
0.7560888505427988
0.7561169526870133
0.7561431173298518
0.756167344347553
0.7561896336255716
0.7562099850584479
0.7562283985499781
0.756244874013009
0.7562594113696647
0.7562720105511564
0.7562826714978975
0.7562913941594497
0.7562981784945613
0.7563030244711221
0.7563059320662436
0.7563069012661372
0.7654280784292153
0.7654264468727824
0.7654215522065384
0.7654133944396511
0.7654019735873987
0.7653872896711752
0.7653693427184899
0.7653481327629725
0.7653236598443762
0.7652959240085815
0.7652649253076033
0.7652306637995944
0.7651931395488546
0.7651523526258358
0.7651083031071514
0.7650609910755852
0.7650104166200988
0.764956579835845
0.7648994808241749
0.7648391196926525
0.7647754965550646
0.7647086115314361
0.7646384647480402
0.7645650563374171
0.764488386438385
0.7644084551960574
0.76432526276186
0.7642388092935478
0.7641490949552211
0.764056119917346
0.7639598843567732
0.7638603884567571
0.7637576324069775
0.7636516164035594
0.7635423406490965
0.7634298053526736
0.7633140107298895
0.7631949570028813
0.7630726444003502
0.7629470731575853
0.7628182435164903
0.7626861557256127
0.7625508100401686
0.7624122067220723
0.7622703460399658
0.7621252282692469
0.7619768536921027
0.7618252225975376
0.7616703352814073
0.7615121920464509
0.7613507932023245
0.7520752901612296
0.7428178563022548
0.7335795831733105
0.72436157178752
0.7151649319401324
0.7059907815029671
0.6968402456971778
0.6877144563451922
0.6786145511027659
0.6695416726721602
0.6604969679975251
0.6514815874436427
0.6424966839592526
0.6335434122262487
0.6246229277960946
0.6157363862148806
0.606884942138475
0.5980697484393062
0.5892919553063309
0.5805527093398124
0.571853152642548
0.5631944219092403
0.5545776475157187
0.5460039526097438
0.5374744522051517
0.5289902522810922
0.5205524488881268
0.5121621272629582
0.5038203609535269
0.4955282109562331
0.4872867248669901
0.4790969360478001
0.47095986281051394
0.4628765076193809
0.4548478563139675
0.4468748773539566
0.43895852108728595
0.431099719043028
0.42329938325033206
0.4155584055846927
0.407877657142715
0.4002579876464776
0.39270022487850836
0.38520517414828975
0.3777736177911357
0.370406314700172
0.36310399989207
0.35586738410708213
0.3486971534438259
0.3415939690291729
0.33455846672349454
0.32759125686142443
0.3206929240281915
0.3138640268714961
0.3071050979487908
0.3004166436097488
0.29379914391361145
0.2872530525810089
0.28077879697978103
0.274376778144236
0.26804737082720237
0.2617909235841775
0.2556077588887826
0.24949817327869422
0.2434624375311423
0.2375007968670296
0.23161347118266273
0.22580065530804702
0.22006251929066145
0.21439920870358392
0.20881084497681945
0.20329752575065102
0.19785932524981287
0.19249629467727788
0.18720846262642632
0.18199583551037252
0.17685839800720923
0.17179611351994165
0.1668089246498854
0.16189675368230957
0.15705950308312297
0.15229705600542015
0.14760927680471564
0.14299601156172576
0.1384570886115776
0.13399231907835688
0.12960149741392754
0.1252844019400031
0.12104079539246847
0.11687042546698952
0.11277302536499721
0.10874831433915079
0.10479599823744035
0.10091577004511361
0.09710731042366817
0.09337028824617566
0.08970436112825105
0.08610917595402513
0.08258436939650833
0.07912956843178087
0.07574439084648675
0.07242844573813609
0.06918133400777336
0.06600264884459432
0.06289197620213945
0.059848895265723706
0.05687297891079665
0.053963794151964825
0.05112090258243537
0.04834386080367463
0.04563222084510826
0.04298553057371041
0.040403334093367896
0.0378851721339208
0.035430582429816226
0.03303910008833112
0.030710257947337945
0.028443586922623262
0.0262386163447707
0.024094874285653163
0.02201188787459218
0.019989183604255438
0.018026287626386014
0.0161227260374655
0.014278025154427668
0.012491711780553473
0.010763313461689229
0.009092358732936285
0.007478377355972445
0.005920900547177516
0.004419461196732224
0.0029735940788812244
0.0015828360535379102
0.00024672625943653444
-0.0010351937009824158
-0.002263379584743907
-0.0034382843393674194
-0.0045603579415431465
-0.00563004724325354
-0.006647795825121968
-0.007614043856782489
-0.008529227964060871
-0.009393781102753688
-0.010208132438795025
-0.010972707234601874
-0.011687926741392825
-0.012354208097266305
-0.012971964230840466
-0.013541603770247606
-0.014063530957281823
-0.014072184606682626
-0.014080649569311423
-0.014088926695980067
-0.014097016819771997
-0.014104920756030963
-0.014112639302396335
-0.014120173238799065
-0.014127523327481002
-0.014134690313000872
-0.01414167492225411
-0.014148477864468307
-0.014155099831235637
-0.014161541496496559
-0.014167803516578457
-0.014173886530177001
-0.014179791158390074
-0.014185518004709182
-0.014191067655039902
-0.014196440677702234
-0.014201637623446721
-0.014206659025453686
-0.014211505399350325
-0.014216177243212232
-0.014220675037573838
-0.01422499924543201
-0.014229150312257013
-0.014233128665995042
-0.014236934717079708
-0.014240568858432539
-0.014244031465473197
-0.014247322896119786
-0.0142504434908025
-0.014253393572457673
-0.014256173446542677
-0.014258783401038193
-0.014261223706442415
-0.01426349461579065
-0.014265596364647639
-0.014267529171118324
-0.014269293235841635
-0.01427088874200734
-0.014272315855341737
-0.014273574724128478
-0.014274665479194648
-0.014275588233922918
-0.014276343084247268
-0.014276930108660171
-0.014277349368206595
-0.014277600906493956
-0.01427768474968207
