-8.084651951128446
-8.115650111863054
-8.13429557594965
-8.14062185263642
-8.134656255982383
-8.116419948312615
-8.08592798190461
-8.043189338991995
-7.9882069701920955
-7.9209778314816255
-7.84149291986407
-7.749737307893389
-7.6456901772375705
-7.529324851487663
-7.400608828439122
-7.259503812096257
-7.1059657446727496
-6.93994483888835
-6.761385610886238
-6.570226914124721
-6.366401974625553
-6.149838427991959
-5.9204583586427475
-5.678178341742701
-5.422909488346676
-5.154557494313373
-4.873022693585298
-4.578200116476179
-4.269979553651689
-3.9482456265381796
-3.6128778649469506
-3.2637507927544522
-2.9007340225359446
-2.5236923601129373
-2.132485920035542
-1.7269702530899291
-1.3069964869911335
-0.8724114814944066
-0.42305799923759757
0.04122510629422216
0.5206026842043787
1.0152430594562034
1.5253177843248906
2.0510013662787205
2.5924709704423528
3.1499060946934723
3.7234882153407796
4.313400401228238
4.919826894000208
5.542952652156439
-9.464150140894642
-9.438786182269766
-9.416592077608026
-9.3976815453964
-9.382168857044007
-9.370168565889069
-9.361795215694672
-9.357163028446966
-9.356385571392448
-9.359575403386643
-9.36684370077455
-9.37829986318409
-9.394051099786392
-9.414201996761312
-9.438854066901037
-9.46810528248944
-9.502049592807015
-9.540776427830593
-9.58437018992123
-9.63290973551963
-9.686467849096491
-9.745110711828794
-9.80889736769348
-9.877879189881419
-9.952099350634576
-10.031592297795457
-10.116383241525813
-10.206487654797535
-10.301910791380976
-10.402647225149256
-10.508680414579093
-10.61998229635735
-10.736512911992822
-10.858220071285093
-10.985039056412605
-11.116892370269916
-11.253689532508936
-11.39532692651909
-11.541687700319207
-11.692641724028242
-11.848045606236571
-12.007742771215767
-12.17156359848543
-12.339325625805877
-12.51083381618848
-12.685880889016552
-12.86424771485524
-13.045703773003584
-13.23000767031301
-13.41690771927053
-13.606142572827832
-13.797441912956735
-13.990527189433292
-14.18511240490356
-14.38090494186955
-14.577606426860058
-14.774913626722258
-14.97251937169103
-15.170113499666847
-15.367383815963263
-15.56401706267238
-15.759699891743438
-15.954119835874799
-16.146966271383093
-16.33793136733385
-16.526711015391598
-16.713005735073658
-16.896521549364248
-17.076970825961645
-17.254073079785304
-17.427555732756552
-17.59715482728143
-17.762615690300184
-17.923693545220093
-18.08015406951094
-18.231773896209187
-18.37834105804312
-18.51965537335082
-18.655528773412314
-18.785785571250504
-18.91026267236971
-19.02880972829237
-19.141289234119014
-19.247576571674774
-19.347560000110974
-19.44114059610568
-19.528232146049042
-19.608760992806694
-19.682665839830605
-19.74989751552743
-19.810418700904805
-19.864203623593866
-19.911237721393988
-19.951517278506664
-19.985049037617785
-20.011849790956866
-20.031945953407885
-20.045373120672604
-20.052175615394574
-20.052406024045027
-20.04612472724925
-20.033399426100246
-20.0143046668627
-19.98892136632234
-19.957336339879543
-19.919641834327912
-19.875935067098474
-19.82631777358854
-19.77089576403567
-19.709778491238502
-19.64307863027343
-19.570911671205756
-19.493395525650016
-19.410650147895733
-19.322797171183275
-19.229959559589318
-19.132261275864654
-19.029826965456586
-18.922781656846652
-18.811250478240083
-18.695358390556855
-18.575229936595463
-18.450989006170097
-18.322758616957096
-18.190660710730803
-18.05481596461931
-17.91534361696633
-17.772361307350074
-17.62598493027729
-17.476328502046364
-17.32350404025184
-17.167621455387838
-17.00878845399575
-16.847110452794723
-16.68269050322968
-16.51562922587083
-16.34602475410136
-16.173972686535457
-15.99956604761547
-15.82289525584718
-15.644048099142767
-15.463109716754161
-15.280162587292681
-15.095286522346342
-14.908558665221127
-14.720053494349314
-14.529842830923661
-14.337995850334059
-14.14457909699895
-13.94965650220141
-103.37995146183312
-103.13779917379406
-102.90090397685229
-102.66929006008323
-102.44297563071926
-102.22197336727278
-102.00629084754677
-101.79593095276107
-101.59089224897386
-101.39116934692416
-101.19675324137174
-101.00763163096244
-100.82378921959659
-100.64520800023398
-100.4718675220213
-100.30374514158497
-100.14081625928875
-99.98305454121476
-99.83043212758615
-99.68291982831168
-99.54048730629431
-99.40310324911162
-99.27073552964058
-99.14335135616605
-99.02091741248178
-98.90339998846105
-98.79076510154589
-98.68297860957554
-98.58000631534748
-98.48181406328042
-98.3883678285216
-98.29963379881953
-98.21557844945916
-98.1361686115356
-98.06137153382174
-97.99115493846462
-97.92548707072726
-97.86433674297345
-97.8076733730754
-97.75546701740832
-97.70768839857713
-97.66430892800787
-97.62530072351791
-97.59063662196664
-97.56029018707241
-97.53423571246768
-97.5124482200515
-97.49490345368375
-97.48157786825324
-97.47244861413878
-97.46749351706899
