0.9037667773297633
0.903721277659764
0.9035847746281408
0.9033572561689444
0.9030387021686931
0.9026290844610341
0.9021283668193025
0.9015365049469984
0.9008534464662249
0.9000791309041294
0.8992134896774022
0.8982564460748934
0.8972079152384228
0.8960678041418576
0.8948360115685513
0.8935124280872407
0.8920969360265106
0.8905894094479442
0.888989714118089
0.8872977074793763
0.8855132386201501
0.8836361482439645
0.8816662686383234
0.879603423643056
0.8774474286185238
0.8751980904138759
0.8728552073355828
0.8704185691164895
0.8678879568856533
0.8652631431392365
0.8625438917127513
0.8597299577549719
0.8568210877038355
0.8538170192646953
0.8507174813912837
0.8475221942697944
0.8442308693064866
0.840843209119263
0.837358907533682
0.8337776495839007
0.8300991115190695
0.8263229608157303
0.8224488561968002
0.8184764476577551
0.8144053765006622
0.8102352753767524
0.805965768338243
0.801596470900188
0.7971269901131491
0.7925569246475404
0.7878858648905395
0.7768495752364424
0.7657752688108476
0.7546629373347767
0.7435125949138424
0.7323242787945276
0.7210980501357516
0.7098339947951932
0.6985322241297698
0.6871928758096076
0.6758161146447529
0.6644021334237941
0.6529511537634872
0.6414634269683728
0.6299392348992916
0.6183788908496065
0.606782740427831
0.5951511624452639
0.5834845698071198
0.5717834104055327
0.560048168012693
0.5482793631722569
0.5364775540870521
0.524643337500968
0.5127773495728047
0.5008802667397112
0.48895280656772966
0.47699572858681955
0.46500983510760496
0.4529959720169694
0.4409550295494784
0.4288879430314911
0.4167956935946957
0.4046793088556837
0.39253986355805737
0.38037848017345915
0.36819632945780384
0.3559946309589033
0.34377465347157815
0.331537715436286
0.31928518527721816
0.30701848167577706
0.29473907377530084
0.2824484813128844
0.2701482746741416
0.25784007486676724
0.24552555340879456
0.23320643212749906
0.2208844828649789
0.2085615270865507
0.1962394353882228
0.18392012689967252
0.17160556857933346
0.159297774398413
0.146998804410911
0.13471076370697313
0.1224358012472281
0.11017610857608573
0.09793391841234952
0.0857115031158808
0.07351117302949761
0.061335274695733105
0.04918618894857313
0.037066328880803544
0.024978137688135164
0.012924086391828585
0.0009066714421357013
-0.011071587794544535
-0.023008151661275338
-0.034900462944817086
-0.04674594971372122
-0.05854202825488567
-0.0702861061025427
-0.08197558515303364
-0.09360786485811393
-0.10518034548893661
-0.11669043146230004
-0.12813553472019976
-0.1395130781532166
-0.150820499057806
-0.16205525261712794
-0.1732148153946783
-0.1842966888296631
-0.19529840272278862
-0.20621751870094307
-0.21705163364910274
-0.22779838309773312
-0.23845544455395176
-0.24902054076480568
-0.25949144290115667
-0.26986597365089565
-0.2801420102105103
-0.2903174871643975
-0.3003903992417538
-0.31035880394139725
-0.32022082401543817
-0.32997464980336805
-0.3396185414088171
-0.3491508307119894
-0.35856992321155584
-0.3678742996906392
-0.3770625177023609
-0.38613321287131597
-0.3950851000082485
-0.40391697403609633
-0.4126277107265013
-0.42121626724678124
-0.4296816825182558
-0.43802307738769114
-0.4462396546144796
-0.45433069867698306
-0.4622955754022395
-0.47013373142397114
-0.47784469347450786
-0.48542806751686574
-0.4928835377237993
-0.5002108653111498
-0.5074098872332671
-0.5144805147486644
-0.5214227318643901
-0.5282365936678675
-0.5349222245551314
-0.541479816364545
-0.5479096264251432
-0.5542119755287617
-0.5603872458350811
-0.5664358787186229
-0.5723583725665816
-0.5781552805362102
-0.5838272082802365
-0.5893748116485302
-0.5947987943739432
-0.600099905749919
-0.6052789383071203
-0.6103367254959495
-0.615274139381451
-0.6200920883566873
-0.6247915148802672
-0.6293733932432916
-0.6338387273705717
-0.6381885486605446
-0.6424239138679164
-0.6465459030326433
-0.6505556174584685
-0.6544541777438482
-0.6582427218677205
-0.6619224033322132
-0.6654943893640367
-0.6689598591759822
-0.6723200022896335
-0.6755760169200974
-0.6769263288738061
-0.6782314803617747
-0.6794926505492324
-0.6807109857091299
-0.6818875997268938
-0.6830235746007498
-0.6841199609367372
-0.6851777784376109
-0.6861980163849231
-0.6871816341136158
-0.6881295614785543
-0.6890426993124644
-0.6899219198748137
-0.6907680672912053
-0.6915819579829297
-0.6923643810863348
-0.6931160988617314
-0.6938378470915878
-0.694530335467789
-0.6951942479677838
-0.695830243219453
-0.6964389548545722
-0.6970209918507562
-0.697576938861795
-0.6981073565363148
-0.698612781824705
-0.6990937282742675
-0.69955068631258
-0.6999841235190298
-0.7003944848845381
-0.7007821930594641
-0.7011476485896999
-0.7014912301409817
-0.7018132947114276
-0.7021141778323335
-0.7023941937572598
-0.7026536356394281
-0.7028927756974757
-0.7031118653695909
-0.7033111354560627
-0.7034907962502913
-0.7036510376582736
-0.7037920293066062
-0.7039139206390399
-0.7040168410015983
-0.7041008997162967
-0.7041661861434846
-0.7042127697328192
-0.7042407000629021
-0.7042500068695754
0.7046448628912548
0.7046211284390246
0.7045499325466076
0.7044312976054826
0.7042652609303122
0.7040518747522496
0.7037912062096052
0.7034833373358848
0.7031283650452529
0.7027264011154518
0.7022775721682386
0.7017820196473918
0.7012398997943594
0.700651383621623
0.700016656883855
0.6993359200469634
0.6986093882551141
0.6978372912958327
0.6970198735632983
0.6961573940199342
0.6952501261564203
0.6942983579502506
0.6933023918229604
0.6922625445961627
0.6911791474465246
0.6900525458598311
0.6888830995842768
0.6876711825831346
0.6864171829869528
0.6851215030454331
0.683784559079142
0.682406781431217
0.6809886144192175
0.679530516287288
0.6780329591587808
0.6764964289895093
0.6749214255217786
0.6733084622393571
0.6716580663235431
0.6699707786104802
0.6682471535498745
0.666487759165263
0.6646931770159802
0.6628640021609661
0.6610008431245573
0.659104321864397
0.6571750737415945
0.6552137474932641
0.6532210052075639
0.6511975223013547
0.649143987500586
0.6443505726694949
0.6396224256959478
0.6349594049875047
0.630361378107985
0.6258282214469125
0.6213598198982134
0.6169560665477218
0.6126168623690752
0.6083421159276068
0.6041317430918658
0.5999856667524246
0.5959038165476483
0.5918861285961222
0.5879325452354638
0.5840430147672462
0.5802174912077978
0.5764559340446398
0.5727583079983601
0.5691245827897162
0.5655547329117918
0.5620487374070355
0.5586065796490248
0.5552282471288154
0.5519137312457387
0.5486630271025356
0.5454761333047055
0.5423530517639831
0.5392937875058451
0.5362983484809687
0.5333667453805699
0.5304989914555599
0.5276951023394579
0.5249550958750224
0.5222789919445463
0.5196668123037955
0.517118580419549
0.5146343213107303
0.5122140613931035
0.5098578283275302
0.5075656508717736
0.5053375587358542
0.503173582440954
0.5010737531818797
0.49903810269308985
0.49706666311830305
0.4951594668837024
0.4933165465747523
0.4915379348166537
0.4898236641584565
0.48817376696085796
0.48658827528771403
0.4850672208012874
0.48361063466127185
0.48221854742761255
0.48089098896716054
0.47962798836419285
0.4784295738348258
0.47729577264536077
0.4762266110345867
0.4752221141400758
0.474282305928505
0.47340720913002465
0.4725968451767166
0.4718512341451577
0.47117039470312405
0.470554344060458
0.4700030979241221
0.4695166704574634
0.46909507424370855
0.4687383202537072
0.46844641781794255
0.468219374602822
0.4680571965912623
0.4679598880675761
0.46792745160667276
0.4679598880675761
0.4680571965912623
0.468219374602822
0.4684464178179424
0.46873832025370704
0.46909507424370833
0.4695166704574633
0.4700030979241218
0.47055434406045776
0.4711703947031237
0.47185123414515734
0.4725968451767163
0.4734072091300242
0.47428230592850457
0.47522211414007565
0.4762266110345862
0.47729577264536044
0.4784295738348255
0.4796279883641925
0.48089098896716026
0.48221854742761217
0.48361063466127147
0.4850672208012869
0.4865882752877135
0.4881737669608578
0.48982366415845613
0.49153793481665337
0.493316546574752
0.4951594668837021
0.4970666631183029
0.4990381026930896
0.5010737531818794
0.5031735824409538
0.5053375587358537
0.5075656508717732
0.5098578283275299
0.5122140613931034
0.5146343213107301
0.517118580419549
0.5196668123037955
0.5222789919445463
0.5249550958750223
0.5276951023394579
0.5304989914555599
0.5333667453805699
0.5362983484809687
0.5392937875058451
0.5423530517639831
0.5454761333047056
0.5486630271025358
0.5519137312457391
0.5552282471288157
0.5586065796490252
0.5620487374070359
0.5655547329117924
0.5691245827897171
0.5727583079983608
0.5764559340446405
0.5802174912077988
0.584043014767247
0.5879325452354647
0.5918861285961233
0.5959038165476493
0.5999856667524257
0.6041317430918671
0.6083421159276079
0.6126168623690768
0.6169560665477232
0.6213598198982148
0.6258282214469139
0.6303613781079863
0.6349594049875062
0.6396224256959495
0.6443505726694967
0.6491439875005872
0.6511975223013559
0.6532210052075657
0.6552137474932651
0.6571750737415955
0.6591043218643977
0.6610008431245578
0.6628640021609673
0.6646931770159811
0.6664877591652639
0.6682471535498756
0.6699707786104815
0.6716580663235439
0.6733084622393579
0.674921425521779
0.6764964289895097
0.6780329591587813
0.6795305162872884
0.6809886144192187
0.6824067814312172
0.6837845590791425
0.6851215030454336
0.6864171829869528
0.6876711825831351
0.6888830995842773
0.6900525458598313
0.691179147446526
0.6922625445961628
0.6933023918229607
0.6942983579502506
0.6952501261564202
0.6961573940199347
0.6970198735632991
0.6978372912958327
0.6986093882551145
0.6993359200469635
0.7000166568838548
0.7006513836216229
0.7012398997943586
0.7017820196473923
0.7022775721682385
0.7027264011154513
0.7031283650452533
0.703483337335885
0.7037912062096047
0.7040518747522498
0.7042652609303108
0.7044312976054822
0.704549932546606
0.7046211284390236
0.7046448628912528
-0.7042500068695763
-0.7042407000629024
-0.7042127697328195
-0.7041661861434849
-0.7041008997162974
-0.7040168410015983
-0.7039139206390405
-0.7037920293066061
-0.7036510376582732
-0.7034907962502915
-0.7033111354560629
-0.7031118653695907
-0.7028927756974759
-0.7026536356394283
-0.7023941937572595
-0.7021141778323337
-0.7018132947114274
-0.7014912301409816
-0.7011476485896999
-0.7007821930594638
-0.7003944848845384
-0.6999841235190298
-0.6995506863125801
-0.6990937282742677
-0.6986127818247042
-0.698107356536315
-0.6975769388617947
-0.6970209918507559
-0.6964389548545722
-0.695830243219453
-0.6951942479677837
-0.6945303354677889
-0.6938378470915876
-0.6931160988617313
-0.6923643810863346
-0.6915819579829293
-0.690768067291205
-0.6899219198748133
-0.6890426993124642
-0.6881295614785538
-0.6871816341136153
-0.6861980163849225
-0.6851777784376105
-0.6841199609367363
-0.6830235746007496
-0.6818875997268934
-0.6807109857091292
-0.6794926505492319
-0.6782314803617737
-0.6769263288738053
-0.6755760169200965
-0.6723200022896324
-0.6689598591759811
-0.6654943893640357
-0.6619224033322123
-0.6582427218677194
-0.6544541777438468
-0.6505556174584672
-0.6465459030326421
-0.6424239138679156
-0.6381885486605436
-0.6338387273705705
-0.6293733932432904
-0.624791514880266
-0.6200920883566863
-0.6152741393814499
-0.6103367254959484
-0.6052789383071195
-0.6000999057499183
-0.5947987943739422
-0.5893748116485297
-0.5838272082802356
-0.5781552805362095
-0.572358372566581
-0.5664358787186224
-0.5603872458350807
-0.5542119755287612
-0.5479096264251432
-0.5414798163645448
-0.5349222245551308
-0.5282365936678675
-0.5214227318643904
-0.5144805147486644
-0.5074098872332676
-0.5002108653111501
-0.4928835377237996
-0.48542806751686607
-0.4778446934745084
-0.47013373142397186
-0.4622955754022402
-0.454330698676984
-0.4462396546144809
-0.43802307738769236
-0.4296816825182572
-0.4212162672467827
-0.4126277107265024
-0.40391697403609783
-0.39508510000825037
-0.38613321287131797
-0.37706251770236293
-0.3678742996906415
-0.35856992321155795
-0.3491508307119916
-0.33961854140882
-0.32997464980337043
-0.320220824015441
-0.3103588039414001
-0.3003903992417569
-0.29031748716440087
-0.2801420102105137
-0.269865973650899
-0.2594914429011605
-0.24902054076480976
-0.23845544455395573
-0.22779838309773717
-0.21705163364910712
-0.20621751870094743
-0.19529840272279292
-0.1842966888296675
-0.17321481539468292
-0.16205525261713255
-0.15082049905781064
-0.139513078153221
-0.1281355347202044
-0.11669043146230461
-0.1051803454889412
-0.0936078648581187
-0.08197558515303828
-0.0702861061025473
-0.05854202825489028
-0.046745949713726045
-0.034900462944821735
-0.023008151661280174
-0.011071587794549234
0.0009066714421311348
0.012924086391823532
0.024978137688130373
0.03706632888079897
0.04918618894856865
0.06133527469572887
0.07351117302949357
0.08571150311587665
0.09793391841234567
0.11017610857608212
0.1224358012472244
0.13471076370696974
0.14699880441090765
0.15929777439840961
0.17160556857933001
0.1839201268996696
0.19623943538821967
0.20856152708654824
0.22088448286497625
0.23320643212749648
0.24552555340879237
0.2578400748667649
0.27014827467413965
0.2824484813128825
0.29473907377529907
0.3070184816757754
0.31928518527721655
0.331537715436285
0.34377465347157715
0.3559946309589021
0.368196329457803
0.3803784801734583
0.3925398635580568
0.4046793088556832
0.4167956935946953
0.4288879430314908
0.4409550295494782
0.4529959720169697
0.46500983510760496
0.47699572858681993
0.48895280656773055
0.5008802667397116
0.5127773495728055
0.5246433375009691
0.5364775540870531
0.5482793631722582
0.5600481680126943
0.5717834104055343
0.5834845698071213
0.5951511624452658
0.6067827404278332
0.6183788908496086
0.6299392348992939
0.6414634269683755
0.65295115376349
0.6644021334237967
0.6758161146447554
0.6871928758096104
0.6985322241297726
0.7098339947951962
0.721098050135755
0.7323242787945308
0.7435125949138458
0.7546629373347805
0.765775268810851
0.7768495752364465
0.7878858648905418
0.7925569246475427
0.7971269901131527
0.8015964709001907
0.8059657683382451
0.8102352753767542
0.8144053765006634
0.8184764476577575
0.8224488561968017
0.8263229608157318
0.8300991115190718
0.8337776495839029
0.8373589075336834
0.8408432091192646
0.8442308693064876
0.8475221942697954
0.8507174813912847
0.8538170192646961
0.8568210877038377
0.8597299577549726
0.8625438917127519
0.8652631431392375
0.8678879568856532
0.8704185691164905
0.8728552073355836
0.8751980904138754
0.877447428618526
0.879603423643056
0.8816662686383238
0.8836361482439645
0.8855132386201491
0.8872977074793769
0.8889897141180891
0.8905894094479441
0.8920969360265112
0.8935124280872403
0.8948360115685502
0.8960678041418568
0.8972079152384207
0.8982564460748937
0.8992134896774008
0.9000791309041278
0.9008534464662253
0.9015365049469982
0.9021283668193009
0.9026290844610336
0.9030387021686902
0.903357256168943
0.9035847746281374
0.9037212776597617
0.9037667773297592
