0.0
0.001
0.002
0.003
0.004
0.005
0.006
0.007
0.008
0.009000000000000001
0.010000000000000002
0.011000000000000003
0.012000000000000004
0.013000000000000005
0.014000000000000005
0.015000000000000006
0.016000000000000007
0.017000000000000008
0.01800000000000001
0.01900000000000001
0.02000000000000001
0.02100000000000001
0.022000000000000013
0.023000000000000013
0.024000000000000014
0.025000000000000015
0.026000000000000016
0.027000000000000017
0.028000000000000018
0.02900000000000002
0.03000000000000002
0.03100000000000002
0.03200000000000002
0.03300000000000002
0.03400000000000002
0.035000000000000024
0.036000000000000025
0.037000000000000026
0.03800000000000003
0.03900000000000003
0.04000000000000003
0.04100000000000003
0.04200000000000003
0.04300000000000003
0.04400000000000003
0.04500000000000003
0.046000000000000034
0.047000000000000035
0.048000000000000036
0.04900000000000004
0.05000000000000004
0.05233333333333337
0.054666666666666704
0.05700000000000004
0.05933333333333337
0.0616666666666667
0.06400000000000003
0.06633333333333336
0.06866666666666668
0.07100000000000001
0.07333333333333333
0.07566666666666666
0.07799999999999999
0.08033333333333331
0.08266666666666664
0.08499999999999996
0.08733333333333329
0.08966666666666662
0.09199999999999994
0.09433333333333327
0.0966666666666666
0.09899999999999992
0.10133333333333325
0.10366666666666657
0.1059999999999999
0.10833333333333323
0.11066666666666655
0.11299999999999988
0.1153333333333332
0.11766666666666653
0.11999999999999986
0.12233333333333318
0.12466666666666651
0.12699999999999984
0.12933333333333316
0.1316666666666665
0.1339999999999998
0.13633333333333314
0.13866666666666647
0.1409999999999998
0.14333333333333312
0.14566666666666644
0.14799999999999977
0.1503333333333331
0.15266666666666642
0.15499999999999975
0.15733333333333308
0.1596666666666664
0.16199999999999973
0.16433333333333305
0.16666666666666638
0.1689999999999997
0.17133333333333303
0.17366666666666636
0.17599999999999968
0.178333333333333
0.18066666666666634
0.18299999999999966
0.185333333333333
0.18766666666666632
0.18999999999999964
0.19233333333333297
0.1946666666666663
0.19699999999999962
0.19933333333333295
0.20166666666666627
0.2039999999999996
0.20633333333333292
0.20866666666666625
0.21099999999999958
0.2133333333333329
0.21566666666666623
0.21799999999999956
0.22033333333333288
0.2226666666666662
0.22499999999999953
0.22733333333333286
0.22966666666666619
0.2319999999999995
0.23433333333333284
0.23666666666666616
0.2389999999999995
0.24133333333333282
0.24366666666666614
0.24599999999999947
0.2483333333333328
0.25066666666666615
0.2529999999999995
0.25533333333333286
0.2576666666666662
0.25999999999999956
0.2623333333333329
0.2646666666666663
0.2669999999999996
0.269333333333333
0.27166666666666633
0.2739999999999997
0.27633333333333304
0.2786666666666664
0.28099999999999975
0.2833333333333331
0.28566666666666646
0.2879999999999998
0.29033333333333317
0.2926666666666665
0.2949999999999999
0.2973333333333332
0.2996666666666666
0.30199999999999994
0.3043333333333333
0.30666666666666664
0.309
0.31133333333333335
0.3136666666666667
0.31600000000000006
0.3183333333333334
0.32066666666666677
0.3230000000000001
0.3253333333333335
0.32766666666666683
0.3300000000000002
0.33233333333333354
0.3346666666666669
0.33700000000000024
0.3393333333333336
0.34166666666666695
0.3440000000000003
0.34633333333333366
0.348666666666667
0.35100000000000037
0.3533333333333337
0.3556666666666671
0.35800000000000043
0.3603333333333338
0.36266666666666714
0.3650000000000005
0.36733333333333384
0.3696666666666672
0.37200000000000055
0.3743333333333339
0.37666666666666726
0.3790000000000006
0.38133333333333397
0.3836666666666673
0.3860000000000007
0.38833333333333403
0.3906666666666674
0.39300000000000074
0.3953333333333341
0.39766666666666745
0.4000000000000008
0.4010000000000008
0.4020000000000008
0.4030000000000008
0.4040000000000008
0.4050000000000008
0.4060000000000008
0.4070000000000008
0.4080000000000008
0.4090000000000008
0.4100000000000008
0.4110000000000008
0.4120000000000008
0.4130000000000008
0.4140000000000008
0.4150000000000008
0.4160000000000008
0.4170000000000008
0.4180000000000008
0.4190000000000008
0.4200000000000008
0.4210000000000008
0.4220000000000008
0.4230000000000008
0.4240000000000008
0.4250000000000008
0.4260000000000008
0.4270000000000008
0.4280000000000008
0.4290000000000008
0.4300000000000008
0.4310000000000008
0.43200000000000083
0.43300000000000083
0.43400000000000083
0.43500000000000083
0.43600000000000083
0.43700000000000083
0.43800000000000083
0.43900000000000083
0.44000000000000083
0.44100000000000084
0.44200000000000084
0.44300000000000084
0.44400000000000084
0.44500000000000084
0.44600000000000084
0.44700000000000084
0.44800000000000084
0.44900000000000084
0.45
