-0.903766777
-0.903764957
-0.903759497
-0.903750398
-0.903737658
-0.903721278
-0.903701258
-0.903677597
-0.903650297
-0.903619356
-0.903584775
-0.903546553
-0.90350469
-0.903459187
-0.903410042
-0.903357256
-0.903300829
-0.90324076
-0.90317705
-0.903109697
-0.903038702
-0.902964065
-0.902885785
-0.902803861
-0.902718295
-0.902629084
-0.90253623
-0.902439732
-0.902339589
-0.9022358
-0.902128367
-0.902017288
-0.901902562
-0.90178419
-0.901662171
-0.901536505
-0.901407191
-0.901274228
-0.901137617
-0.900997357
-0.900853446
-0.900705886
-0.900554675
-0.900399812
-0.900241298
-0.900079131
-0.899913311
-0.899743838
-0.89957071
-0.899393928
-0.89921349
-0.887099484
-0.874937858
-0.862728323
-0.850470619
-0.838164513
-0.8258098
-0.813406303
-0.80095388
-0.788452418
-0.775901839
-0.763302099
-0.750653191
-0.737955147
-0.725208035
-0.712411966
-0.699567092
-0.68667361
-0.673731761
-0.660741834
-0.647704165
-0.634619141
-0.621487201
-0.608308837
-0.595084595
-0.581815081
-0.568500956
-0.555142944
-0.541741829
-0.528298458
-0.514813747
-0.501288674
-0.487724289
-0.474121711
-0.460482131
-0.446806812
-0.433097093
-0.419354388
-0.40558019
-0.391776068
-0.377943673
-0.364084736
-0.350201069
-0.336294568
-0.322367212
-0.308421062
-0.294458265
-0.280481053
-0.266491741
-0.252492731
-0.238486506
-0.224475637
-0.210462774
-0.196450653
-0.18244209
-0.16843998
-0.154447297
-0.140467092
-0.126502491
-0.112556692
-0.098632961
-0.084734633
-0.070865105
-0.057027836
-0.04322634
-0.029464184
-0.015744985
-0.002072401
0.011549868
0.025118088
0.038628498
0.052077309
0.06546072
0.078774911
0.092016061
0.105180345
0.118263948
0.131263065
0.14417391
0.156992723
0.169715778
0.182339386
0.194859904
0.207273741
0.219577366
0.231767312
0.243840184
0.255792664
0.267621518
0.279323601
0.290895864
0.302335357
0.313639236
0.324804767
0.335829328
0.34671042
0.35744566
0.368032795
0.378469697
0.38875437
0.398884952
0.408859712
0.418677056
0.428335528
0.437833808
0.447170712
0.456345192
0.46535634
0.474203378
0.482885665
0.491402689
0.499754068
0.507939549
0.515959002
0.523812417
0.531499906
0.539021691
0.54637811
0.553569604
0.560596721
0.567460107
0.574160503
0.58069874
0.587075738
0.593292498
0.599350097
0.605249689
0.610992494
0.616579798
0.622012947
0.627293342
0.632422438
0.637401735
0.642232778
0.646917152
0.651456476
0.655852402
0.660106611
0.664220807
0.668196717
0.672036087
0.675740676
0.679312256
0.682752609
0.686063523
0.68924679
0.692304203
0.695237557
0.698048641
0.700739241
0.703311135
0.70334863
0.703385342
0.703421272
0.703456423
0.703490796
0.703524392
0.703557213
0.70358926
0.703620534
0.703651038
0.703680771
0.703709735
0.703737933
0.703765363
0.703792029
0.703817931
0.70384307
0.703867447
0.703891064
0.703913921
0.703936019
0.703957359
0.703977942
0.703997769
0.704016841
0.704035159
0.704052722
0.704069533
0.704085592
0.7041009
0.704115456
0.704129263
0.704142319
0.704154627
0.704166186
0.704176997
0.704187061
0.704196377
0.704204947
0.70421277
0.704219847
0.704226178
0.704231764
0.704236605
0.7042407
0.704244051
0.704246657
0.704248518
0.704249635
0.704250007
-0.704644863
-0.704643913
-0.704641065
-0.704636318
-0.704629673
-0.704621128
-0.704610686
-0.704598345
-0.704584105
-0.704567968
-0.704549933
-0.70453
-0.70450817
-0.704484442
-0.704458818
-0.704431298
-0.704401881
-0.704370569
-0.704337361
-0.704302258
-0.704265261
-0.70422637
-0.704185585
-0.704142907
-0.704098337
-0.704051875
-0.704003521
-0.703953277
-0.703901143
-0.703847119
-0.703791206
-0.703733406
-0.703673718
-0.703612143
-0.703548683
-0.703483337
-0.703416108
-0.703346995
-0.703276
-0.703203123
-0.703128365
-0.703051728
-0.702973212
-0.702892818
-0.702810547
-0.702726401
-0.70264038
-0.702552486
-0.702462719
-0.702371081
-0.702277572
-0.696056494
-0.689922449
-0.683875064
-0.677913986
-0.672038883
-0.666249443
-0.660545374
-0.654926403
-0.649392273
-0.643942748
-0.638577603
-0.633296635
-0.628099651
-0.622986475
-0.617956944
-0.613010911
-0.608148238
-0.603368802
-0.59867249
-0.594059201
-0.589528846
-0.585081343
-0.580716622
-0.576434623
-0.572235293
-0.568118587
-0.56408447
-0.560132914
-0.556263896
-0.552477402
-0.548773423
-0.545151958
-0.541613008
-0.538156582
-0.534782693
-0.531491359
-0.5282826
-0.525156442
-0.522112915
-0.519152049
-0.516273881
-0.513478446
-0.510765785
-0.50813594
-0.505588953
-0.50312487
-0.500743735
-0.498445597
-0.496230501
-0.494098497
-0.492049631
-0.490083953
-0.488201508
-0.486402346
-0.484686511
-0.483054051
-0.481505009
-0.480039429
-0.478657352
-0.47735882
-0.476143871
-0.475012542
-0.473964869
-0.473000883
-0.472120615
-0.471324095
-0.470611347
-0.469982396
-0.469437262
-0.468975964
-0.468598517
-0.468304933
-0.468095224
-0.467969395
-0.467927452
-0.467969395
-0.468095224
-0.468304933
-0.468598517
-0.468975964
-0.469437262
-0.469982396
-0.470611347
-0.471324095
-0.472120615
-0.473000883
-0.473964869
-0.475012542
-0.476143871
-0.47735882
-0.478657352
-0.480039429
-0.481505009
-0.483054051
-0.484686511
-0.486402346
-0.488201508
-0.490083953
-0.492049631
-0.494098497
-0.496230501
-0.498445597
-0.500743735
-0.50312487
-0.505588953
-0.50813594
-0.510765785
-0.513478446
-0.516273881
-0.519152049
-0.522112915
-0.525156442
-0.5282826
-0.531491359
-0.534782693
-0.538156582
-0.541613008
-0.545151958
-0.548773423
-0.552477402
-0.556263896
-0.560132914
-0.56408447
-0.568118587
-0.572235293
-0.576434623
-0.580716622
-0.585081343
-0.589528846
-0.594059201
-0.59867249
-0.603368802
-0.608148238
-0.613010911
-0.617956944
-0.622986475
-0.628099651
-0.633296635
-0.638577603
-0.643942748
-0.649392273
-0.654926403
-0.660545374
-0.666249443
-0.672038883
-0.677913986
-0.683875064
-0.689922449
-0.696056494
-0.702277572
-0.702371081
-0.702462719
-0.702552486
-0.70264038
-0.702726401
-0.702810547
-0.702892818
-0.702973212
-0.703051728
-0.703128365
-0.703203123
-0.703276
-0.703346995
-0.703416108
-0.703483337
-0.703548683
-0.703612143
-0.703673718
-0.703733406
-0.703791206
-0.703847119
-0.703901143
-0.703953277
-0.704003521
-0.704051875
-0.704098337
-0.704142907
-0.704185585
-0.70422637
-0.704265261
-0.704302258
-0.704337361
-0.704370569
-0.704401881
-0.704431298
-0.704458818
-0.704484442
-0.70450817
-0.70453
-0.704549933
-0.704567968
-0.704584105
-0.704598345
-0.704610686
-0.704621128
-0.704629673
-0.704636318
-0.704641065
-0.704643913
-0.704644863
0.704250007
0.704249635
0.704248518
0.704246657
0.704244051
0.7042407
0.704236605
0.704231764
0.704226178
0.704219847
0.70421277
0.704204947
0.704196377
0.704187061
0.704176997
0.704166186
0.704154627
0.704142319
0.704129263
0.704115456
0.7041009
0.704085592
0.704069533
0.704052722
0.704035159
0.704016841
0.703997769
0.703977942
0.703957359
0.703936019
0.703913921
0.703891064
0.703867447
0.70384307
0.703817931
0.703792029
0.703765363
0.703737933
0.703709735
0.703680771
0.703651038
0.703620534
0.70358926
0.703557213
0.703524392
0.703490796
0.703456423
0.703421272
0.703385342
0.70334863
0.703311135
0.700739241
0.698048641
0.695237557
0.692304203
0.68924679
0.686063523
0.682752609
0.679312256
0.675740676
0.672036087
0.668196717
0.664220807
0.660106611
0.655852402
0.651456476
0.646917152
0.642232778
0.637401735
0.632422438
0.627293342
0.622012947
0.616579798
0.610992494
0.605249689
0.599350097
0.593292498
0.587075738
0.58069874
0.574160503
0.567460107
0.560596721
0.553569604
0.54637811
0.539021691
0.531499906
0.523812417
0.515959002
0.507939549
0.499754068
0.491402689
0.482885665
0.474203378
0.46535634
0.456345192
0.447170712
0.437833808
0.428335528
0.418677056
0.408859712
0.398884952
0.38875437
0.378469697
0.368032795
0.35744566

0.34671042
0.335829328
0.324804767
0.313639236
0.302335357
0.290895864
0.279323601
0.267621518
0.255792664
0.243840184
0.231767312
0.219577366
0.207273741
0.194859904
0.182339386
0.169715778
0.156992723
0.14417391
0.131263065
0.118263948
0.105180345
0.092016061
0.078774911
0.06546072
0.052077309
0.038628498
0.025118088
0.011549868
-0.002072401
-0.015744985
-0.029464184
-0.04322634
-0.057027836
-0.070865105
-0.084734633
-0.098632961
-0.112556692
-0.126502491
-0.140467092
-0.154447297
-0.16843998
-0.18244209
-0.196450653
-0.210462774
-0.224475637
-0.238486506
-0.252492731
-0.266491741
-0.280481053
-0.294458265
-0.308421062
-0.322367212
-0.336294568
-0.350201069
-0.364084736
-0.377943673
-0.391776068
-0.40558019
-0.419354388
-0.433097093
-0.446806812
-0.460482131
-0.474121711
-0.487724289
-0.501288674
-0.514813747
-0.528298458
-0.541741829
-0.555142944
-0.568500956
-0.581815081
-0.595084595
-0.608308837
-0.621487201
-0.634619141
-0.647704165
-0.660741834
-0.673731761
-0.68667361
-0.699567092
-0.712411966
-0.725208035
-0.737955147
-0.750653191
-0.763302099
-0.775901839
-0.788452418
-0.80095388
-0.813406303
-0.8258098
-0.838164513
-0.850470619
-0.862728323
-0.874937858
-0.887099484
-0.89921349
-0.899393928
-0.89957071
-0.899743838
-0.899913311
-0.900079131
-0.900241298
-0.900399812
-0.900554675
-0.900705886
-0.900853446
-0.900997357
-0.901137617
-0.901274228
-0.901407191
-0.901536505
-0.901662171
-0.90178419
-0.901902562
-0.902017288
-0.902128367
-0.9022358
-0.902339589
-0.902439732
-0.90253623
-0.902629084
-0.902718295
-0.902803861
-0.902885785
-0.902964065
-0.903038702
-0.903109697
-0.90317705
-0.90324076
-0.903300829
-0.903357256
-0.903410042
-0.903459187
-0.90350469
-0.903546553
-0.903584775
-0.903619356
-0.903650297
-0.903677597
-0.903701258
-0.903721278
-0.903737658
-0.903750398
-0.903759497
-0.903764957
-0.903766777
