-17.467579904596484
-17.4689825627039
-17.470329443164744
-17.471620555677312
-17.47285591027356
-17.474035517321195
-17.475159387525807
-17.476227531932885
-17.477239961929737
-17.478196689247373
-17.479097725962315
-17.479943084498302
-17.48073277762797
-17.481466818474406
-17.482145220512663
-17.48276799757125
-17.483335163833424
-17.483846733838526
-17.484302722483186
-17.48470314502247
-17.485048017070977
-17.485337354603825
-17.48557117395758
-17.48574949183111
-17.4858723252864
-17.485939691749245
-17.485951609009877
-17.485908095223564
-17.485809168911082
-17.485654848959147
-17.485445154620802
-17.48518010551563
-17.48485972163001
-17.484484023317265
-17.484053031297673
-17.483566766658512
-17.483025250853935
-17.48242850570489
-17.48177655339881
-17.481069416489387
-17.48030711789619
-17.47948968090421
-17.478617129163375
-17.477689486687957
-17.476706777855963
-17.47566902740835
-17.47457626044832
-17.473428502440377
-17.472225779209467
-17.470968116939943
-17.46965554217449
-9.730021361106106
-9.792966476289731
-9.855692255041465
-9.918207372890103
-9.980519850522453
-10.042637018908035
-10.104565483287098
-10.166311086052257
-10.227878868566048
-10.289273031969387
-10.350496897049554
-10.411552863251098
-10.472442366928355
-10.533165838955169
-10.593722661824518
-10.654111126389445
-10.714328388415785
-10.774370425137342
-10.834231992024915
-10.893906580001996
-10.95338637336178
-11.012662208662325
-11.0717235348989
-11.13055837527479
-11.18915329091346
-11.24749334687625
-11.30556208086978
-11.363341475046164
-11.420811931316326
-11.47795225061157
-11.534739616541465
-11.59114958390538
-11.647156072521573
-11.702731366839876
-11.757846121802249
-11.812469375408773
-11.866568568434719
-11.920109571726861
-11.973056721483802
-12.02537286289506
-12.077019402477642
-12.127956369405318
-12.17814248607599
-12.227535248105642
-12.276091013873486
-12.323765103672628
-12.370511908444065
-12.41628500798932
-12.46103729846943
-12.504721128905999
-12.547288446304343
-12.588690948920592
-12.628880247094907
-12.66780803097332
-12.705426244341968
-12.741687263701525
-12.776544081617907
-12.809950493298947
-12.841861285267946
-12.87223242493454
-12.901021249803494
-12.92818665501334
-12.953689277861248
-12.977491677948686
-12.999558511575737
-13.01985669902039
-13.038355583364133
-13.055027079565923
-13.069845812544019
-13.082789243098071
-13.093837780592139
-13.102974881422112
-13.110187132406548
-13.11546431836766
-13.118799473306701
-13.120188914723867
-13.119632260784886
-13.117132430192683
-13.112695624780432
-13.106331295000011
-13.09805208863484
-13.087873783216335
-13.075815202766345
-13.061898119622565
-13.046147142227518
-13.028589589873455
-13.009255355493597
-12.988176757673696
-12.96538838312614
-12.940926920921122
-12.914830989805743
-12.887140959962132
-12.857898770560126
-12.827147744449542
-12.794932401311895
-12.76129827055315
-12.726291705168277
-12.689959697746803
-12.652349699717366
-12.613509444849816
-12.573486777947654
-12.532329489572339
-12.490085157546531
-12.446800995886468
-12.402523711716068
-12.357299370618406
-12.3111732707848
-12.264189826229178
-12.216392459246624
-12.167823502210664
-12.11852410872475
-12.068534174070107
-12.017892264824901
-11.966635557469008
-11.914799785734512
-11.862419196414681
-11.809526513303313
-11.756152908902134
-11.702327983505834
-11.648079751252375
-11.593434632709947
-11.538417453560912
-11.483051448937104
-11.427358272959141
-11.371358013035177
-11.31506920848033
-11.258508873027571
-11.201692520812804
-11.14463419543119
-11.08734650167829
-11.029840639607286
-10.972126440552735
-10.914212404791376
-10.856105740530978
-10.79781240393928
-10.739337139946063
-10.680683523572341
-10.621854001561353
-10.562849934106165
-10.503671636488514
-10.444318420462306
-10.384788635233619
-10.325079707906312
-10.265188183279077
-10.205109762895304
-10.144839343262015
-10.084371053168002
-10.023698290044264
-9.9628137553221
-17.7045174180908
-17.698072630892696
-17.691570217100775
-17.68501021502043
-17.678392663290882
-17.67171760088743
-17.664985067123133
-17.65819510165021
-17.65134774446203
-17.644443035894678
-17.637481016627923
-17.630461727687276
-17.62338521044484
-17.616251506620813
-17.609060658284605
-17.601812707855878
-17.594507698105616
-17.587145672157114
-17.57972667348671
-17.572250745924844
-17.56471793365657
-17.557128281222163
-17.549481833518
-17.54177863579678
-17.534018733667956
-17.526202173098277
-17.51832900041196
-17.510399262290743
-17.50241300577443
-17.49437027826038
-17.486271127503947
-17.478115601618274
-17.469903749073843
-17.461635618698672
-17.45331125967774
-17.444930721552495
-17.43649405422064
-17.42800130793553
-17.41945253330536
-17.41084778129271
-17.402187103213727
-17.393470550737113
-17.384698175883557
-17.375870031024384
-17.366986168880736
-17.35804664252249
-17.349051505366717
-17.34000081117685
-17.330894614061073
-17.32173296847094
-17.312515929200142
