-14.69875302585256
-14.702407387836217
-14.705933139615244
-14.70933044911278
-14.71259948185894
-14.715740400998403
-14.71875336729801
-14.721638539154316
-14.724396072601083
-14.727026121316827
-14.7295288366322
-14.731904367537487
-14.73415286068996
-14.736274460421209
-14.738269308744549
-14.740137545362245
-14.741879307672814
-14.743494730778261
-14.7449839474913
-14.746347088342487
-14.747584281587429
-14.748695653213842
-14.749681326948686
-14.750541424265222
-14.751276064390037
-14.751885364310048
-14.7523694387795
-14.752728400326895
-14.752962359261925
-14.753071423682403
-14.753055699481106
-14.752915290352622
-14.752650297800201
-14.75226082114255
-14.751746957520595
-14.75110880190426
-14.75034644709916
-14.749459983753372
-14.748449500364083
-14.747315083284239
-14.746056816729247
-14.744674782783559
-14.743169061407308
-14.74153973044285
-14.7397868656214
-14.737910540569533
-14.735910826815768
-14.73378779379703
-14.731541508865192
-14.72917203729355
-14.726679442283302
-16.983178476853997
-16.971303887653598
-16.96021017617336
-16.949889700619583
-16.940333749717247
-16.931532498486824
-16.923474965666294
-16.916148973058956
-16.909541107096455
-16.90363668291318
-16.898419711232265
-16.893872868364696
-16.88997746962113
-16.886713446430647
-16.8840593274515
-16.881992223946067
-16.880487819674677
-16.879520365541673
-16.87906267920114
-16.879086149799214
-16.879560747995384
-16.88045504136641
-16.88173621525351
-16.88337009906744
-16.885321198016577
-16.887552730171166
-16.890026668723557
-16.892703789249182
-16.895543721718543
-16.898505006956405
-16.901545157192448
-16.90462072029859
-16.90768734726327
-16.910699862413622
-16.91361233586261
-16.916378157632963
-16.918950112891586
-16.921280457719877
-16.923320994846435
-16.925023148780188
-16.926338039803664
-16.927216556318363
-16.927609425076398
-16.92746727888461
-16.92674072142769
-16.92538038892517
-16.92333700841162
-16.920561452508483
-16.91700479063818
-16.91261833671433
-16.907353693424007
-16.90116279329731
-16.89399793683361
-16.885811828020962
-16.87655760764353
-16.866188884819806
-16.854659767250514
-16.841924890678197
-16.82793944807039
-16.812659219033705
-16.79604059994807
-16.778040635278526
-16.75861705047732
-16.737728286832937
-16.71533353855613
-16.691392792318098
-16.665866869374433
-16.63871747032239
-16.609907222450943
-16.57939972955438
-16.54715962399443
-16.513152620713644
-16.477345572827144
-16.439706528351955
-16.400204787574765
-16.35881096051114
-16.315497023872922
-16.270236376936523
-16.22300389569287
-16.173775984660445
-16.122530625755353
-16.06924742363612
-16.01390764697534
-15.956494265153971
-15.896991979925915
-15.835387251659144
-15.771668319823686
-15.70582521746444
-15.637849779467082
-15.567735644496247
-15.495478250555902
-15.42107482419044
-15.344524363411164
-15.2658276144946
-15.184987042856484
-15.102006798256834
-15.016892674637365
-14.929652064931751
-14.840293911222073
-14.748828650640718
-14.655268157436709
-14.559625681638213
-14.461915784750126
-14.362154272926727
-14.260358128055177
-14.15654543717692
-14.0507353206605
-13.94294785952274
-13.833204022274801
-13.721525591647248
-13.607935091523402
-13.492455714383967
-13.375111249538895
-13.255926012394296
-13.13492477497445
-13.012132697891023
-12.8875752639243
-12.761278213354714
-12.633267481157525
-12.503569136148974
-12.372209322149393
-12.23921420120719
-12.104609898907324
-11.968422451769547
-11.830677756724604
-11.691401522640852
-11.550619223859943
-11.408356055687351
-11.264636891772192
-11.119486243300775
-10.972928219919078
-10.824986492291686
-10.675684256197421
-10.525044198055836
-10.37308846177313
-10.219838616791103
-10.065315627218375
-9.909539821918793
-9.752530865428326
-9.594307729567817
-9.434888665615363
-9.274291176898412
-9.112531991661477
-8.949627036061539
-8.785591407138215
-8.620439345600984
-8.454184208269872
-8.286838439999716
-8.118413544910844
-30.357543199146182
-30.35324288325559
-30.34902574880479
-30.344891706528244
-30.34084066731888
-30.336872542219343
-30.33298724242317
-30.329184679277283
-30.325464764273875
-30.321827409049146
-30.318272525390036
-30.31480002522003
-30.311409820606727
-30.308101823754264
-30.304875947003055
-30.301732102828318
-30.298670203836146
-30.295690162762302
-30.29279189247082
-30.289975305947287
-30.28724031629991
-30.284586836758187
-30.282014780664714
-30.279524061476437
-30.2771145927626
-30.274786288198236
-30.272539061562384
-30.2703728267386
-30.268287497703195
-30.26628298853276
-30.264359213393142
-30.262516086536476
-30.260753522303542
-30.259071435112944
-30.257469739460177
-30.255948349917976
-30.25450718112617
-30.253146147788684
-30.251865164676396
-30.25066414661449
-30.249543008481552
-30.2485016652098
-30.247540031771486
-30.24665802318438
-30.245855554501055
-30.24513254080403
-30.244488897208704
-30.243924538848955
-30.243439380876893
-30.24303333846111
-30.242706326776524
