-29.082673031187614
-29.076677160483353
-29.070766972083945
-29.064942344546548
-29.059203156551035
-29.05354928689882
-29.047980614511342
-29.042497018428712
-29.037098377808114
-29.031784571922262
-29.026555480157693
-29.021410982012977
-29.016350957096975
-29.01137528512685
-29.006483845926144
-29.001676519422723
-28.996953185646646
-28.992313724727907
-28.9877580168943
-28.983285942468914
-28.978897381867817
-28.974592215597497
-28.97037032425233
-28.966231588511917
-28.962175889138337
-28.958203106973386
-28.954313122935687
-28.950505818017763
-28.94678107328297
-28.94313876986244
-28.939578788951906
-28.936101011808418
-28.932705319747043
-28.929391594137492
-28.926159716400598
-28.92300956800477
-28.91994103046239
-28.916953985326092
-28.914048314184956
-28.911223898660744
-28.908480620403843
-28.90581836108928
-28.90323700241273
-28.90073642608623
-28.89831651383398
-28.895977147388045
-28.89371820848389
-28.891539578855955
-28.88944114023308
-28.887422774333846
-28.885484362861884
-6.6578984266392975
-6.8381111368932075
-7.0174935242785725
-7.196038626256025
-7.373738359240506
-7.550583531238863
-7.726563852742717
-7.901667946042725
-8.075883353125988
-8.24919654231495
-8.421592913804496
-8.593056804252933
-8.763571490583178
-8.933119193151658
-9.101681078445035
-9.26923726146786
-9.435766807988617
-9.601247736816156
-9.765657022284216
-9.928970597127513
-10.091163355939488
-10.252209159408636
-10.412080839537332
-10.57075020605429
-10.72818805423906
-10.884364174383805
-11.03924736312451
-11.192805436879905
-11.345005247642003
-11.495812701366908
-11.645192779218375
-11.79310956191905
-11.939526257465523
-12.084405232462833
-12.227708047331802
-12.369395495638226
-12.50942764778664
-12.647763899312249
-12.784363023993558
-12.91918323199386
-13.05218223322309
-13.183317306091551
-13.312545371804386
-13.439823074319726
-13.565106866064617
-13.688353099470923
-13.809518124358586
-13.928558391155935
-14.045430559906364
-14.160091614967836
-14.272498985266617
-14.38261066991938
-14.490385368989099
-14.59578261909003
-14.698762933505794
-14.799287946432926
-14.897320560910387
-14.99282509994385
-15.085767460282543
-15.176115268256858
-15.263838037036564
-15.348907324623418
-15.431296891848305
-15.510982859602414
-15.587943864494438
-15.662161212092457
-15.733619026879532
-15.802304398027445
-15.868207520072987
-15.931321827566848
-15.991644122756334
-16.0491746953605
-16.103917433500026
-16.155879924855117
-16.2050735471421
-16.25151354702534
-16.295219106614027
-16.33621339673511
-16.374523616223556
-16.410181016529606
-16.443220911010386
-16.473682668349127
-16.50160968963069
-16.52704936869537
-16.550053035495154
-16.57067588228623
-16.588976872608246
-16.605018633124327
-16.618867328523795
-16.630592519822223
-16.640267006528457
-16.647966653284342
-16.65377020171829
-16.65775906838698
-16.66001712980804
-16.660630495708954
-16.659687271731467
-16.657277312934777
-16.65349196953267
-16.648423826378306
-16.642166437773497
-16.634814059226457
-16.626461377811765
-16.617203242798087
-16.607134398202795
-16.596349218908024
-16.58494145192999
-16.57300396437352
-16.560628499527567
-16.547905442466206
-16.5349235964146
-16.521769971023183
-16.508529583566354
-16.495285273948003
-16.482117534255696
-16.469104353462093
-16.45632107772664
-16.443840286606342
-16.43173168534237
-16.42006201325181
-16.408894968122397
-16.398291146384246
-16.388307998717515
-16.37899980064944
-16.370417637599925
-16.362609403750948
-16.355619814043425
-16.349490428544623
-16.344259688380774
-16.339962962392026
-16.336632603640563
-16.33429801488697
-16.332985722143526
-16.332719455416363
-16.333520235759366
-16.335406467781457
-16.338394036774105
-16.342496409656484
-16.34772473897145
-16.35408796920513
-16.361592944745027
-16.37024451883721
-16.380045662949044
-16.390997575991737
-16.403099792904918
-16.41635029215275
-16.430745601728447
-16.446280903309667
-16.462950134252026
-14.21158496774867
-14.207482939172202
-14.20325134186445
-14.198890266623703
-14.194399801740236
-14.189780033011967
-14.185031043748907
-14.180152914775965
-14.175145724447429
-14.17000954865388
-14.16474446081976
-14.159350531924378
-14.15382783049845
-14.148176422637396
-14.142396372006457
-14.136487739846697
-14.130450584984173
-14.124284963835429
-14.117990930413434
-14.111568536339053
-14.105017830844012
-14.098338860776055
-14.091531670612092
-14.084596302460229
-14.077532796065544
-14.070341188820997
-14.06302151577238
-14.055573809621082
-14.047998100740216
-14.040294417169061
-14.032462784628281
-14.024503226525828
-14.016415763956825
-14.008200415718246
-13.9998571983121
-13.991386125947365
-13.982787210553374
-13.974060461785111
-13.96520588702194
-13.956223491383401
-13.947113277731923
-13.937875246673963
-13.928509396576784
-13.919015723563435
-13.909394221525968
-13.899644882131977
-13.889767694822147
-13.879762646827293
-13.869629723169348
-13.859368906663876
-13.848980177932225
