0.4
0.3999992
0.3999968000000001
0.39999280000000004
0.39998720000000004
0.39998
0.3999712
0.3999608
0.39994880000000005
0.3999352000000001
0.39992
0.3999032
0.39988480000000004
0.3998648
0.3998432
0.39982
0.3997952
0.3997688000000001
0.39974080000000006
0.39971120000000004
0.3996800000000001
0.39964720000000004
0.39961280000000005
0.3995768
0.39953920000000004
0.3995
0.3994592
0.3994168
0.39937280000000003
0.39932720000000005
0.39928
0.3992312
0.3991808
0.3991288
0.3990752
0.39902000000000004
0.3989632
0.3989048
0.39884480000000005
0.3987832
0.39872
0.39865520000000004
0.3985888000000001
0.3985208
0.39845120000000006
0.39838
0.39830720000000003
0.3982328
0.39815680000000003
0.3980792
0.398
0.39269333333333334
0.3873866666666667
0.38208000000000003
0.3767733333333334
0.3714666666666667
0.36616000000000004
0.36085333333333336
0.3555466666666667
0.35024
0.3449333333333334
0.3396266666666667
0.33432
0.3290133333333333
0.3237066666666667
0.3184
0.3130933333333334
0.30778666666666665
0.30247999999999997
0.2971733333333333
0.29186666666666666
0.2865600000000001
0.28125333333333336
0.2759466666666667
0.27064
0.26533333333333337
0.26002666666666674
0.25472000000000006
0.24941333333333338
0.24410666666666672
0.23880000000000007
0.23349333333333344
0.22818666666666673
0.22288000000000008
0.21757333333333345
0.21226666666666674
0.20696000000000012
0.20165333333333343
0.19634666666666678
0.1910400000000001
0.18573333333333344
0.1804266666666668
0.17512000000000014
0.16981333333333345
0.1645066666666668
0.15920000000000017
0.15389333333333347
0.1485866666666668
0.14328000000000018
0.1379733333333335
0.13266666666666688
0.1273600000000002
0.12205333333333351
0.11674666666666683
0.11144000000000022
0.10613333333333358
0.1008266666666669
0.09552000000000022
0.09021333333333359
0.08490666666666691
0.07960000000000023
0.07429333333333361
0.06898666666666692
0.06368000000000029
0.058373333333333555
0.05306666666666693
0.0477600000000003
0.04245333333333362
0.037146666666666994
0.03184000000000031
0.02653333333333358
0.021226666666667005
0.015920000000000323
0.010613333333333697
0.005306666666667015
2.7755575615628914e-16
-0.005306666666666404
-0.010613333333333086
-0.015919999999999823
-0.021226666666666505
-0.026533333333333187
-0.031839999999999924
-0.03714666666666666
-0.04245333333333334
-0.047760000000000025
-0.053066666666666706
-0.058373333333333444
-0.06368000000000013
-0.06898666666666692
-0.07429333333333354
-0.07960000000000023
-0.08490666666666696
-0.09021333333333366
-0.09552000000000038
-0.10082666666666706
-0.10613333333333376
-0.11144000000000043
-0.11674666666666722
-0.1220533333333339
-0.12736000000000058
-0.13266666666666727
-0.13797333333333395
-0.14328000000000074
-0.14858666666666753
-0.1538933333333341
-0.15920000000000079
-0.16450666666666747
-0.1698133333333343
-0.17512000000000094
-0.18042666666666762
-0.18573333333333444
-0.191040000000001
-0.19634666666666778
-0.2016533333333345
-0.20696000000000114
-0.21226666666666794
-0.21757333333333465
-0.2228800000000013
-0.22818666666666798
-0.2334933333333347
-0.23880000000000134
-0.24410666666666814
-0.24941333333333493
-0.2547200000000015
-0.2600266666666682
-0.26533333333333486
-0.27064000000000166
-0.2759466666666684
-0.281253333333335
-0.2865600000000017
-0.2918666666666684
-0.2971733333333352
-0.30248000000000186
-0.3077866666666686
-0.31309333333333533
-0.3184000000000019
-0.3237066666666687
-0.3290133333333354
-0.33432000000000206
-0.3396266666666688
-0.3449333333333354
-0.3502400000000023
-0.3555466666666689
-0.3608533333333356
-0.36616000000000226
-0.371466666666669
-0.3767733333333359
-0.3820800000000024
-0.3873866666666691
-0.3926933333333358
-0.3980000000000189
-0.3980792000000207
-0.39815680000000386
-0.39823280000002514
-0.3983072000000135
-0.3983799999999974
-0.39845120000001943
-0.39852080000000856
-0.398588799999979
-0.398655200000016
-0.39872000000000585
-0.39878320000001966
-0.39884480000001477
-0.3989048000000054
-0.39896320000000574
-0.3990200000000016
-0.3990752000000072
-0.3991288000000225
-0.3991808000000049
-0.399231199999997
-0.39928000000001307
-0.3993271999999962
-0.3993727999999891
-0.3994168000000059
-0.399459200000004
-0.39949999999999763
-0.3995392000000152
-0.39957679999998563
-0.39961280000000843
-0.3996472000000125
-0.3996799999999979
-0.39971120000002147
-0.3997408000000121
-0.39976879999999826
-0.39979520000002255
-0.39982000000001394
-0.39984319999998663
-0.3998648000000117
-0.3998848000000038
-0.39990319999999147
-0.39992000000001726
-0.39993519999999594
-0.39994880000001276
-0.3999608000000109
-0.3999711999999903
-0.3999800000000221
-0.39998720000000676
-0.39999279999998694
-0.39999680000000526
-0.3999992000000049
-0.4
0.15
0.15
0.15
0.15
0.15
0.15
0.15
0.15
0.15
0.15
0.15
0.15
0.15
0.15
0.15
0.15
0.15
0.15
0.15
0.15
0.15
0.15
0.15
0.15
0.15
0.15
0.15
0.15
0.15
0.15
0.15
0.15
0.15
0.15
0.15
0.15
0.15
0.15
0.15
0.15
0.15
0.15
0.15
0.15
0.15
0.15
0.15
0.15
0.15
0.15
0.15
0.15
0.15
0.15
0.15
0.15
0.15
0.15
0.15
0.15
0.15
0.15
0.15
0.15
0.15
0.15
0.15
0.15
0.15
0.15
0.15
0.15000000000000002
0.15000000000000002
0.15000000000000002
0.15000000000000002
0.15000000000000002
0.15000000000000002
0.15000000000000002
0.15000000000000002
0.15000000000000002
0.15000000000000002
0.15000000000000002
0.15000000000000002
0.15000000000000002
0.15000000000000002
0.15000000000000002
0.15000000000000002
0.15000000000000002
0.15000000000000002
0.15000000000000002
0.15000000000000002
0.15000000000000002
0.15000000000000002
0.15000000000000002
0.15000000000000002
0.15000000000000002
0.15000000000000002
0.15000000000000002
0.15000000000000002
0.15000000000000002
0.15000000000000002
0.15000000000000002
0.15000000000000002
0.15000000000000002
0.15000000000000002
0.15000000000000002
0.15000000000000002
0.15000000000000002
0.15000000000000002
0.15000000000000002
0.15000000000000002
0.15000000000000002
0.15000000000000002
0.15000000000000002
0.15000000000000005
0.15000000000000005
0.15000000000000005
0.15000000000000005
0.15000000000000005
0.15000000000000005
0.15000000000000005
0.15000000000000005
0.15000000000000005
0.15000000000000005
0.15000000000000005
0.15000000000000005
0.15000000000000005
0.15000000000000005
0.15000000000000005
0.15000000000000005
0.15000000000000005
0.15000000000000005
0.15000000000000005
0.15000000000000005
0.15000000000000005
0.15000000000000005
0.15000000000000005
0.15000000000000005
0.15000000000000005
0.15000000000000005
0.15000000000000005
0.15000000000000005
0.15000000000000005
0.15000000000000005
0.15000000000000005
0.15000000000000005
0.15000000000000005
0.15000000000000005
0.15000000000000005
0.15000000000000005
0.15000000000000005
0.15000000000000005
0.15000000000000005
0.15000000000000005
0.15000000000000005
0.15000000000000005
0.15000000000000005
0.15000000000000008
0.15000000000000008
0.15000000000000008
0.15000000000000008
0.15000000000000008
0.15000000000000008
0.15000000000000008
0.15000000000000008
0.15000000000000008
0.15000000000000008
0.15000000000000008
0.15000000000000008
0.15000000000000008
0.15000000000000008
0.15000000000000008
0.15000000000000008
0.15000000000000008
0.15000000000000008
0.15000000000000008
0.15000000000000008
0.15000000000000008
0.15000000000000008
0.15000000000000008
0.15000000000000008
0.15000000000000008
0.15000000000000008
0.15000000000000008
0.15000000000000008
0.15000000000000008
0.15000000000000008
0.15000000000000008
0.15000000000000008
0.15000000000000008
0.15000000000000008
0.15000000000000008
0.15000000000000008
0.15000000000000008
0.15000000000000008
0.15000000000000008
0.15000000000000008
0.15000000000000008
0.15000000000000008
0.15000000000000008
0.1500000000000001
0.1500000000000001
0.1500000000000001
0.1500000000000001
0.1500000000000001
0.1500000000000001
0.1500000000000001
0.1500000000000001
0.1500000000000001
0.1500000000000001
0.1500000000000001
0.1500000000000001
0.1500000000000001
0.1500000000000001
0.1500000000000001
0.1500000000000001
0.1500000000000001
0.1500000000000001
0.1500000000000001
0.1500000000000001
0.1500000000000001
0.1500000000000001
0.1500000000000001
0.1500000000000001
0.1500000000000001
0.1500000000000001
0.1500000000000001
0.1500000000000001
0.1500000000000001
0.1500000000000001
0.1500000000000001
0.1500000000000001
0.1500000000000001
0.1500000000000001
0.1500000000000001
0.1500000000000001
0.1500000000000001
0.1500000000000001
0.1500000000000001
0.1500000000000001
0.1500000000000001
0.1500000000000001
0.1500000000000001
0.1500000000000001
0.1500000000000001
0.1500000000000001
0.1500000000000001
0.1500000000000001
0.1500000000000001
0.1500000000000001
0.1500000000000001
-0.45
-0.45
-0.45
-0.45
-0.45
-0.45
-0.45
-0.45
-0.45
-0.45
-0.45
-0.45
-0.45
-0.45
-0.45
-0.45
-0.45
-0.45
-0.45
-0.45
-0.45
-0.45
-0.45
-0.45
-0.45
-0.45
-0.45
-0.45
-0.45
-0.45
-0.45
-0.45
-0.45
-0.45
-0.45
-0.45
-0.45
-0.45
-0.45
-0.45
-0.45
-0.45
-0.45
-0.45
-0.45
-0.45
-0.45
-0.45
-0.45
-0.45
-0.45
-0.45
-0.45
-0.45
-0.45
-0.45
-0.45
-0.45
-0.45
-0.45
-0.45
-0.45
-0.45
-0.45
-0.45
-0.45
-0.45
-0.45
-0.45
-0.45
-0.45
-0.45
-0.45
-0.45
-0.45
-0.45
-0.45
-0.45
-0.45
-0.45
-0.45
-0.45
-0.45
-0.45
-0.45
-0.45
-0.45
-0.45
-0.45
-0.45
-0.45
-0.45
-0.45
-0.45
-0.45
-0.45
-0.45
-0.45
-0.45
-0.45
-0.45
-0.45
-0.45
-0.45
-0.45
-0.45
-0.45
-0.45
-0.45
-0.45
-0.45
-0.45
-0.45
-0.45
-0.45
-0.45
-0.45
-0.45
-0.45
-0.45
-0.45
-0.45
-0.45
-0.45
-0.45
-0.45
-0.45
-0.45
-0.45
-0.45
-0.45
-0.45
-0.45
-0.45
-0.45
-0.45
-0.45
-0.45
-0.45
-0.45
-0.45
-0.45
-0.45
-0.45
-0.45
-0.45
-0.45
-0.45
-0.45
-0.45
-0.45
-0.45
-0.45
-0.45
-0.45
-0.45
-0.45
-0.45
-0.45
-0.45
-0.45
-0.45
-0.45
-0.45
-0.45
-0.45
-0.45
-0.45
-0.45
-0.45
-0.45
-0.45
-0.45
-0.45
-0.45
-0.45
-0.45
-0.45
-0.45
-0.45
-0.45
-0.45
-0.45
-0.45
-0.45
-0.45
-0.45
-0.45
-0.45
-0.45
-0.45
-0.45
-0.45
-0.45
-0.45
-0.45
-0.45
-0.45
-0.45
-0.45
-0.45
-0.45
-0.45
-0.45
-0.45
-0.45
-0.45
-0.45
-0.45
-0.45
-0.45
-0.45
-0.45
-0.45
-0.45
-0.45
-0.45
-0.45
-0.45
-0.45
-0.45
-0.45
-0.45
-0.45
-0.45
-0.45
-0.45
-0.45
-0.45
-0.45
-0.45
-0.45
-0.45
-0.45
-0.45
-0.45
-0.45
-0.45
-0.45
-0.45
-0.45
-0.45
-0.45
-0.45
-0.45
-0.45
-0.45
-0.45
-0.45
-0.45
-0.45
