9.894888100247131
9.806394733947155
9.724836695922344
9.650211181840254
9.582511994038523
9.521729566670894
9.467850992882891
9.420860054008598
9.380737250783891
9.347459836573162
9.321001852608731
9.30133416524627
9.28842450523846
9.282237509034445
9.282734762112462
9.289874844354577
9.303613377475614
9.323903074517354
9.350693791422051
9.383932580698977
9.423563747198767
9.469528906010696
9.521767042497821
9.580214574485288
9.644805416615974
9.71547104688761
9.792140575383616
9.874740815209623
9.963196355644618
10.057429637514614
10.157361030793988
10.26290891443648
10.373989758435062
10.490518208106064
10.612407170589137
10.739567903549649
10.871910106066005
11.009342011678521
11.151770483570775
11.299101111848529
11.451238312874425
11.60808543060938
11.769544839904913
11.935518051681806
12.105905819922697
12.280608250397616
12.459524911032215
12.642554943818709
12.829597178160844
13.020550245532748
-16.79865482149758
-16.87764430552299
-16.955222589520133
-17.031378740996708
-17.106102188011967
-17.179382716461927
-17.251210467360224
-17.321575934156627
-17.390469960131345
-17.457883735899095
-17.523808797053352
-17.588237021976326
-17.65116062983754
-17.712572178798734
-17.77246456443995
-17.830831018417435
-17.88766510736054
-17.942960732011294
-17.99671212660692
-18.04891385850257
-18.099560828027933
-18.148648268569403
-18.196171746865865
-18.242127163504268
-18.28651075359856
-18.329319087633586
-18.370549072453606
-18.410197952373363
-18.448263310388256
-18.484743069458858
-18.519635493844056
-18.552939190456172
-18.584653110210937
-18.614776549344693
-18.643309150671197
-18.670250904750194
-18.695602150940232
-18.719363578308737
-18.74153622637271
-18.76212148564433
-18.781121097956593
-18.798537156545052
-18.814372105863352
-18.828628741110947
-18.84131020745336
-18.85241999891653
-18.8619619569387
-18.86994026856479
-18.87635946427001
-18.881224415401384
-18.884540331227527
-18.886312755589174
-18.8865475631444
-18.88525095520493
-18.882429455161326
-18.87808990349683
-18.872239452391717
-18.864885559921376
-18.856035983853303
-18.845698775049904
-18.833882270485297
-18.8205950858862
-18.80584610800811
-18.789644486559443
-18.77199962578755
-18.752921175741655
-18.732419023228758
-18.710503282479614
-18.68718428554243
-18.662472572423113
-18.636378880990996
-18.60891413666996
-18.58008944193474
-18.5499160656331
-18.51840543215421
-18.48556911046395
-18.45141880302775
-18.415966334641617
-18.37922364119144
-18.34120275836093
-18.301915810307637
-18.261374998326488
-18.21959258951952
-18.176580905490006
-18.132352311078517
-18.086919203157873
-18.040293999502996
-17.99248912775103
-17.943517014466423
-17.89339007432443
-17.842120699425944
-17.78972124875564
-17.736204037794202
-17.681581328294918
-17.62586531823352
-17.569068131939616
-17.51120181041678
-17.452278301857614
-17.392309452359154
-17.33130699684286
-17.269282550182844
-17.20624759854479
-17.142213490937234
-17.077191430976143
-17.011192468862628
-16.944227493572992
-16.87630722525953
-16.807442207859545
-16.737642801909463
-16.66691917756016
-16.595281307788937
-16.52273896180274
-16.449301698626922
-16.37497886087284
-16.299779568677295
-16.223712713806016
-16.146786953913026
-16.069010706947125
-15.990392145696156
-15.910939192459313
-15.830659513837396
-15.749560515630098
-15.66764933782947
-15.584932849697847
-15.501417644918329
-15.417110036805564
-15.332016053563867
-15.24614143357977
-15.159491620735233
-15.07207175972772
-14.983886691382747
-14.894940947944118
-14.805238748326758
-14.714783993316486
-14.623580260700734
-14.531630800313708
-14.438938528978987
-14.345506025332115
-14.251335524505205
-14.156428912654846
-14.060787721314277
-13.964413121549907
-13.867305917901724
-13.769466542086313
-13.670895046440492
-13.571591097082674
-13.471553966768179
-13.37078252741374
-13.269275242265435
-13.167030157683065
-13.06404489451283
-75.09795281922665
-75.0888303625436
-75.0796148908735
-75.07030177448877
-75.06088513552297
-75.05135791864501
-75.04171196090138
-75.03193806072484
-75.022026046104
-75.01196484190451
-75.00174253632842
-74.99134644649484
-74.98076318312157
-74.96997871428329
-74.95897842821925
-74.94774719516022
-74.9362694281408
-74.92452914276095
-74.91251001585847
-74.90019544304985
-74.88756859509733
-74.87461247305535
-74.86130996214992
-74.84764388434132
-74.83359704951992
-74.81915230528386
-74.80429258524589
-74.78900095581645
-74.77326066140999
-74.75705516802
-74.74036820511039
-74.72318380576917
-74.70548634507234
-74.68726057660628
-74.66849166709723
-74.64916522909981
-74.62926735169486
-74.60878462915235
-74.58770418751367
-74.5660137090519
-74.54370145457047
-74.52075628350255
-74.49716767177685
-74.47292572741863
-74.44802120385637
-74.42244551090968
-74.39619072343507
-74.36924958761175
-74.34161552485094
-74.31328263331777
