0.0
0.0004
0.0008
0.0012000000000000001
0.0016
0.002
0.0024000000000000002
0.0028000000000000004
0.0032000000000000006
0.0036000000000000008
0.004000000000000001
0.004400000000000001
0.004800000000000001
0.0052000000000000015
0.005600000000000002
0.006000000000000002
0.006400000000000002
0.006800000000000002
0.007200000000000002
0.007600000000000003
0.008000000000000002
0.008400000000000001
0.0088
0.0092
0.0096
0.009999999999999998
0.010399999999999998
0.010799999999999997
0.011199999999999996
0.011599999999999996
0.011999999999999995
0.012399999999999994
0.012799999999999994
0.013199999999999993
0.013599999999999992
0.013999999999999992
0.014399999999999991
0.01479999999999999
0.01519999999999999
0.015599999999999989
0.01599999999999999
0.01639999999999999
0.016799999999999992
0.017199999999999993
0.017599999999999994
0.017999999999999995
0.018399999999999996
0.018799999999999997
0.0192
0.0196
0.02
0.04436156409449844
0.06872312818899688
0.09308469228349532
0.11744625637799376
0.14180782047249219
0.16616938456699062
0.19053094866148906
0.2148925127559875
0.23925407685048594
0.26361564094498435
0.28797720503948276
0.3123387691339812
0.3367003332284796
0.361061897322978
0.3854234614174764
0.4097850255119748
0.43414658960647323
0.45850815370097164
0.48286971779547005
0.5072312818899685
0.5315928459844669
0.5559544100789653
0.5803159741734637
0.6046775382679621
0.6290391023624605
0.6534006664569589
0.6777622305514573
0.7021237946459558
0.7264853587404542
0.7508469228349526
0.775208486929451
0.7995700510239494
0.8239316151184478
0.8482931792129462
0.8726547433074446
0.897016307401943
0.9213778714964415
0.9457394355909399
0.9701009996854383
0.9944625637799367
1.0188241278744352
1.0431856919689337
1.0675472560634323
1.0919088201579308
1.1162703842524293
1.1406319483469278
1.1649935124414263
1.1893550765359249
1.2137166406304234
1.238078204724922
1.2624397688194204
1.286801332913919
1.3111628970084175
1.335524461102916
1.3598860251974145
1.384247589291913
1.4086091533864116
1.43297071748091
1.4573322815754086
1.4816938456699071
1.5060554097644057
1.5304169738589042
1.5547785379534027
1.5791401020479012
1.6035016661423998
1.6278632302368983
1.6522247943313968
1.6765863584258953
1.7009479225203938
1.7253094866148924
1.7496710507093909
1.7740326148038894
1.798394178898388
1.8227557429928865
1.847117307087385
1.8714788711818835
1.895840435276382
1.9202019993708805
1.944563563465379
1.9689251275598776
1.993286691654376
2.0176482557488744
2.042009819843373
2.0663713839378715
2.09073294803237
2.1150945121268685
2.139456076221367
2.1638176403158655
2.188179204410364
2.2125407685048626
2.236902332599361
2.2612638966938596
2.285625460788358
2.3099870248828567
2.334348588977355
2.3587101530718537
2.3830717171663522
2.4074332812608508
2.4317948453553493
2.456156409449848
2.4805179735443463
2.504879537638845
2.5292411017333434
2.553602665827842
2.5779642299223404
2.602325794016839
2.6266873581113375
2.651048922205836
2.6754104863003345
2.699772050394833
2.7241336144893316
2.74849517858383
2.7728567426783286
2.797218306772827
2.8215798708673256
2.845941434961824
2.8703029990563227
2.894664563150821
2.9190261272453197
2.9433876913398183
2.967749255434317
2.9921108195288153
3.016472383623314
3.0408339477178123
3.065195511812311
3.0895570759068094
3.113918640001308
3.1382802040958064
3.162641768190305
3.1870033322848035
3.211364896379302
3.2357264604738005
3.260088024568299
3.2844495886627976
3.308811152757296
3.3331727168517946
3.357534280946293
3.3818958450407917
3.40625740913529
3.4306189732297887
3.4549805373242872
3.4793421014187857
3.5037036655132843
3.528065229607783
3.5524267937022813
3.57678835779678
3.6011499218912784
3.625511485985777
3.6498730500802754
3.674234614174774
3.674634614174774
3.675034614174774
3.675434614174774
3.6758346141747738
3.6762346141747737
3.6766346141747737
3.6770346141747736
3.6774346141747736
3.6778346141747735
3.6782346141747735
3.6786346141747734
3.6790346141747734
3.6794346141747734
3.6798346141747733
3.6802346141747733
3.6806346141747732
3.681034614174773
3.681434614174773
3.681834614174773
3.682234614174773
3.682634614174773
3.683034614174773
3.683434614174773
3.683834614174773
3.684234614174773
3.684634614174773
3.6850346141747727
3.6854346141747727
3.6858346141747726
3.6862346141747726
3.6866346141747726
3.6870346141747725
3.6874346141747725
3.6878346141747724
3.6882346141747724
3.6886346141747723
3.6890346141747723
3.6894346141747723
3.689834614174772
3.690234614174772
3.690634614174772
3.691034614174772
3.691434614174772
3.691834614174772
3.692234614174772
3.692634614174772
3.693034614174772
3.693434614174772
3.6938346141747718
3.694234614174766
