-0.3
-0.29999934680273527
-0.29999738721094105
-0.2999941212246173
-0.2999895488437641
-0.29998367006838145
-0.2999764848984693
-0.2999679933340277
-0.29995819537505647
-0.29994709102155587
-0.29993468027352577
-0.29992096313096617
-0.2999059395938771
-0.2998896096622586
-0.29987197333611054
-0.299853030615433
-0.29983278150022596
-0.2998112259904895
-0.2997883640862235
-0.2997641957874281
-0.2997387210941031
-0.2997119400062487
-0.29968385252386476
-0.2996544586469514
-0.2996237583755085
-0.29959175170953617
-0.29955843864903425
-0.29952381919400295
-0.2994878933444422
-0.2994506611003518
-0.29941212246173204
-0.29937227742858274
-0.299331126000904
-0.2992886681786958
-0.299244903961958
-0.29919983335069084
-0.2991534563448941
-0.29910577294456797
-0.29905678314971235
-0.2990064869603271
-0.2989548843764125
-0.29890197539796837
-0.2988477600249948
-0.2987922382574917
-0.2987354100954592
-0.29867727553889706
-0.29861783458780555
-0.2985570872421845
-0.298495033502034
-0.298431673367354
-0.29836700683814454
-0.29438878008030267
-0.2904105533224607
-0.28643232656461876
-0.2824540998067768
-0.2784758730489349
-0.27449764629109297
-0.27051941953325104
-0.2665411927754091
-0.26256296601756723
-0.2585847392597253
-0.2546065125018834
-0.25062828574404145
-0.24665005898619954
-0.2426718322283576
-0.23869360547051569
-0.23471537871267378
-0.23073715195483183
-0.22675892519698995
-0.222780698439148
-0.21880247168130607
-0.21482424492346416
-0.21084601816562223
-0.20686779140778033
-0.2028895646499384
-0.19891133789209647
-0.19493311113425454
-0.19095488437641264
-0.18697665761857074
-0.1829984308607288
-0.17902020410288685
-0.17504197734504492
-0.17106375058720302
-0.1670855238293611
-0.16310729707151916
-0.15912907031367723
-0.1551508435558353
-0.1511726167979934
-0.1471943900401515
-0.14321616328230957
-0.13923793652446767
-0.13525970976662569
-0.13128148300878378
-0.12730325625094183
-0.1233250294930999
-0.11934680273525794
-0.11536857597741601
-0.11139034921957408
-0.10741212246173212
-0.10343389570389021
-0.09945566894604826
-0.09547744218820631
-0.09149921543036435
-0.08752098867252248
-0.08354276191468048
-0.07956453515683856
-0.07558630839899663
-0.07160808164115468
-0.06762985488331275
-0.06365162812547079
-0.05967340136762889
-0.055695174609786936
-0.051716947851944944
-0.04773872109410304
-0.04376049433626111
-0.039782267578419184
-0.0358040408205772
-0.03182581406273527
-0.02784758730489334
-0.02386936054705141
-0.01989113378920948
-0.015912907031367496
-0.011934680273525566
-0.007956453515683637
-0.003978226757841707
2.7755575615628914e-16
0.0039782267578421515
0.007956453515684137
0.011934680273526066
0.015912907031367995
0.019891133789209925
0.023869360547051854
0.02784758730489373
0.03182581406273571
0.03580404082057764
0.03978226757841957
0.0437604943362615
0.04773872109410343
0.051716947851945416
0.055695174609787346
0.05967340136762922
0.0636516281254712
0.06762985488331325
0.07160808164115506
0.07558630839899705
0.07956453515683898
0.08354276191468096
0.08752098867252284
0.09149921543036484
0.09547744218820675
0.09945566894604874
0.10343389570389061
0.10741212246173254
0.11139034921957448
0.1153685759774164
0.11934680273525833
0.12332502949310044
0.12730325625094224
0.13128148300878412
0.13525970976662616
0.13923793652446803
0.14321616328231007
0.14719439004015195
0.15117261679799382
0.15515084355583586
0.15912907031367787
0.16310729707151977
0.1670855238293616
0.17106375058720352
0.1750419773450455
0.17902020410288746
0.18299843086072942
0.18697665761857135
0.19095488437641345
0.19493311113425527
0.1989113378920971
0.20288956464993907
0.20686779140778105
0.21084601816562304
0.2148242449234649
0.21880247168130693
0.2227806984391489
0.22675892519699076
0.23073715195483263
0.23471537871267462
0.23869360547051652
0.24267183222835848
0.24665005898620046
0.25062828574404244
0.2546065125018843
0.2585847392597263
0.2625629660175682
0.26654119277541005
0.2705194195332522
0.274497646291094
0.2784758730489359
0.282454099806778
0.28643232656461975
0.29041055332246185
0.2943887800803037
0.29836700683814815
0.29843167336735915
0.2984950335020253
0.2985570872422048
0.2986178345878164
0.2986772755389064
0.29873541009546317
0.29879223825748685
0.2988477600250122
0.2989019753979812
0.2989548843764171
0.2990064869603314
0.29905678314972417
0.2991057729445837
0.2991534563448986
0.2991998333507035
0.29924490396196374
0.29928866817871386
0.2993311260009193
0.2993722774285917
0.29941212246173093
0.2994506611003485
0.2994878933444562
0.29952381919400756
0.29955843864903725
0.29959175170953395
0.29962375837550914
0.29965445864696266
0.2996838525238715
0.2997119400062587
0.2997387210941012
0.29976419578744534
0.2997883640862447
0.2998112259904994
0.29983278150023257
0.2998530306154326
0.2998719733361342
0.2998896096622679
0.29990593959387996
0.299920963130959
0.2999346802735165
0.29994709102156386
0.2999581953750667
0.2999679933340363
0.2999764848984611
0.29998367006839916
0.29998954884376944
0.2999941212246297
0.2999973872109451
0.2999993468027275
0.29999999999999977
-0.15
-0.14999967340136763
-0.14999869360547052
-0.14999706061230866
-0.14999477442188205
-0.14999183503419072
-0.14998824244923464
-0.14998399666701384
-0.14997909768752823
-0.14997354551077793
-0.14996734013676288
-0.14996048156548308
-0.14995296979693856
-0.1499448048311293
-0.14993598666805527
-0.1499265153077165
-0.14991639075011298
-0.14990561299524474
-0.14989418204311175
-0.14988209789371404
-0.14986936054705155
-0.14985597000312434
-0.14984192626193238
-0.1498272293234757
-0.14981187918775424
-0.14979587585476808
-0.14977921932451713
-0.14976190959700147
-0.1497439466722211
-0.1497253305501759
-0.14970606123086602
-0.14968613871429137
-0.149665563000452
-0.1496443340893479
-0.149622451980979
-0.14959991667534542
-0.14957672817244705
-0.14955288647228399
-0.14952839157485617
-0.14950324348016356
-0.14947744218820624
-0.14945098769898418
-0.1494238800124974
-0.14939611912874584
-0.1493677050477296
-0.14933863776944853
-0.14930891729390278
-0.14927854362109225
-0.149247516751017
-0.149215836683677
-0.14918350341907227
-0.14719439004015133
-0.14520527666123034
-0.14321616328230938
-0.1412270499033884
-0.13923793652446745
-0.13724882314554648
-0.13525970976662552
-0.13327059638770455
-0.13128148300878362
-0.12929236962986265
-0.1273032562509417
-0.12531414287202072
-0.12332502949309977
-0.1213359161141788
-0.11934680273525784
-0.11735768935633689
-0.11536857597741591
-0.11337946259849498
-0.111390349219574
-0.10940123584065303
-0.10741212246173208
-0.10542300908281112
-0.10343389570389017
-0.1014447823249692
-0.09945566894604824
-0.09746655556712727
-0.09547744218820632
-0.09348832880928537
-0.0914992154303644
-0.08951010205144343
-0.08752098867252246
-0.08553187529360151
-0.08354276191468055
-0.08155364853575958
-0.07956453515683862
-0.07757542177791765
-0.0755863083989967
-0.07359719502007575
-0.07160808164115479
-0.06961896826223384
-0.06762985488331284
-0.06564074150439189
-0.06365162812547091
-0.06166251474654995
-0.05967340136762897
-0.057684287988708005
-0.05569517460978704
-0.05370606123086606
-0.051716947851945104
-0.04972783447302413
-0.047738721094103154
-0.045749607715182175
-0.04376049433626124
-0.04177138095734024
-0.03978226757841928
-0.037793154199498316
-0.03580404082057734
-0.03381492744165637
-0.031825814062735394
-0.029836700683814443
-0.027847587304893468
-0.025858473925972472
-0.02386936054705152
-0.021880247168130557
-0.019891133789209592
-0.0179020204102886
-0.015912907031367635
-0.01392379365244667
-0.011934680273525705
-0.00994556689460474
-0.007956453515683748
-0.005967340136762783
-0.0039782267578418185
-0.0019891133789208537
1.3877787807814457e-16
0.0019891133789210758
0.003978226757842068
0.005967340136763033
0.007956453515683998
0.009945566894604962
0.011934680273525927
0.013923793652446864
0.015912907031367857
0.01790202041028882
0.019891133789209786
0.02188024716813075
0.023869360547051716
0.025858473925972708
0.027847587304893673
0.02983670068381461
0.0318258140627356
0.03381492744165662
0.03580404082057753
0.037793154199498524
0.03978226757841949
0.04177138095734048
0.04376049433626142
0.04574960771518242
0.047738721094103376
0.04972783447302437
0.051716947851945305
0.05370606123086627
0.05569517460978724
0.0576842879887082
0.059673401367629164
0.06166251474655022
0.06365162812547112
0.06564074150439206
0.06762985488331308
0.06961896826223402
0.07160808164115504
0.07359719502007597
0.07558630839899691
0.07757542177791793
0.07956453515683894
0.08155364853575989
0.0835427619146808
0.08553187529360176
0.08752098867252275
0.08951010205144373
0.09149921543036471
0.09348832880928568
0.09547744218820672
0.09746655556712763
0.09945566894604856
0.10144478232496953
0.10343389570389053
0.10542300908281152
0.10741212246173246
0.10940123584065346
0.11139034921957446
0.11337946259849538
0.11536857597741632
0.11735768935633731
0.11934680273525826
0.12133591611417924
0.12332502949310023
0.12531414287202122
0.12730325625094216
0.12929236962986315
0.1312814830087841
0.13327059638770503
0.1352597097666261
0.137248823145547
0.13923793652446795
0.141227049903389
0.14321616328230988
0.14520527666123093
0.14719439004015186
0.14918350341907408
0.14921583668367958
0.14924751675101264
0.1492785436211024
0.1493089172939082
0.1493386377694532
0.14936770504773159
0.14939611912874343
0.1494238800125061
0.1494509876989906
0.14947744218820855
0.1495032434801657
0.14952839157486209
0.14955288647229184
0.1495767281724493
0.14959991667535175
0.14962245198098187
0.14964433408935693
0.14966556300045966
0.14968613871429584
0.14970606123086547
0.14972533055017426
0.1497439466722281
0.14976190959700378
0.14977921932451863
0.14979587585476697
0.14981187918775457
0.14982722932348133
0.14984192626193574
0.14985597000312936
0.1498693605470506
0.14988209789372267
0.14989418204312235
0.1499056129952497
0.14991639075011629
0.1499265153077163
0.1499359866680671
0.14994480483113395
0.14995296979693998
0.1499604815654795
0.14996734013675825
0.14997354551078193
0.14997909768753334
0.14998399666701814
0.14998824244923056
0.14999183503419958
0.14999477442188472
0.14999706061231485
0.14999869360547255
0.14999967340136375
0.14999999999999988
-0.45
-0.4500003265986324
-0.45000130639452957
-0.45000293938769137
-0.450005225578118
-0.45000816496580937
-0.4500117575507654
-0.4500160033329862
-0.45002090231247177
-0.45002645448922207
-0.4500326598632371
-0.4500395184345169
-0.45004703020306147
-0.45005519516887077
-0.45006401333194473
-0.4500734846922836
-0.450083609249887
-0.45009438700475524
-0.45010581795688825
-0.450117902106286
-0.45013063945294846
-0.45014402999687564
-0.4501580737380676
-0.45017277067652434
-0.45018812081224574
-0.4502041241452319
-0.45022078067548293
-0.4502380904029986
-0.45025605332777896
-0.45027466944982414
-0.450293938769134
-0.4503138612857086
-0.450334436999548
-0.4503556659106521
-0.450377548019021
-0.4504000833246546
-0.45042327182755293
-0.45044711352771605
-0.4504716084251439
-0.45049675651983645
-0.45052255781179373
-0.4505490123010158
-0.45057611998750263
-0.45060388087125414
-0.4506322949522704
-0.45066136223055153
-0.45069108270609726
-0.45072145637890776
-0.450752483248983
-0.450784163316323
-0.45081649658092776
-0.4528056099598487
-0.4547947233387697
-0.45678383671769063
-0.45877295009661156
-0.46076206347553256
-0.4627511768544535
-0.4647402902333745
-0.4667294036122954
-0.4687185169912164
-0.47070763037013735
-0.47269674374905835
-0.4746858571279793
-0.4766749705069003
-0.4786640838858212
-0.48065319726474226
-0.4826423106436632
-0.48463142402258413
-0.4866205374015051
-0.488609650780426
-0.490598764159347
-0.49258787753826794
-0.49457699091718893
-0.49656610429610987
-0.4985552176750308
-0.5005443310539518
-0.5025334444328727
-0.5045225578117937
-0.5065116711907147
-0.5085007845696357
-0.5104898979485566
-0.5124790113274775
-0.5144681247063985
-0.5164572380853195
-0.5184463514642405
-0.5204354648431614
-0.5224245782220824
-0.5244136916010034
-0.5264028049799243
-0.5283919183588452
-0.5303810317377662
-0.5323701451166872
-0.5343592584956082
-0.5363483718745291
-0.53833748525345
-0.5403265986323711
-0.542315712011292
-0.544304825390213
-0.546293938769134
-0.548283052148055
-0.5502721655269759
-0.5522612789058969
-0.5542503922848179
-0.5562395056637388
-0.5582286190426599
-0.5602177324215808
-0.5622068458005017
-0.5641959591794227
-0.5661850725583437
-0.5681741859372647
-0.5701632993161856
-0.5721524126951066
-0.5741415260740276
-0.5761306394529485
-0.5781197528318696
-0.5801088662107906
-0.5820979795897115
-0.5840870929686325
-0.5860762063475535
-0.5880653197264745
-0.5900544331053953
-0.5920435464843163
-0.5940326598632373
-0.5960217732421582
-0.5980108866210792
-0.6000000000000002
-0.6019891133789211
-0.6039782267578422
-0.6059673401367631
-0.6079564535156841
-0.609945566894605
-0.6119346802735259
-0.613923793652447
-0.6159129070313679
-0.617902020410289
-0.6198911337892099
-0.6218802471681308
-0.6238693605470518
-0.6258584739259727
-0.6278475873048938
-0.6298367006838147
-0.6318258140627356
-0.6338149274416567
-0.6358040408205776
-0.6377931541994986
-0.6397822675784195
-0.6417713809573405
-0.6437604943362615
-0.6457496077151825
-0.6477387210941035
-0.6497278344730244
-0.6517169478519453
-0.6537060612308664
-0.6556951746097873
-0.6576842879887084
-0.6596734013676293
-0.6616625147465504
-0.6636516281254713
-0.6656407415043922
-0.6676298548833133
-0.6696189682622342
-0.6716080816411553
-0.6735971950200761
-0.675586308398997
-0.677575421777918
-0.679564535156839
-0.68155364853576
-0.6835427619146809
-0.6855318752936018
-0.6875209886725229
-0.6895101020514438
-0.6914992154303647
-0.6934883288092858
-0.6954774421882068
-0.6974665555671278
-0.6994556689460487
-0.7014447823249697
-0.7034338957038906
-0.7054230090828116
-0.7074121224617326
-0.7094012358406535
-0.7113903492195746
-0.7133794625984955
-0.7153685759774164
-0.7173576893563374
-0.7193468027352583
-0.7213359161141794
-0.7233250294931003
-0.7253141428720213
-0.7273032562509423
-0.7292923696298632
-0.7312814830087842
-0.7332705963877051
-0.7352597097666262
-0.7372488231455472
-0.7392379365244681
-0.7412270499033891
-0.7432161632823101
-0.7452052766612312
-0.7471943900401521
-0.7491835034190741
-0.7492158366836796
-0.7492475167510129
-0.7492785436211025
-0.7493089172939082
-0.7493386377694533
-0.7493677050477316
-0.7493961191287435
-0.7494238800125061
-0.7494509876989908
-0.7494774421882087
-0.7495032434801658
-0.7495283915748622
-0.749552886472292
-0.7495767281724496
-0.7495999166753519
-0.749622451980982
-0.749644334089357
-0.74966556300046
-0.7496861387142959
-0.7497060612308655
-0.7497253305501744
-0.7497439466722282
-0.7497619095970038
-0.7497792193245187
-0.7497958758547671
-0.7498118791877546
-0.7498272293234814
-0.7498419262619358
-0.7498559700031295
-0.7498693605470508
-0.7498820978937228
-0.7498941820431225
-0.7499056129952498
-0.7499163907501164
-0.7499265153077164
-0.7499359866680673
-0.7499448048311341
-0.7499529697969401
-0.7499604815654797
-0.7499673401367584
-0.7499735455107821
-0.7499790976875335
-0.7499839966670183
-0.7499882424492307
-0.7499918350341997
-0.7499947744218849
-0.749997060612315
-0.7499986936054727
-0.749999673401364
-0.75
