0.9037667773297633
0.9037649573558321
0.9037594974276042
0.9037503975257763
0.9037376576181767
0.903721277659764
0.9037012575926276
0.9036775973459854
0.9036502968361856
0.9036193559667035
0.9035847746281408
0.9035465526982267
0.9035046900418138
0.9034591865108774
0.9034100419445152
0.9033572561689444
0.9033008289974994
0.9032407602306317
0.9031770496559056
0.9031096970479974
0.9030387021686931
0.9029640647668843
0.9028857845785679
0.9028038613268407
0.9027182947218991
0.9026290844610341
0.9025362302286288
0.902439731696155
0.9023395885221704
0.9022358003523138
0.9021283668193025
0.902017287542928
0.901902562130052
0.9017841901746021
0.9016621712575685
0.9015365049469984
0.9014071907979926
0.9012742283527004
0.9011376171403147
0.9009973566770675
0.9008534464662249
0.9007058859980824
0.9005546747499585
0.9003998121861899
0.9002412977581281
0.9000791309041294
0.8999133110495541
0.8997438376067571
0.8995707099750835
0.899393927540863
0.8992134896774022
0.8870994839823368
0.8749378575064687
0.8627283229824931
0.8504706194462521
0.8381645133547683
0.8258097997422386
0.8134063034138885
0.8009538801774906
0.7884524181122314
0.7759018388745167
0.7633020990401422
0.7506531914821483
0.7379551467835054
0.7252080346836248
0.712411965557508
0.6995670919261704
0.6866736099967632
0.6737317612306222
0.6607418339372235
0.6477041648918196
0.6346191409742513
0.6214872008261788
0.6083088365237037
0.5950845952620548
0.5818150810487136
0.5685009564010488
0.5551429440441965
0.5417418286045932
0.528298458294227
0.5148137465803243
0.5012886738348216
0.4877242889576258
0.47412171096728667
0.4604821305523497
0.4468068115762828
0.4330970925285238
0.41935438791381935
0.4055801895717075
0.3917760679176375
0.37794367309692944
0.3640847360424635
0.3502010694267286
0.3362945684986164
0.3223672117951413
0.30842106171809264
0.29445826496550737
0.2804810528077735
0.2664917411981411
0.25249273070747275
0.23848650627314594
0.22447563675220156
0.21046277426907392
0.19645065334855613
0.18244208982506943
0.1684399795197901
0.15444729667778276
0.1404670921579624
0.1265024913694846
0.11255669194904402
0.09863296117452808
0.08473463311155059
0.07086510549055197
0.05702783631342877
0.04322634018999004
0.02946418440599836
0.01574498472604761
0.002072400936135514
-0.011549867867580289
-0.025118088235645236
-0.03862849755786959
-0.052077309479911994
-0.06546071953044046
-0.07877491094368046
-0.09201606066042925
-0.10518034548893841
-0.11826394840543905
-0.13126306497256776
-0.14417390985249368
-0.15699272339026651
-0.16971577824170594
-0.18233938601916924
-0.19485990392767347
-0.20727374136322305
-0.2195773664447461
-0.2317673124508112
-0.24384018413231148
-0.25579266387252786
-0.26762151766644965
-0.2793236008919434
-0.29089586384629706
-0.3023353570228312
-0.3136392361036664
-0.32480476664632446
-0.33582932844364083
-0.3467104195384253
-0.3574456598764434
-0.3680327945835389
-0.3784696968550969
-0.3887543704485012
-0.3988849517717466
-0.40885971156392326
-0.41867705616582995
-0.42833552838150585
-0.4378338079339442
-0.4471707115206585
-0.4563451924770647
-0.4653563400578452
-0.47420337834848536
-0.4828856648210768
-0.491402688550183
-0.4997540681061054
-0.5079395491442253
-0.5159590017102278
-0.5238124172819688
-0.5314999055694712
-0.5390216910950726
-0.5463781095760878
-0.5535696041325058
-0.560596721342198
-0.567460107165923
-0.5741605027640574
-0.5806987402264601
-0.587075738236268
-0.5932924976876516
-0.5993500972767017
-0.6052496890836964
-0.6109924941639694
-0.6165797981635353
-0.6220129469745191
-0.6272933424442881
-0.6324224381510342
-0.6374017352573796
-0.6422327784524319
-0.6469171519915576
-0.65145647584204
-0.6558524019416844
-0.6601066105763933
-0.6642208068817267
-0.6681967174725048
-0.6720360872036027
-0.6757406760642453
-0.6793122562073001
-0.6827526091143503
-0.6860635228966284
-0.689246789731292
-0.6923042034319447
-0.6952375571518019
-0.6980486412174529
-0.7007392410907552
-0.7033111354560719
-0.7033486299884456
-0.7033853417986268
-0.7034212724383309
-0.7034564234266701
-0.7034907962502901
-0.7035243923633682
-0.7035572131875812
-0.7035892601122373
-0.7036205344942967
-0.7036510376582762
-0.7036807708964611
-0.703709735468794
-0.7037379326029823
-0.7037653634945016
-0.703792029306607
-0.703817931170389
-0.7038430701847777
-0.7038674474165542
-0.7038910639004357
-0.7039139206390462
-0.7039360186029183
-0.703957358730596
-0.7039779419285954
-0.7039977690714126
-0.7040168410015973
-0.7040351585297512
-0.7040527224344943
-0.7040695334626078
-0.7040855923288919
-0.7041008997162963
-0.7041154562759274
-0.704129262626978
-0.7041423193568471
-0.7041546270211146
-0.7041661861434916
-0.7041769972159281
-0.7041870606986104
-0.7041963770198705
-0.7042049465763227
-0.7042127697328276
-0.7042198468224331
-0.7042261781465193
-0.7042317639746635
-0.7042366045447362
-0.7042407000629127
-0.7042440507035693
-0.7042466566094276
-0.7042485178914956
-0.7042496346290216
-0.7042500068695763
0.7046448628912548
0.7046439134892791
0.7046410652952964
0.7046363183451348
0.7046296726985105
0.7046211284390246
0.7046106856741631
0.7045983445352962
0.7045841051776772
0.7045679677804423
0.7045499325466076
0.7045299997030694
0.7045081695006012
0.704484442213853
0.7044588181413484
0.7044312976054826
0.7044018809525217
0.7043705685525967
0.704337360799705
0.7043022581117045
0.7042652609303122
0.7042263697211
0.7041855849734926
0.704142907200763
0.7040983369400292
0.7040518747522496
0.7040035212222215
0.7039532769585735
0.7039011425937635
0.7038471187840737
0.7037912062096052
0.7037334055742748
0.7036737176058078
0.7036121430557353
0.7035486826993862
0.7034833373358848
0.7034161077881426
0.7033469949028532
0.7032759995504873
0.7032031226252856
0.7031283650452529
0.7030517277521515
0.702973211711495
0.7028928179125411
0.702810547368285
0.7027264011154518
0.702640380214491
0.7025524857495669
0.7024627188285522
0.7023710805830207
0.7022775721682386
0.6960564936411141
0.6899224493152816
0.6838750644656857
0.6779139862693435
0.6720388829416508
0.6662494429063629
0.6605453739972074
0.6549264026892337
0.6493922733581274
0.6439427475658466
0.6385776033710532
0.6332966346629063
0.6280996505169006
0.6229864745715096
0.6179569444244856
0.613010911047756
0.6081482382199123
0.6033688019753795
0.5986724900694058
0.594059201458077
0.5895288457926243
0.5850813429273409
0.58071662244048
0.5764346231675529
0.5722352927464905
0.5681185871741786
0.5640844703739153
0.5601329137733764
0.5562638958927109
0.5524774019424304
0.548773423430774
0.545151957780276
0.541613007953282
0.5381565820861929
0.5347826931322361
0.5314913585125938
0.5282825997757364
0.5251564422648315
0.5221129147931205
0.5191520493271764
0.5162738806779635
0.5134784461996509
0.510765785496138
0.5081359401352643
0.5055889533706959
0.5031248698714844
0.5007437354593158
0.49844559685346645
0.49623050142349917
0.4940984969497429
0.4920496313915999
0.4900839526637346
0.48820150842020765
0.4864023458466191
0.4846865114603285
0.48305405091882697
0.4815050088363355
0.4800394286087083
0.4786573522467161
0.47735882021779513
0.4761438712963319
0.47501254242256885
0.4739648685702037
0.4730008826227569
0.47212061525878174
0.4713240948459809
0.47061134734429777
0.4699823962180446
0.46943726235711924
0.4689759640073652
0.46859851671012304
0.46830493325100686
0.46809522361794953
0.4679693949685396
0.46792745160667276
0.4679693949685396
0.46809522361794953
0.4683049332510067
0.46859851671012304
0.4689759640073652
0.46943726235711924
0.4699823962180446
0.47061134734429777
0.4713240948459809
0.47212061525878174
0.4730008826227569
0.47396486857020353
0.47501254242256885
0.4761438712963319
0.47735882021779513
0.4786573522467161
0.4800394286087083
0.4815050088363357
0.48305405091882697
0.4846865114603285
0.4864023458466191
0.48820150842020765
0.4900839526637346
0.4920496313916001
0.494098496949743
0.4962305014234992
0.4984455968534666
0.5007437354593162
0.5031248698714849
0.5055889533706961
0.5081359401352646
0.5107657854961385
0.5134784461996513
0.5162738806779639
0.5191520493271768
0.5221129147931208
0.5251564422648319
0.528282599775737
0.5314913585125947
0.5347826931322369
0.5381565820861937
0.5416130079532827
0.5451519577802769
0.5487734234307748
0.5524774019424314
0.556263895892712
0.5601329137733775
0.5640844703739164
0.5681185871741796
0.5722352927464914
0.5764346231675541
0.5807166224404816
0.5850813429273423
0.5895288457926257
0.5940592014580786
0.5986724900694075
0.6033688019753815
0.6081482382199142
0.6130109110477578
0.6179569444244875
0.6229864745715115
0.6280996505169028
0.6332966346629083
0.6385776033710552
0.6439427475658488
0.6493922733581298
0.6549264026892362
0.6605453739972097
0.6662494429063652
0.6720388829416534
0.6779139862693465
0.6838750644656884
0.6899224493152842
0.696056493641117
0.7022775721682613
0.7023710805830452
0.7024627188285568
0.7025524857495967
0.7026403802145073
0.7027264011154489
0.702810547368308
0.7028928179125514
0.7029732117114702
0.7030517277521706
0.70312836504526
0.703203122625309
0.7032759995505048
0.7033469949028597
0.7034161077881497
0.703483337335887
0.7035486826993951
0.7036121430557619
0.703673717605814
0.7037334055742712
0.703791206209621
0.7038471187840694
0.7039011425937509
0.7039532769585808
0.7040035212222266
0.7040518747522474
0.7040983369400473
0.704142907200746
0.7041855849735029
0.704226369721115
0.7042652609303097
0.7043022581117301
0.7043373607997195
0.7043705685525947
0.7044018809525485
0.7044312976054995
0.7044588181413326
0.7044844422138671
0.7045081695006061
0.7045299997030595
0.7045499325466283
0.7045679677804375
0.7045841051776927
0.7045983445353091
0.7046106856741517
0.7046211284390509
0.7046296726985187
0.7046363183451194
0.7046410652953027
0.7046439134892855
0.7046448628912552
-0.7042500068695763
-0.7042496346290189
-0.7042485178914929
-0.7042466566094339
-0.7042440507035661
-0.7042407000629024
-0.7042366045447405
-0.7042317639746584
-0.7042261781465133
-0.7042198468224348
-0.7042127697328195
-0.7042049465763268
-0.7041963770198687
-0.7041870606986049
-0.7041769972159343
-0.7041661861434849
-0.7041546270211038
-0.704142319356848
-0.7041292626269722
-0.7041154562759171
-0.7041008997162974
-0.7040855923288862
-0.7040695334626039
-0.7040527224345013
-0.7040351585297445
-0.7040168410015983
-0.7039977690714107
-0.7039779419285923
-0.7039573587306008
-0.7039360186029202
-0.7039139206390405
-0.7038910639004372
-0.7038674474165515
-0.703843070184767
-0.7038179311703858
-0.7037920293066061
-0.7037653634944988
-0.7037379326029798
-0.7037097354687869
-0.7036807708964518
-0.7036510376582732
-0.703620534494289
-0.7035892601122472
-0.7035572131875771
-0.7035243923633587
-0.7034907962502915
-0.7034564234266637
-0.7034212724383192
-0.7033853417986247
-0.7033486299884358
-0.7033111354560629
-0.7007392410907543
-0.6980486412174518
-0.6952375571518006
-0.6923042034319431
-0.6892467897312906
-0.6860635228966269
-0.6827526091143489
-0.6793122562072986
-0.6757406760642436
-0.6720360872036012
-0.6681967174725031
-0.6642208068817251
-0.6601066105763916
-0.6558524019416827
-0.6514564758420381
-0.6469171519915559
-0.64223277845243
-0.6374017352573779
-0.6324224381510325
-0.6272933424442864
-0.6220129469745175
-0.6165797981635335
-0.6109924941639674
-0.6052496890836948
-0.5993500972766997
-0.5932924976876498
-0.5870757382362662
-0.5806987402264578
-0.5741605027640556
-0.5674601071659217
-0.5605967213421962
-0.5535696041325042
-0.5463781095760862
-0.5390216910950709
-0.5314999055694697
-0.5238124172819671
-0.5159590017102261
-0.5079395491442241
-0.499754068106104
-0.49140268855018127
-0.48288566482107553
-0.4742033783484838
-0.46535634005784376
-0.45634519247706373
-0.4471707115206575
-0.43783380793394305
-0.4283355283815045
-0.41867705616582884
-0.4088597115639224
-0.39888495177174577
-0.3887543704485004
-0.3784696968550961
-0.368032794583538
-0.3574456598764428
-0.34671041953842474
-0.3358293284436403
-0.3248047666463242
-0.3136392361036663
-0.3023353570228311
-0.29089586384629706
-0.2793236008919435
-0.26762151766644965
-0.2557926638725282
-0.2438401841323118
-0.23176731245081167
-0.21957736644474687
-0.20727374136322366
-0.19485990392767408
-0.18233938601917035
-0.1697157782417068
-0.15699272339026746
-0.14417390985249495
-0.13126306497256915
-0.11826394840544072
-0.10518034548893967
-0.09201606066043072
-0.07877491094368179
-0.06546071953044182
-0.05207730947991326
-0.03862849755787066
-0.025118088235646263
-0.011549867867581184
0.002072400936134798
0.015744984726046896
0.029464184405997778
0.04322634018998976
0.05702783631342825
0.07086510549055197
0.08473463311155041
0.09863296117452808
0.11255669194904411
0.12650249136948463
0.1404670921579627
0.15444729667778306
0.16843997951979045
0.18244208982506993
0.19645065334855724
0.210462774269075
0.22447563675220267
0.23848650627314696
0.25249273070747386
0.2664917411981425
0.2804810528077752
0.2944582649655089
0.3084210617180942
0.3223672117951431
0.3362945684986186
0.3502010694267307
0.36408473604246555
0.377943673096932
0.3917760679176396
0.40558018957171
0.4193543879138222
0.4330970925285263
0.4468068115762859
0.46048213055235276
0.4741217109672896
0.4877242889576289
0.501288673834825
0.5148137465803274
0.5282984582942306
0.541741828604597
0.5551429440442003
0.5685009564010524
0.5818150810487173
0.5950845952620588
0.6083088365237083
0.6214872008261828
0.6346191409742556
0.6477041648918239
0.660741833937228
0.6737317612306272
0.6866736099967682
0.6995670919261749
0.7124119655575124
0.7252080346836294
0.7379551467835102
0.750653191482153
0.7633020990401472
0.7759018388745217
0.7884524181122368
0.8009538801774954
0.8134063034138937
0.8258097997422436
0.8381645133547739
0.850470619446258
0.8627283229824988
0.8749378575064745
0.887099483982343
0.899213489677445
0.89939392754091
0.899570709975092
0.8997438376068144
0.8999133110495848
0.9000791309041236
0.9002412977581722
0.9003998121862095
0.9005546747499104
0.9007058859981184
0.9008534464662383
0.9009973566771122
0.9011376171403481
0.9012742283527124
0.9014071907980058
0.901536504947002
0.9016621712575847
0.9017841901746533
0.901902562130063
0.9020172875429213
0.9021283668193324
0.9022358003523052
0.9023395885221455
0.9024397316961682
0.9025362302286375
0.9026290844610285
0.9027182947219337
0.902803861326808
0.902885784578587
0.9029640647669128
0.9030387021686881
0.9031096970480461
0.903177049655933
0.9032407602306275
0.9033008289975508
0.9033572561689761
0.9034100419444852
0.9034591865109041
0.9035046900418222
0.9035465526982073
0.9035847746281799
0.9036193559666935
0.9036502968362146
0.9036775973460103
0.9037012575926052
0.9037212776598141
0.903737657618192
0.9037503975257463
0.9037594974276161
0.903764957355843
0.9037667773297633
