0.902463036955411
0.902461456899603
0.9024567167319993
0.9024488164520613
0.9024377560588918
0.902423535551237
0.9024061549274871
0.9023856141856789
0.9023619133234987
0.9023350523382855
0.9023050312270335
0.9022718499863978
0.9022355086126969
0.9021960071019199
0.9021533454497305
0.9021075236514726
0.9020585417021783
0.9020063995965741
0.9019510973290881
0.901892634893857
0.9018310122847362
0.9017662294953085
0.9016982865188906
0.9016271833485477
0.9015529199770987
0.9014754963971309
0.9013949126010087
0.9013111685808871
0.9012242643287227
0.9011341998362861
0.9010409750951771
0.9009445900968358
0.9008450448325588
0.9007423392935126
0.9006364734707485
0.90052744735522
0.9004152609377967
0.9002999142092829
0.9001814071604319
0.9000597397819675
0.8999349120645984
0.8998069239990388
0.8996757755760271
0.8995414667863446
0.899403997620837
0.8992633680704333
0.899119578126169
0.8989726277792048
0.8988225170208515
0.8986692458425907
0.8985128142360984
0.888889057189547
0.8792654752382626
0.8696430041968036
0.8600226006763799
0.8504052418126218
0.8407919249611449
0.8311836673603658
0.8215815057610929
0.811986496022477
0.8023997126739941
0.7928222484431959
0.7832552137490606
0.7736997361608537
0.7641569598225043
0.7546280448425962
0.7451141666501707
0.735616515316639
0.7261362948442063
0.7166747224213149
0.707233027645729
0.697812451715973
0.6884142465919776
0.6790396741258725
0.6696900051639829
0.6603665186212099
0.6510705005290646
0.6418032430587552
0.6325660435208124
0.6233602033428559
0.6141870270272002
0.6050478210900901
0.595943892984453
0.5868765500081357
0.5778470981996794
0.5688568412237579
0.5599070792484646
0.5509991078167082
0.5421342167140142
0.5333136888350808
0.5245387990514737
0.5158108130828646
0.5071309863742414
0.49850056298151996
0.48992077446799437
0.481392838814035
0.47291795934244185
0.46449732366181257
0.45613210263025156
0.4478234493416965
0.4395724981370738
0.43138036364243076
0.42324813983610804
0.41517689914694
0.40716769158535965
0.3992215439092041
0.3913394588258889
0.38352241423251504
0.37577136249535015
0.36808722976999625
0.3604709153634291
0.3529232911389584
0.34544520096502396
0.3380374602085973
0.33070085527382664
0.3234361431864115
0.31624405122405963
0.30912527659323613
0.302080486152268
0.2951103161807419
0.2882153721949902
0.2813962288093294
0.2746534296425885
0.267987487269347
0.26139888321517485
0.2548880679950611
0.24845546119411036
0.24210145158948362
0.23582639731247035
0.22963062604948425
0.22351443528070822
0.2174780925550257
0.21152183579982398
0.20564587366418902
0.19985038589396514
0.194135523737107
0.18850141037771792
0.18294814139713853
0.17747578526043178
0.17208438382658725
0.16677395288077412
0.16154448268695418
0.15639593855918593
0.15132826144995054
0.14634136855385066
0.1414351539250596
0.1366094891069117
0.13186422377206888
0.127199186371726
0.12261418479235608
0.11810900701854209
0.11368342180048396
0.10933717932481925
0.10507001188744318
0.10088163456707255
0.09677174589833999
0.09274002854327587
0.0887861499600752
0.08490976306811711
0.08111050690825376
0.0773880072974453
0.07374187747687712
0.07017171875274983
0.06667712112899178
0.0632576639311947
0.05991291642113955
0.0566424384013171
0.05344578080891731
0.05032248629880054
0.04727208981502294
0.04429411915052772
0.041388095494670527
0.03855353396828418
0.035789944146035084
0.033096830565869095
0.03047369322537276
0.027920028064928406
0.025435327437565148
0.02301908056544888
0.020670773982984125
0.0183898919665332
0.016175916950781955
0.01402832993181162
0.011946610856962287
0.009930239001591956
0.007978693332863156
0.006091452860699177
0.004267996976081073
0.0025078057768692786
0.0008103603813377277
-0.0008248567703526933
-0.002398361626531262
-0.0039106682460025915
-0.005362288531398817
-0.006753731973641528
-0.008085505407258706
-0.009358112776284892
-0.01057205491047165
-0.01172782931153984
-0.012825929949179549
-0.013866847066529147
-0.013883297680997076
-0.013899401431793681
-0.013915159210301125
-0.013930571889290665
-0.013945640323004473
-0.01396036534712001
-0.013974747778779103
-0.01398878841660506
-0.014002488040682423
-0.014015847412611703
-0.01402886727549607
-0.014041548353952639
-0.014053891354121032
-0.014065896963679088
-0.014077565851861044
-0.01408889866943971
-0.014099896048770062
-0.014110558603762815
-0.014120886929923766
-0.014130881604344581
-0.014140543185719407
-0.014149872214349468
-0.014158869212134403
-0.014167534682615765
-0.014175869110952893
-0.01418387296394528
-0.014191546690031745
-0.014198890719293394
-0.014205905463476614
-0.014212591315977243
-0.014218948651872575
-0.014224977827888795
-0.014230679182438479
-0.014236053035620843
-0.014241099689211358
-0.01424581942668559
-0.014250212513187905
-0.014254279195586637
-0.014258019702437568
-0.014261434244004466
-0.014264523012258301
-0.014267286180868342
-0.014269723905225283
-0.014271836322429931
-0.014273623551314627
-0.014275085692395285
-0.014276222827941257
-0.01427703502191796
-0.014277522320023986
-0.01427768474968292
-0.15318841554645016
-0.15318774122567938
-0.1531857182548592
-0.15318234660846694
-0.1531776262439647
-0.1531715571018021
-0.15316413910541699
-0.1531553721612374
-0.15314525615868466
-0.1531337909701762
-0.1531209764511298
-0.15310681243996618
-0.15309129875811522
-0.15307443521001998
-0.15305622158314214
-0.15303665764796814
-0.15301574315801597
-0.15299347784984166
-0.15296986144304617
-0.152944893640285
-0.1529185741272738
-0.1528909025727999
-0.1528618786287298
-0.15283150193001976
-0.15279977209472562
-0.1527666887240134
-0.15273225140217084
-0.1526964596966195
-0.15265931315792555
-0.15262081131981275
-0.15258095369917732
-0.15253973979609825
-0.15249716909385425
-0.1524532410589365
-0.15240795514106456
-0.15236131077320103
-0.15231330737156812
-0.15226394433566293
-0.15221322104827603
-0.15216113687550697
-0.15210769116678358
-0.1520528832548785
-0.15199671245592966
-0.15193917806945878
-0.1518802793783901
-0.1518200156490722
-0.15175838613129733
-0.15169539005832258
-0.1516310266468923
-0.15156529509725827
-0.15149819459320427
-0.1473438414881407
-0.14313814820933154
-0.13888199606537696
-0.1345762581532033
-0.1302217991665606
-0.12581947521052847
-0.12137013362238849
-0.11687461279918529
-0.11233374203226226
-0.10774834134901386
-0.10311922136206865
-0.0984471831260768
-0.09373301800225114
-0.08897750753077131
-0.08418142331113507
-0.07934552689051597
-0.07447056966015146
-0.06955729275977038
-0.0646064269900376
-0.059618692732975063
-0.05459479988029568
-0.049535447769571694
-0.04444132512813578
-0.039313110024597364
-0.034151469827850396
-0.028957061173418078
-0.02373052993698664
-0.018472511214954152
-0.01318362931181813
-0.007864497734213551
-0.002515719191407276
0.00286211439795442
0.008268421893051854
0.013702632912266099
0.01916418780893584
0.024652537641718597
0.030167144139775285
0.03570747966300829
0.04127302715756884
0.04686328010686635
0.05247774247829886
0.05811592866592963
0.06377736342933453
0.06946158182883282
0.07516812915732834
0.08089656086896602
0.0866464425048253
0.0924173496158464
0.09820886768320715
0.10402059203633822
0.10985212776878063
0.11570308965207335
0.12157310204785969
0.1274617988183923
0.13336882323561414
0.1392938278889928
0.14523647459226594
0.15119643428926802
0.1571733869589923
0.16316702152003917
0.16917703573460025
0.17520313611211655
0.1812450378127508
0.18730246455080532
0.19337514849820894
0.1994628301881999
0.20556525841932005
0.21168219015983247
0.21781339045267029
0.22395863232102522
0.23011769667466983
0.2362903722171098
0.2424764553536634
0.24867575010054813
0.2548880679950622
0.2611132280069409
0.26735105645096613
0.27360138690089575
0.2798640601047932
0.2861389239018152
0.29242583314052895
0.2987246495988139
0.30503524190541403
0.31135748546319075
0.31769126237413575
0.3240364613661934
0.33039297772194287
0.33676071320918943
0.3431395760135127
0.34952948067281225
0.3559303480139016
0.36234210509118764
0.3687646851274778
0.37519802745695957
0.38164207747038736
0.3880967865625181
0.3945621120818345
0.4010380172825956
0.40752447127924807
0.4140214490032435
0.4205289311622941
0.4270469042021082
0.4335753602706436
0.44011429718492023
0.4466637184004281
0.45322363298317836
0.45979405558443004
0.4663750064181493
0.4729665112412303
0.47956860133653656
0.48618131349880483
0.49280469002346056
0.49943877869840225
0.5060836327988006
0.5127393110849755
0.5194058778034073
0.5260834026909451
0.5327719609822746
0.5394716334207169
0.5461825062724261
0.5529046713440658
0.5596382260040381
0.5663832732073526
0.5731399215242208
0.5799082851724711
0.5866884840538795
0.593480643794519
0.6002848957892399
0.6071013772503903
0.6139302312609037
0.62077160683188
0.6276256589647887
0.6344925487184521
0.6413724432809406
0.6482655160465596
0.6551719466980803
0.6620919212944028
0.6690256323638404
0.6759732790032182
0.6829350669830097
0.6899112088587205
0.6969019240887732
0.7039074391591328
0.7109279877149404
0.7179638106994508
0.7250151565005546
0.7320822811052136
0.7391654482621485
0.7462649296531275
0.7533810050732515
0.7534968163390015
0.7536102923107008
0.7537214327246502
0.7538302373222212
0.7539367058503443
0.7540408380611806
0.7541426337122564
0.7542420925665092
0.754339214392068
0.7544339989625689
0.7545264460569984
0.7546165554596962
0.7547043269603648
0.7547897603540937
0.7548728554414491
0.7549536120282726
0.7550320299259334
0.7551081089510886
0.7551818489258919
0.7552532496778974
0.7553223110401052
0.7553890328509454
0.7554534149541782
0.7555154571991491
0.755575159440564
0.7556325215386172
0.755687543358933
0.7557402247725511
0.7557905656560523
0.7558385658913962
0.7558842253661341
0.7559275439731193
0.7559685216107604
0.7560071581829825
0.7560434535991263
0.7560774077740955
0.7561090206280902
0.7561382920870021
0.7561652220821077
0.7561898105502127
0.7562120574336141
0.7562319626800189
0.7562495262427105
0.756264748080426
0.7562776281575248
0.7562881664436135
0.7562963629140464
0.7563022175495108
0.7563057303362775
0.756306901266137
-0.2505329481712167
-0.25053200584356805
-0.2505291788532091
-0.25052446717790106
-0.2505178707805778
-0.2505093896093519
-0.2504990235975121
-0.2504867726635275
-0.2504726367110512
-0.2504566156289228
-0.2504387092911729
-0.2504189175570272
-0.2503972402709125
-0.2503736772624614
-0.2503482283465195
-0.25032089332315105
-0.25029167197764735
-0.2502605640805346
-0.25022756938758006
-0.25019268763980457
-0.2501559185634895
-0.25011726187018674
-0.250076717256731
-0.25003428440524816
-0.24998996298317044
-0.24994375264324553
-0.24989565302355013
-0.24984566374750386
-0.249793784423883
-0.24974001464683354
-0.24968435399588743
-0.24962680203597723
-0.24956735831745214
-0.24950602237609473
-0.24944279373313752
-0.2493776718952812
-0.2493106563547116
-0.24924174658911974
-0.24917094206171936
-0.2490982422212678
-0.24902364650208605
-0.24894715432407877
-0.24886876509275585
-0.24878847819925606
-0.24870629302036573
-0.24862220891854483
-0.24853622524194985
-0.24844834132445506
-0.24835855648568167
-0.24826687003101808
-0.24817328125164914
-0.2423928773146989
-0.23656807252923315
-0.23069987166523076
-0.22478927165622592
-0.21883726111505422
-0.21284481986861287
-0.20681291851201422
-0.200742517982425
-0.19463456915283364
-0.18849001244590646
-0.18230977746804158
-0.17609478266365786
-0.16984593498970801
-0.1635641296103432
-0.15725024961160786
-0.15090516573599136
-0.14452973613662393
-0.13812480615085004
-0.13169120809288853
-0.12522976106523576
-0.11874127078845051
-0.11222652944891279
-0.10568631556414174
-0.09912139386520924
-0.09253251519579014
-0.08592041642734807
-0.07928582038995663
-0.07262943581823145
-0.06595195731184847
-0.05925406531009937
-0.052536426079945873
-0.04579969171701835
-0.03904450015900263
-0.032271475210869996
-0.02548122658138394
-0.018674349930345883
-0.011851426926025551
-0.005013025312237647
0.0018403010154698642
0.008708011925041767
0.0155895809550748
0.022484495214416665
0.02939225527470503
0.03631237505632911
0.04324438170829137
0.05018781548242951
0.05714222960245015
0.06410719012820804
0.07108227581565296
0.07806707797285724
0.08506120031251452
0.09206425880129071
0.09907588150639896
0.10609570843974575
0.11312339139998905
0.12015859381283632
0.12720099056988834
0.1342502678663313
0.14130612303775844
0.14836826439639297
0.1554364110669728
0.16251029282253682
0.16958964992035322
0.17667423293820644
0.1837638026112523
0.19085812966964044
0.19795699467709302
0.20506018787061228
0.21216750900148612
0.21927876717774689
0.22639378070823094
0.23351237694837335
0.24063439214787405
0.247759671300345
0.25488806799506214
0.2620194442709156
0.26915367047266797
0.2762906251095966
0.2834301947166175
0.2905722737179588
0.29771676429345956
0.30486357624755933
0.3120126268810384
0.3191638408655665
0.3263171501211075
0.33347249369623244
0.3406298176513786
0.3477890749450965
0.35495022532332066
0.36211323521169525
0.3692780776109873
0.37644473199560896
0.38361318421528023
0.39078342639985214
0.39795545686730716
0.4051292800349629
0.41230490633389066
0.4194823521265709
0.42666163962779513
0.43384279682883375
0.4410258574248818
0.4482108607457975
0.4553978516901451
0.4625868806625595
0.4697780035144421
0.47697128148800805
0.48416678116369005
0.4913645744109301
0.4985647383423584
0.5057673552713893
0.512972512673251
0.5201803031494648
0.5273908243958072
0.5346041791737649
0.5418204752855204
0.5490398255524948
0.5562623477974751
0.5634881648303632
0.5707174044375836
0.577950199375186
0.5851866873656908
0.5924270110987226
0.5996713182354777
0.6069197614170847
0.6141724982769193
0.6214296914569251
0.6286915086280198
0.6359581225146526
0.6432297109235936
0.6505064567770379
0.6577885481501103
0.6650761783128724
0.6723695457769301
0.6796688543467501
0.6869743131758035
0.6942861368276612
0.7016045453421711
0.7089297643068603
0.7162620249337098
0.7236015641414695
0.7309486246436693
0.7383034550425251
0.7456663099289185
0.7530374499886612
0.7604171421152661
0.7678056595294496
0.7752032819056132
0.7826102955055774
0.7900269933198278
0.7974536752165964
0.7975744809361759
0.7976928487746004
0.7978087785716559
0.79792227017005
0.7980333234159158
0.7981419381584746
0.7982481142501731
0.798351851546733
0.7984531499069216
0.7985520091928803
0.7986484292699634
0.7987424100067397
0.7988339512750019
0.798923052949793
0.7990097149095008
0.7990939370356455
0.799175719213147
0.7992550613300694
0.7993319632778438
0.7994064249511657
0.7994784462480424
0.7995480270697775
0.799615167320867
0.7996798669092635
0.7997421257461437
0.7998019437460414
0.799859320826787
0.7999142569094916
0.7999667519186779
0.8000168057821129
0.8000644184310278
0.8001095897998165
0.8001523198263016
0.8001926084516915
0.8002304556204767
0.8002658612805824
0.8002988253830918
0.800329347882658
0.8003574287371832
0.8003830679079708
0.800406265359684
0.8004270210602629
0.8004453349810967
0.8004612070968968
0.8004746373858713
0.8004856258293361
0.8004941724122341
0.8005002771227053
0.8005039399523454
0.8005051608961421
