0.902463036955411
0.902423535551237
0.9023050312270335
0.9021075236514726
0.9018310122847362
0.9014754963971309
0.9010409750951771
0.90052744735522
0.8999349120645984
0.8992633680704333
0.8985128142360984
0.8976832495054483
0.8967746729748959
0.8957870839734258
0.8947204821506549
0.893574867573056
0.8923502408284639
0.8910466031390057
0.8896639564825902
0.8882023037231191
0.886661648749573
0.8850419966241502
0.8833433537396324
0.8815657279861697
0.8797091289276793
0.8777735679880597
0.875759058647439
0.8736656166486683
0.871493260214295
0.8692420102742384
0.8669118907044177
0.8645029285765662
0.8620151544194898
0.8594486024920193
0.8568033110679109
0.8540793227329652
0.8512766846946181
0.8483954491042752
0.8454356733926489
0.8423974206183721
0.8392807598301434
0.83608576644267
0.8328125226266663
0.8294611177131598
0.8260316486123512
0.8225242202472707
0.8189389460024527
0.81527594818786
0.8115353585182516
0.8077173186081948
0.8038219804828894
0.7955007353082895
0.7871871236917043
0.7788818808480852
0.7705857515668861
0.7622994899184774
0.7540238589458179
0.7457596303414757
0.7375075841101152
0.7292685082166084
0.721043198219961
0.7128324568932735
0.7046370938300011
0.696457925036807
0.6882957725133406
0.6801514638193106
0.6720258316292551
0.663919713275447
0.6558339502794184
0.647769387872604
0.6397268745066573
0.631707261354015
0.623711401799322
0.6157401509223649
0.6077943649731796
0.5998749008400517
0.5919826155111261
0.584118365530398
0.5762830064488572
0.568477392271602
0.5607023749017398
0.552958803581927
0.5452475243344054
0.5375693794004127
0.5299252066798542
0.5223158391721322
0.5147421044190343
0.5072048239505936
0.4997048127348183
0.4922428786322111
0.48481982185596745
0.4774364344387597
0.4700934997069842
0.4627917917633516
0.45553207497867204
0.4483151034936833
0.44114162073173285
0.43401235892311973
0.42692803864186096
0.41988936835562857
0.41289704398957267
0.4059517485047081
0.3990541514915145
0.39220490877936026
0.3854046620623216
0.378654038541934
0.37195365058736335
0.3653040954134546
0.3587059547770581
0.35215979469199976
0.345666165163018
0.3392255999389309
0.3328386162852702
0.32650571477655815
0.32022737910836485
0.31400407592923457
0.30783625469252685
0.3017243475281678
0.295668769134276
0.28966991668856296
0.28372816977938514
0.2778438903562756
0.27201742269973983
0.2662490934100688
0.26053921141487996
0.25488806799506175
0.24929593682877246
0.24376307405309305
0.23828971834292575
0.2328760910066859
0.22752239609831534
0.22222882054512105
0.2169955342909188
0.21182269045394164
0.20671042549896174
0.2016588594230404
0.19666809595433576
0.1917382227633557
0.18686931168605475
0.18206141895816103
0.17731458546010487
0.17262883697192985
0.16800418443756024
0.16344062423778957
0.15893813847137592
0.15449669524361181
0.15011624896175715
0.1457967406367231
0.1415380981904007
0.1373402367680425
0.13320305905511406
0.1291264555980383
0.12511030512827753
0.12115447488920285
0.11725882096522097
0.11342318861264007
0.10964741259177288
0.10593131749979394
0.10227471810388226
0.09867741967419781
0.09513921831626251
0.09165990130232866
0.08823924740133893
0.0848770272071035
0.08157300346433137
0.07832693139218126
0.07513855900500364
0.07200762742997863
0.06893387122135852
0.06591701867105602
0.0629567921153209
0.06005290823728529
0.05720507836515341
0.05441300876584937
0.05167640093393778
0.04899495187565525
0.04636835438790793
0.04379629733209838
0.041278465902669995
0.03881454189026374
0.03640420393939578
0.03404712780058731
0.031742986576877026
0.029491450964670207
0.027292189488884174
0.025144868732365253
0.02304915355955719
0.02100470733441718
0.01901119213258255
0.017068268947801217
0.015175597892644168
0.013332838393536925
0.011539649380133184
0.009795689469091722
0.00810061714229389
0.006454090919565305
0.004855769525964513
0.003305312053702931
0.0018023781187742345
0.00034662801236640274
-0.0010622771528566721
-0.0017054157120522365
-0.0023257224896456206
-0.0029238313018797374
-0.003500359608580666
-0.004055908723637076
-0.004591064020948292
-0.0051063951357828916
-0.005602456161492619
-0.006079785841535513
-0.006538907756772703
-0.006980330508011444
-0.007404547893770895
-0.007812039083262432
-0.008203268784573708
-0.008578687408051611
-0.008938731224898327
-0.009283822520972837
-0.009614369745825272
-0.009930767656967042
-0.01023339745940593
-0.010522626940457663
-0.010798810599867092
-0.011062289775257387
-0.011313392762941103
-0.0115524349341148
-0.01177971884647709
-0.011995534351292194
-0.01220015869593462
-0.012393856621945021
-0.012576880458633963
-0.012749470212258586
-0.012911853650809624
-0.013064246384435834
-0.013206851941539576
-0.013339861840573413
-0.013463455657562415
-0.013577801089386405
-0.013683054012844467
-0.013779358539527312
-0.01386684706652812
-0.01394564032300232
-0.014015847412610808
-0.014077565851857779
-0.01413088160434458
-0.014175869110953745
-0.014212591315977602
-0.014241099689211315
-0.014261434244006839
-0.014273623551310682
-0.01427768474968292
-0.15318841554645016
-0.1531715571018021
-0.1531209764511298
-0.15303665764796814
-0.1529185741272738
-0.1527666887240134
-0.15258095369917732
-0.15236131077320103
-0.15210769116678358
-0.1518200156490722
-0.15149819459320427
-0.15114212803916102
-0.15075170576391447
-0.15032680735882661
-0.14986730231425766
-0.14937305011134377
-0.14884390032089573
-0.1482796927093608
-0.14768025735179716
-0.14704541475179472
-0.14637497596827792
-0.1456687427491199
-0.14492650767149262
-0.1441480542888691
-0.1433331572845991
-0.1424815826319596
-0.14159308776058874
-0.14066742172920144
-0.13970432540447966
-0.1387035316460221
-0.13766476549723755
-0.13658774438205734
-0.13547217830733532
-0.13431777007079934
-0.13312421547441028
-0.13189120354298148
-0.1306184167478986
-0.12930553123578173
-0.1279522170619168
-0.1265581384282818
-0.12512295392598263
-0.12364631678190978
-0.12212787510941786
-0.12056727216282233
-0.11896414659550139
-0.11731813272138528
-0.11562886077960408
-0.11389595720206196
-0.1121190448836935
-0.1102977434551581
-0.10843166955771347
-0.1044186696703266
-0.10037311780884386
-0.09629553486400481
-0.09218643616419638
-0.08804633141439747
-0.0838757246385579
-0.079675114125414
-0.07544499237776434
-0.07118584606519382
-0.06689815598024526
-0.06258239699802352
-0.05823903803920612
-0.05386854203644087
-0.049471365904089064
-0.04504796051127907
-0.04059877065822532
-0.03612423505576383
-0.03162478630804807
-0.027100850898350244
-0.02255284917790681
-0.01798119535773735
-0.013386297503379323
-0.008768557532455328
-0.004128371215010391
0.000533871823461557
0.005217788096381389
0.009923000247910978
0.01464913704232803
0.019395833351030334
0.024162730137248158
0.028949474438551864
0.033755719347236667
0.03858112398866905
0.04342535349767667
0.048288078993067966
0.053168977550363095
0.05806773217282422
0.06298403176085686
0.06791757107987809
0.07286805072671923
0.07783517709465805
0.082818662337142
0.08781822433029722
0.0928335866342872
0.09786447845360874
0.10291063459638586
0.10797179543274803
0.11304770685235288
0.11813812022113164
0.12324279233732156
0.12836148538685063
0.13349396689814577
0.1386400096964219
0.14379939185751603
0.14897189666132934
0.15415731254493098
0.1593554330553851
0.1645660568023548
0.16978898741053347
0.1750240334719639
0.180271008498286
0.1855297308729683
0.19080002380357006
0.19608171527407564
0.20137463799735
0.20667862936775688
0.21199353141397811
0.21731919075207837
0.22265545853884866
0.22800219042547065
0.23335924651153417
0.23872649129944287
0.24410379364924142
0.24949102673389692
0.2548880679950614
0.26029479909935366
0.2657111058951755
0.27113687837010314
0.27657201060887
0.2820164007519734
0.2874699509549242
0.29293256734816536
0.2984041599976813
0.30388464286632205
0.3093739337758585
0.3148719543697929
0.3203786300769434
0.3258938900758214
0.33141766725981747
0.3369498982032202
0.34249052312807543
0.3480394858719131
0.3535967338563505
0.35916221805659004
0.3647358929718295
0.3703177165965951
0.3759076503930187
0.38150565926406727
0.3871117115277445
0.3927257788922759
0.39834783643229305
0.40397786256603085
0.40961583903355253
0.41526175087601536
0.42091558641599325
0.426577337238869
0.43224699817531287
0.4379245672848588
0.4436100458405981
0.4493034383150003
0.4550047523668828
0.4607139988295401
0.4664311917000519
0.47215634812978535
0.4778894884161128
0.48363063599535505
0.48937981743697734
0.49513706243905076
0.5009024038250043
0.5066758775416818
0.5124575226587321
0.51824738136935
0.5240454989923914
0.5298519239758923
0.5356667079020067
0.5414899054934017
0.547321574621128
0.5531617763139979
0.5590105747695048
0.5648680373663056
0.5707342346783119
0.576609240490414
0.5824931318158775
0.5883859889154536
0.5942878953182364
0.6001989378443133
0.606119206629253
0.6120487951504705
0.6179878002555239
0.6239363221923911
0.6298944646417768
0.6358623347515073
0.6418400431730722
0.6478277041003707
0.6538254353107293
0.6598333582082586
0.6658515978696152
0.6718802830922488
0.677919546445208
0.6839695243225911
0.6868035995884507
0.6895827390948978
0.692306814439643
0.6949756986315303
0.6975892661456973
0.7001473929796939
0.7026499567105071
0.7050968365523168
0.707487913414921
0.7098230699626912
0.7121021906739349
0.7143251619005961
0.7164918719281328
0.7186022110355123
0.7206560715551704
0.7226533479328687
0.7245939367873131
0.7264777369694557
0.7283046496213427
0.7300745782344601
0.7317874287074093
0.7334431094028864
0.7350415312037978
0.7365826075684837
0.7380662545848966
0.7394923910236992
0.7408609383901391
0.7421718209746612
0.7434249659021324
0.7446203031796389
0.7457577657427229
0.7468372895000503
0.7478588133763555
0.7488222793536633
0.7497276325106824
0.7505748210602989
0.7513637963851397
0.7520945130711101
0.7527669289388801
0.7533810050732452
0.7539367058503287
0.7544339989625614
0.7548728554414272
0.7552532496778994
0.7555751594405685
0.7558385658913995
0.7560434535991277
0.7561898105502286
0.7562776281574934
0.756306901266137
-0.2505329481712167
-0.2505093896093519
-0.2504387092911729
-0.25032089332315105
-0.2501559185634895
-0.24994375264324553
-0.24968435399588743
-0.2493776718952812
-0.24902364650208605
-0.24862220891854483
-0.24817328125164914
-0.24767677668464672
-0.24713259955687455
-0.24654064545187213
-0.24590080129374897
-0.24521294545175767
-0.24447694785303217
-0.24369267010343718
-0.24285996561647868
-0.2419786797502093
-0.24104864995206807
-0.24006970591158008
-0.23904166972084148
-0.23796435604270352
-0.2368375722865676
-0.2356611187916929
-0.23443478901791473
-0.23315836974365875
-0.23183164127113767
-0.23045437763859258
-0.22902634683945683
-0.22754731104828416
-0.22601702685329883
-0.22443524549539748
-0.22280171311343083
-0.2211161709955896
-0.21937835583669132
-0.21758800000117368
-0.21574483179157614
-0.21384857572228677
-0.2118989527983161
-0.209895680798857
-0.20783847456536234
-0.2057270462938809
-0.20356110583136125
-0.2013403609756353
-0.19906451777877288
-0.19673328085349723
-0.19434635368231967
-0.19190343892906905
-0.18940423875245352
-0.18404236466665153
-0.17865406988074742
-0.17323995147408758
-0.16780059988154292
-0.16233659874769787
-0.15684852478961778
-0.15133694766811592
-0.14580242986744457
-0.14024552658330028
-0.13466678561904102
-0.12906674728998344
-0.12344594433565552
-0.11780490183984822
-0.11214413715832301
-0.10646415985400455
-0.10076547163949572
-0.0950485663267328
-0.0893139297836007
-0.08356203989731781
-0.07779336654440294
-0.07200837156702113
-0.06620750875551386
-0.06039122383690696
-0.05455995446919735
-0.048714130241207736
-0.042854172677804975
-0.036980495250275566
-0.031093503391651768
-0.025193594516780646
-0.01928115804693268
-0.013356575438746167
-0.00742022021730584
-0.0014724580131534604
0.004486353396960102
0.010455864045782226
0.016435731727914175
0.022425621949001134
0.028425207871942554
0.03443417026030551
0.04045219741911083
0.04647898513317728
0.05251423660317699
0.058557662379578664
0.06460898029463467
0.0706679153925663
0.07673419985809761
0.08280757294349027
0.08888778089421459
0.09497457687339839
0.10106772088518615
0.10716697969713397
0.11327212676177174
0.11938294213744188
0.1254992124085364
0.13162073060524365
0.13774729612290534
0.14387871464109184
0.15001479804248907
0.15615536433169322
0.16230023755400327
0.1684492477142939
0.17460223069605352
0.18075902818066517
0.1869194875670038
0.193083461891419
0.19925080974817416
0.2054213952104044
0.21159508775165145
0.21777176216803618
0.22395129850112236
0.23013358196152053
0.2363185028532856
0.24250595649914863
0.24869584316662793
0.2548880679950612
0.2610825409235971
0.2672791766201777
0.27347789441155174
0.2796786182143439
0.28588127646721656
0.2920858020641419
0.29829213228881973
0.3045002087502593
0.31070997731954736
0.3169213880678253
0.3231343952054932
0.32934895702265643
0.33556503583083763
0.34178259790596066
0.3480016134326265
0.35422205644969257
0.3604439047971657
0.3666671400644228
0.3728917475397654
0.3791177161613223
0.38534503846930424
0.39157371055962087
0.39780373203886865
0.404035105980695
0.41026783888354296
0.41650194062978996
0.4227374244462753
0.4289743068662341
0.43521260769263376
0.44145234996292143
0.44769355991518905
0.4539362669557596
0.46018050362819884
0.4664263055837588
0.47267371155325844
0.47892276332040823
0.4851735056965808
0.49142598649703534
0.49768025651860653
0.5039363695188571
0.5101943821967065
0.5164543541745421
0.5227163479818212
0.5289804290401722
0.5352466656500048
0.5415151289786398
0.5477858930499703
0.554059034735662
0.560334633747912
0.5666127726337727
0.5728935367710623
0.5791770143658693
0.5854632964516765
0.5917524768901153
0.5980446523733743
0.604339922428279
0.6106383894220669
0.6169401585698796
0.6232453379439973
0.6295540384848421
0.6358663740137781
0.6421824612477366
0.6485024198156993
0.6548263722770734
0.6611544441419929
0.6674867638935825
0.6738234630122275
0.6801646760018893
0.6865105404185099
0.6928611969005536
0.6992167892017409
0.7055774642260164
0.7119433720648155
0.7183146660366854
0.7246915027293234
0.7276767219729298
0.7306028602586336
0.7334698577957268
0.7362776545842528
0.739026190486245
0.7417154052972822
0.7443452388183236
0.7469156309276631
0.7494265216529515
0.7518778512431734
0.7542695602404553
0.7566015895516633
0.7588738805196379
0.761086374994022
0.7632390154015489
0.7653317448157285
0.767364507025822
0.7693372466050327
0.7712499089777947
0.7731024404861273
0.7748947884548968
0.7766269012559754
0.77829872837115
0.7799102204537584
0.7814613293889147
0.7829520083523093
0.7843822118674442
0.7857518958612866
0.7870610177182192
0.7883095363322661
0.7894974121574714
0.7906246072564356
0.7916910853468594
0.7926968118461172
0.793641753913755
0.7945258804918605
0.7953491623432719
0.7961115720875543
0.7968130842347134
0.7974536752165898
0.7980333234158994
0.7985520091928722
0.7990097149094777
0.7994064249511678
0.7997421257461482
0.8000168057821162
0.800230455620478
0.8003830679079874
0.8004746373858388
0.8005051608961421
