-12.228664525404849
-12.233591398704133
-12.238438103790447
-12.243204660931527
-12.247891092040538
-12.252497420673645
-12.2570236720275
-12.261469872936646
-12.265836051870803
-12.270122238932146
-12.274328465852403
-12.278454765989915
-12.282501174326619
-12.286467727464931
-12.29035446362452
-12.294161422639057
-12.297888645952808
-12.30153617661719
-12.305104059287226
-12.308592340217924
-12.312001067260562
-12.31533028985887
-12.318580059045177
-12.321750427436452
-12.324841449230213
-12.327853180200439
-12.330785677693333
-12.333639000623021
-12.336413209467187
-12.339108366262602
-12.34172453460055
-12.34426177962226
-12.346720168014132
-12.349099768002985
-12.351400649351175
-12.353622883351619
-12.355766542822797
-12.357831702103606
-12.359818437048167
-12.361726825020577
-12.363556944889492
-12.365308877022777
-12.366982703281899
-12.368578507016409
-12.37009637305822
-12.371536387715883
-12.372898638768753
-12.37418321546107
-12.375390208495988
-12.376519710029513
-12.37757181366436
-14.488642141456761
-14.526686299342755
-14.564489013969407
-14.602030379850014
-14.639290090703058
-14.676247476465427
-14.712881540810148
-14.749170999104436
-14.785094316739823
-14.820629747762503
-14.855755373728563
-14.89044914270589
-14.924688908341636
-14.958452468912057
-14.99171760626949
-15.024462124599808
-15.056663888902547
-15.088300863105353
-15.119351147724117
-15.149793016980372
-15.17960495528833
-15.208765693024906
-15.237254241497716
-15.26504992702806
-15.29213242406821
-15.318481787275223
-15.344078482466735
-15.368903416387678
-15.392937965220957
-15.41616400177924
-15.438563921319748
-15.460120665928674
-15.480817747427032
-15.500639268754991
-15.519569943797375
-15.537595115618483
-15.554700773080246
-15.57087356582364
-15.586100817598929
-15.600370537936492
-15.61367143215551
-15.625992909713933
-15.637325090908472
-15.647658811939275
-15.656985628359042
-15.665297816931758
-15.67258837593114
-15.678851023913653
-15.68408019700543
-15.688271044746738
-15.691419424541394
-15.693521894762313
-15.694575706567502
-15.694578794483832
-15.69352976581852
-15.691427888960483
-15.688273080635643
-15.684065892181824
-15.67880749491016
-15.672499664620668
-15.665144765340422
-15.656745732352766
-15.64730605458609
-15.636829756430284
-15.625321379048305
-15.612785961249445
-15.599229019989622
-15.584656530562805
-15.569074906545858
-15.552490979557458
-15.534911978889756
-15.516345511069193
-15.49679953940078
-15.476282363547696
-15.45480259919555
-15.432369157848122
-15.40899122679884
-15.384678249319423
-15.359439905104535
-15.333286091008633
-15.306226902108222
-15.278272613120368
-15.249433660205383
-15.219720623179036
-15.189144208157103
-15.157715230652496
-15.125444599142686
-15.092343299122863
-15.058422377657887
-15.023692928443847
-14.988166077388012
-14.951852968713766
-14.914764751595385
-14.876912567325451
-14.838307537016195
-14.798960749834233
-14.758883251766798
-14.718086034916038
-14.676580027316701
-14.63437608327126
-14.591484974195506
-14.547917379966476
-14.503683880763857
-14.458794949394921
-14.41326094409261
-14.367092101775413
-14.320298531757429
-14.272890209896198
-14.22487697316569
-14.176268514641421
-14.12707437888432
-14.077303957709853
-14.026966486328671
-13.976071039844966
-13.924626530098678
-13.872641702837676
-13.82012513520602
-13.76708523353463
-13.713530231420584
-13.659468188081668
-13.60490698697268
-13.549854334650515
-13.494317759875019
-13.438304612932956
-13.381822065172774
-13.32487710873793
-13.267476556487113
-13.209627042089721
-13.151335020285458
-13.09260676729726
-13.033448381386872
-12.973865783543005
-12.913864718292189
-12.853450754622749
-12.792629287012787
-12.73140553655334
-12.669784552158145
-12.607771211851944
-12.545370224129346
-12.482586129376918
-12.41942330135112
-12.355885948705364
-12.291978116559523
-12.227703688105624
-12.163066386243793
-12.098069775242728
-12.03271726241923
-11.96701209983176
-11.90095738598302
-11.834556067526993
-23.743782569171454
-23.740942242667053
-23.73810062426521
-23.735257697977286
-23.732413447880504
-23.729567858117168
-23.72672091289795
-23.723872596502524
-23.721022893281816
-23.718171787658477
-23.71531926412976
-23.712465307266857
-23.70960990171887
-23.706753032211154
-23.7038946835495
-23.701034840618778
-23.69817348838609
-23.69531061190046
-23.692446196294952
-23.68958022678692
-23.68671268867975
-23.683843567363006
-23.680972848313957
-23.678100517097977
-23.675226559369897
-23.672350960874212
-23.66947370744635
-23.666594785012595
-23.663714179591636
-23.660831877294363
-23.657947864325187
-23.65506212698163
-23.652174651655745
-23.649285424833746
-23.64639443309644
-23.64350166312061
-23.64060710167766
-23.637710735635256
-23.634812551956344
-23.63191253770064
-23.629010680023047
-23.626106966175712
-23.623201383505886
-23.62029391945772
-23.61738456157107
-23.614473297481908
-23.611560114921815
-23.60864500171818
-23.60572794579316
-23.60280893516448
