0.0
0.0004
0.0008
0.0012000000000000001
0.0016
0.002
0.0024000000000000002
0.0028000000000000004
0.0032000000000000006
0.0036000000000000008
0.004000000000000001
0.004400000000000001
0.004800000000000001
0.0052000000000000015
0.005600000000000002
0.006000000000000002
0.006400000000000002
0.006800000000000002
0.007200000000000002
0.007600000000000003
0.008000000000000002
0.008400000000000001
0.0088
0.0092
0.0096
0.009999999999999998
0.010399999999999998
0.010799999999999997
0.011199999999999996
0.011599999999999996
0.011999999999999995
0.012399999999999994
0.012799999999999994
0.013199999999999993
0.013599999999999992
0.013999999999999992
0.014399999999999991
0.01479999999999999
0.01519999999999999
0.015599999999999989
0.01599999999999999
0.01639999999999999
0.016799999999999992
0.017199999999999993
0.017599999999999994
0.017999999999999995
0.018399999999999996
0.018799999999999997
0.0192
0.0196
0.02
0.04277954514144587
0.06555909028289174
0.0883386354243376
0.11111818056578347
0.13389772570722935
0.15667727084867522
0.1794568159901211
0.20223636113156696
0.22501590627301282
0.2477954514144587
0.27057499655590456
0.2933545416973504
0.3161340868387963
0.33891363198024216
0.361693177121688
0.3844727222631339
0.40725226740457976
0.4300318125460256
0.4528113576874715
0.47559090282891736
0.49837044797036323
0.5211499931118091
0.543929538253255
0.5667090833947008
0.5894886285361467
0.6122681736775926
0.6350477188190384
0.6578272639604843
0.6806068091019302
0.703386354243376
0.7261658993848219
0.7489454445262678
0.7717249896677136
0.7945045348091595
0.8172840799506054
0.8400636250920512
0.8628431702334971
0.885622715374943
0.9084022605163888
0.9311818056578347
0.9539613507992806
0.9767408959407264
0.9995204410821723
1.0222999862236182
1.045079531365064
1.06785907650651
1.0906386216479558
1.1134181667894016
1.1361977119308475
1.1589772570722934
1.1817568022137392
1.204536347355185
1.227315892496631
1.2500954376380768
1.2728749827795227
1.2956545279209686
1.3184340730624144
1.3412136182038603
1.3639931633453062
1.386772708486752
1.409552253628198
1.4323317987696438
1.4551113439110896
1.4778908890525355
1.5006704341939814
1.5234499793354273
1.5462295244768731
1.569009069618319
1.5917886147597649
1.6145681599012107
1.6373477050426566
1.6601272501841025
1.6829067953255483
1.7056863404669942
1.72846588560844
1.751245430749886
1.7740249758913318
1.7968045210327777
1.8195840661742235
1.8423636113156694
1.8651431564571153
1.8879227015985611
1.910702246740007
1.9334817918814529
1.9562613370228987
1.9790408821643446
2.0018204273057902
2.024599972447236
2.0473795175886815
2.070159062730127
2.092938607871573
2.1157181530130185
2.138497698154464
2.1612772432959098
2.1840567884373554
2.206836333578801
2.2296158787202467
2.2523954238616923
2.275174969003138
2.2979545141445836
2.3207340592860293
2.343513604427475
2.3662931495689206
2.389072694710366
2.411852239851812
2.4346317849932575
2.457411330134703
2.480190875276149
2.5029704204175944
2.52574996555904
2.5485295107004857
2.5713090558419314
2.594088600983377
2.6168681461248227
2.6396476912662683
2.662427236407714
2.6852067815491596
2.7079863266906052
2.730765871832051
2.7535454169734965
2.776324962114942
2.799104507256388
2.8218840523978335
2.844663597539279
2.8674431426807248
2.8902226878221704
2.913002232963616
2.9357817781050617
2.9585613232465073
2.981340868387953
3.0041204135293986
3.0268999586708443
3.04967950381229
3.0724590489537356
3.095238594095181
3.118018139236627
3.1407976843780725
3.163577229519518
3.186356774660964
3.2091363198024094
3.231915864943855
3.2546954100853007
3.2774749552267464
3.300254500368192
3.3230340455096377
3.3458135906510833
3.368593135792529
3.3913726809339746
3.4141522260754202
3.436931771216866
3.437331771216866
3.437731771216866
3.4381317712168658
3.4385317712168657
3.4389317712168657
3.4393317712168656
3.4397317712168656
3.4401317712168655
3.4405317712168655
3.4409317712168654
3.4413317712168654
3.4417317712168654
3.4421317712168653
3.4425317712168653
3.4429317712168652
3.443331771216865
3.443731771216865
3.444131771216865
3.444531771216865
3.444931771216865
3.445331771216865
3.445731771216865
3.446131771216865
3.446531771216865
3.446931771216865
3.4473317712168647
3.4477317712168647
3.4481317712168646
3.4485317712168646
3.4489317712168646
3.4493317712168645
3.4497317712168645
3.4501317712168644
3.4505317712168644
3.4509317712168643
3.4513317712168643
3.4517317712168643
3.452131771216864
3.452531771216864
3.452931771216864
3.453331771216864
3.453731771216864
3.454131771216864
3.454531771216864
3.454931771216864
3.455331771216864
3.455731771216864
3.4561317712168638
3.4565317712168637
3.45693177121688
