"DELTA_ROBOT"

"Time      "	"TORQUE_M1.Q"	"TORQUE_M2.Q"	"TORQUE_M3.Q"
0.000000e+00	8.529510e+03	1.045553e+04	2.761244e+04
3.694235e-03	8.529589e+03	1.045208e+04	2.761170e+04
7.388469e-03	8.525673e+03	1.044704e+04	2.761522e+04
1.108270e-02	8.517405e+03	1.043824e+04	2.762020e+04
1.477694e-02	5.580281e+03	8.293371e+03	3.494732e+04
1.847117e-02	1.043965e+04	1.182663e+04	2.276130e+04
2.216541e-02	1.117091e+04	1.235298e+04	2.092892e+04
2.585964e-02	2.257961e+04	2.067470e+04	-7.399606e+03
2.955388e-02	1.569488e+04	1.566034e+04	9.736679e+03
3.324811e-02	1.614102e+04	1.598749e+04	8.648627e+03
3.694235e-02	1.630872e+04	1.611231e+04	8.257203e+03
4.063658e-02	1.630801e+04	1.611431e+04	8.282520e+03
4.433082e-02	1.630730e+04	1.611630e+04	8.307817e+03
4.802505e-02	1.637835e+04	1.616132e+04	8.341352e+03
5.171928e-02	1.640392e+04	1.617894e+04	8.369959e+03
5.541352e-02	1.636162e+04	1.615589e+04	8.390639e+03
5.910775e-02	1.636906e+04	1.616269e+04	8.417009e+03
6.280199e-02	1.636823e+04	1.616453e+04	8.442411e+03
6.649622e-02	1.636739e+04	1.616635e+04	8.467791e+03
7.019046e-02	1.637023e+04	1.617057e+04	8.492697e+03
7.388469e-02	1.640656e+04	1.619625e+04	8.515173e+03
7.757893e-02	1.640277e+04	1.619538e+04	8.544562e+03
8.127316e-02	1.640645e+04	1.619971e+04	8.571400e+03
8.496740e-02	1.641332e+04	1.620609e+04	8.597970e+03
8.866163e-02	1.641935e+04	1.621191e+04	8.624648e+03
9.235587e-02	1.642538e+04	1.621774e+04	8.651301e+03
9.605010e-02	1.643481e+04	1.622658e+04	8.673534e+03
9.974433e-02	1.644554e+04	1.623657e+04	8.694114e+03
1.034386e-01	1.644748e+04	1.623878e+04	8.725941e+03
1.071328e-01	1.645413e+04	1.624516e+04	8.751687e+03
1.108270e-01	1.646015e+04	1.625099e+04	8.778197e+03
1.145213e-01	1.646615e+04	1.625680e+04	8.804710e+03
1.182155e-01	1.647237e+04	1.626281e+04	8.830894e+03
1.219097e-01	1.648520e+04	1.627467e+04	8.848297e+03
1.256040e-01	1.648985e+04	1.627929e+04	8.876532e+03
1.292982e-01	1.649441e+04	1.628383e+04	8.904833e+03
1.329924e-01	1.650075e+04	1.628995e+04	8.930742e+03
1.366867e-01	1.650671e+04	1.629574e+04	8.957109e+03
1.403809e-01	1.651267e+04	1.630153e+04	8.983448e+03
1.440751e-01	1.652059e+04	1.630905e+04	9.007082e+03
1.477694e-01	1.653293e+04	1.632048e+04	9.024695e+03
1.514636e-01	1.653475e+04	1.632261e+04	9.056602e+03
1.551579e-01	1.654102e+04	1.632868e+04	9.082391e+03
1.588521e-01	1.654704e+04	1.633453e+04	9.108493e+03
1.625463e-01	1.655297e+04	1.634030e+04	9.134685e+03
1.662406e-01	1.655889e+04	1.634606e+04	9.160847e+03
1.699348e-01	1.657017e+04	1.635657e+04	9.179473e+03
1.736290e-01	1.657748e+04	1.636357e+04	9.203652e+03
1.773233e-01	1.658066e+04	1.636691e+04	9.233551e+03
1.810175e-01	1.658711e+04	1.637315e+04	9.258845e+03
1.847117e-01	1.659300e+04	1.637890e+04	9.284883e+03
1.884060e-01	1.659888e+04	1.638463e+04	9.310894e+03
1.921002e-01	1.660568e+04	1.639119e+04	9.335547e+03
1.957944e-01	1.661857e+04	1.640312e+04	9.351438e+03
1.994887e-01	1.662114e+04	1.640594e+04	9.382112e+03
2.031829e-01	1.662671e+04	1.641142e+04	9.408431e+03
2.068771e-01	1.663275e+04	1.641730e+04	9.434046e+03
2.105714e-01	1.663859e+04	1.642302e+04	9.459903e+03
2.142656e-01	1.664442e+04	1.642872e+04	9.485732e+03
2.179598e-01	1.665375e+04	1.643752e+04	9.506373e+03
2.216541e-01	1.666375e+04	1.644691e+04	9.526011e+03
2.253483e-01	1.666575e+04	1.644924e+04	9.557370e+03
2.290425e-01	1.667218e+04	1.645548e+04	9.582174e+03
2.327368e-01	1.667799e+04	1.646118e+04	9.607847e+03
2.364310e-01	1.668377e+04	1.646685e+04	9.633514e+03
2.401252e-01	1.668983e+04	1.647277e+04	9.658730e+03
2.438195e-01	1.670226e+04	1.648432e+04	9.674287e+03
2.475137e-01	1.670643e+04	1.648857e+04	9.702304e+03
2.512080e-01	1.671098e+04	1.649317e+04	9.729681e+03
2.549022e-01	1.671706e+04	1.649911e+04	9.754727e+03
2.585964e-01	1.672279e+04	1.650475e+04	9.780237e+03
2.622907e-01	1.672852e+04	1.651038e+04	9.805717e+03
2.659849e-01	1.673628e+04	1.651782e+04	9.827993e+03
2.696791e-01	1.674790e+04	1.652866e+04	9.844278e+03
2.733734e-01	1.674962e+04	1.653077e+04	9.875847e+03
2.770676e-01	1.675570e+04	1.653672e+04	9.900630e+03
2.807618e-01	1.676145e+04	1.654238e+04	9.925863e+03
2.844561e-01	1.676712e+04	1.654798e+04	9.951176e+03
2.881503e-01	1.677280e+04	1.655358e+04	9.976443e+03
2.918445e-01	1.678380e+04	1.656389e+04	9.993186e+03
2.955388e-01	1.679035e+04	1.657027e+04	1.001701e+04
2.992330e-01	1.679360e+04	1.657373e+04	1.004601e+04
3.029272e-01	1.679973e+04	1.657973e+04	1.007040e+04
3.066215e-01	1.680534e+04	1.658529e+04	1.009555e+04
3.103157e-01	1.681095e+04	1.659084e+04	1.012067e+04
3.140099e-01	1.681753e+04	1.659726e+04	1.014414e+04
3.177042e-01	1.682973e+04	1.660863e+04	1.015843e+04
3.213984e-01	1.683204e+04	1.661127e+04	1.018882e+04
3.250926e-01	1.683744e+04	1.661664e+04	1.021410e+04
3.287869e-01	1.684316e+04	1.662230e+04	1.023881e+04
3.324811e-01	1.684870e+04	1.662780e+04	1.026376e+04
3.361753e-01	1.685424e+04	1.663329e+04	1.028868e+04
3.398696e-01	1.686329e+04	1.664190e+04	1.030765e+04
3.435638e-01	1.687243e+04	1.665059e+04	1.032649e+04
3.472581e-01	1.687444e+04	1.665297e+04	1.035716e+04
3.509523e-01	1.688053e+04	1.665896e+04	1.038097e+04
3.546465e-01	1.688602e+04	1.666442e+04	1.040573e+04
3.583408e-01	1.689149e+04	1.666987e+04	1.043048e+04
3.620350e-01	1.689727e+04	1.667559e+04	1.045463e+04
3.657292e-01	1.690908e+04	1.668666e+04	1.046842e+04
3.694235e-01	1.691274e+04	1.669051e+04	1.049614e+04
3.731177e-01	1.691718e+04	1.669505e+04	1.052246e+04
3.768119e-01	1.692288e+04	1.670070e+04	1.054657e+04
3.805062e-01	1.692828e+04	1.670610e+04	1.057114e+04
3.842004e-01	1.693367e+04	1.671148e+04	1.059568e+04
3.878946e-01	1.694113e+04	1.671871e+04	1.061652e+04
3.915889e-01	1.695186e+04	1.672882e+04	1.063161e+04
3.952831e-01	1.695346e+04	1.673085e+04	1.066266e+04
3.989773e-01	1.695921e+04	1.673656e+04	1.068637e+04
4.026716e-01	1.696459e+04	1.674194e+04	1.071067e+04
4.063658e-01	1.696990e+04	1.674727e+04	1.073503e+04
4.100600e-01	1.697523e+04	1.675261e+04	1.075932e+04
4.137543e-01	1.698575e+04	1.676255e+04	1.077421e+04
4.174485e-01	1.699149e+04	1.676826e+04	1.079768e+04
4.211427e-01	1.699470e+04	1.677173e+04	1.082561e+04
4.248370e-01	1.700040e+04	1.677739e+04	1.084904e+04
4.285312e-01	1.700563e+04	1.678266e+04	1.087322e+04
4.322254e-01	1.701086e+04	1.678792e+04	1.089737e+04
4.359197e-01	1.701711e+04	1.679409e+04	1.091956e+04
4.396139e-01	1.702844e+04	1.680476e+04	1.093238e+04
4.433082e-01	1.703043e+04	1.680715e+04	1.096235e+04
4.470024e-01	1.703554e+04	1.681231e+04	1.098650e+04
4.506966e-01	1.704083e+04	1.681763e+04	1.101025e+04
4.543909e-01	1.704597e+04	1.682282e+04	1.103423e+04
4.580851e-01	1.705110e+04	1.682800e+04	1.105817e+04
4.617793e-01	1.705973e+04	1.683629e+04	1.107544e+04
4.654736e-01	1.706789e+04	1.684417e+04	1.109358e+04
4.691678e-01	1.706983e+04	1.684652e+04	1.112336e+04
4.728620e-01	1.707547e+04	1.685215e+04	1.114612e+04
4.765563e-01	1.708053e+04	1.685728e+04	1.116990e+04
4.802505e-01	1.708558e+04	1.686239e+04	1.119365e+04
4.839447e-01	1.709098e+04	1.686782e+04	1.121665e+04
4.876390e-01	1.710198e+04	1.687824e+04	1.122878e+04
4.913332e-01	1.710509e+04	1.688163e+04	1.125612e+04
4.950274e-01	1.710929e+04	1.688600e+04	1.128127e+04
4.987217e-01	1.711451e+04	1.689127e+04	1.130440e+04
5.024159e-01	1.711947e+04	1.689631e+04	1.132797e+04
5.061101e-01	1.712441e+04	1.690134e+04	1.135150e+04
5.098044e-01	1.713144e+04	1.690823e+04	1.137084e+04
5.134986e-01	1.714113e+04	1.691749e+04	1.138488e+04
5.171928e-01	1.714254e+04	1.691938e+04	1.141521e+04
5.208871e-01	1.714784e+04	1.692473e+04	1.143779e+04
5.245813e-01	1.715275e+04	1.692974e+04	1.146108e+04
5.282755e-01	1.715760e+04	1.693469e+04	1.148443e+04
5.319698e-01	1.716248e+04	1.693967e+04	1.150765e+04
5.356640e-01	1.717232e+04	1.694908e+04	1.152076e+04
5.393583e-01	1.717721e+04	1.695407e+04	1.154386e+04
5.430525e-01	1.718026e+04	1.695742e+04	1.157060e+04
5.467467e-01	1.718542e+04	1.696265e+04	1.159301e+04
5.504410e-01	1.719017e+04	1.696753e+04	1.161617e+04
5.541352e-01	1.719491e+04	1.697238e+04	1.163929e+04
5.578294e-01	1.720071e+04	1.697820e+04	1.166014e+04
5.615237e-01	1.721099e+04	1.698802e+04	1.167165e+04
5.652179e-01	1.721262e+04	1.699011e+04	1.170102e+04
5.689121e-01	1.721731e+04	1.699493e+04	1.172398e+04
5.726064e-01	1.722208e+04	1.699982e+04	1.174670e+04
5.763006e-01	1.722671e+04	1.700460e+04	1.176963e+04
5.799948e-01	1.723133e+04	1.700936e+04	1.179253e+04
5.836891e-01	1.723937e+04	1.701720e+04	1.180810e+04
5.873833e-01	1.724645e+04	1.702417e+04	1.182567e+04
5.910775e-01	1.724825e+04	1.702640e+04	1.185435e+04
5.947718e-01	1.725331e+04	1.703156e+04	1.187604e+04
5.984660e-01	1.725785e+04	1.703626e+04	1.189877e+04
6.021602e-01	1.726237e+04	1.704093e+04	1.192147e+04
6.058545e-01	1.726727e+04	1.704596e+04	1.194325e+04
6.095487e-01	1.727730e+04	1.705558e+04	1.195388e+04
6.132429e-01	1.727982e+04	1.705847e+04	1.198071e+04
6.169372e-01	1.728365e+04	1.706254e+04	1.200461e+04
6.206314e-01	1.728829e+04	1.706733e+04	1.202669e+04
6.243256e-01	1.729270e+04	1.707191e+04	1.204920e+04
6.280199e-01	1.729708e+04	1.707648e+04	1.207167e+04
6.317141e-01	1.730354e+04	1.708291e+04	1.208949e+04
6.354084e-01	1.731208e+04	1.709122e+04	1.210264e+04
6.391026e-01	1.731324e+04	1.709288e+04	1.213206e+04
6.427968e-01	1.731797e+04	1.709777e+04	1.215348e+04
6.464911e-01	1.732230e+04	1.710229e+04	1.217571e+04
6.501853e-01	1.732658e+04	1.710676e+04	1.219799e+04
6.538795e-01	1.733091e+04	1.711128e+04	1.222008e+04
6.575738e-01	1.733989e+04	1.712000e+04	1.223154e+04
6.612680e-01	1.734389e+04	1.712423e+04	1.225423e+04
6.649622e-01	1.734665e+04	1.712734e+04	1.227963e+04
6.686565e-01	1.735117e+04	1.713204e+04	1.230100e+04
6.723507e-01	1.735533e+04	1.713641e+04	1.232307e+04
6.760449e-01	1.735948e+04	1.714077e+04	1.234511e+04
6.797392e-01	1.736470e+04	1.714611e+04	1.236458e+04
6.834334e-01	1.737380e+04	1.715497e+04	1.237497e+04
6.871276e-01	1.737502e+04	1.715668e+04	1.240357e+04
6.908219e-01	1.737917e+04	1.716105e+04	1.242528e+04
6.945161e-01	1.738331e+04	1.716542e+04	1.244694e+04
6.982103e-01	1.738734e+04	1.716968e+04	1.246878e+04
7.019046e-01	1.739134e+04	1.717392e+04	1.249059e+04
7.055988e-01	1.739864e+04	1.718116e+04	1.250450e+04
7.092930e-01	1.740458e+04	1.718715e+04	1.252161e+04
7.129873e-01	1.740612e+04	1.718916e+04	1.254899e+04
7.166815e-01	1.741050e+04	1.719375e+04	1.256958e+04
7.203757e-01	1.741441e+04	1.719791e+04	1.259122e+04
7.240700e-01	1.741829e+04	1.720204e+04	1.261282e+04
7.277642e-01	1.742260e+04	1.720656e+04	1.263332e+04
7.314585e-01	1.743149e+04	1.721526e+04	1.264266e+04
7.351527e-01	1.743337e+04	1.721758e+04	1.266885e+04
7.388469e-01	1.743672e+04	1.722123e+04	1.269142e+04
7.425412e-01	1.744067e+04	1.722544e+04	1.271243e+04
7.462354e-01	1.744443e+04	1.722947e+04	1.273383e+04
7.499296e-01	1.744817e+04	1.723348e+04	1.275520e+04
7.536239e-01	1.745391e+04	1.723932e+04	1.277151e+04
7.573181e-01	1.746120e+04	1.724658e+04	1.278395e+04
7.610123e-01	1.746203e+04	1.724794e+04	1.281224e+04
7.647066e-01	1.746608e+04	1.725224e+04	1.283248e+04
7.684008e-01	1.746974e+04	1.725618e+04	1.285361e+04
7.720950e-01	1.747334e+04	1.726008e+04	1.287477e+04
7.757893e-01	1.747701e+04	1.726405e+04	1.289567e+04
7.794835e-01	1.748497e+04	1.727193e+04	1.290568e+04
7.831777e-01	1.748806e+04	1.727535e+04	1.292790e+04
7.868720e-01	1.749041e+04	1.727810e+04	1.295187e+04
7.905662e-01	1.749418e+04	1.728216e+04	1.297216e+04
7.942604e-01	1.749766e+04	1.728594e+04	1.299312e+04
7.979547e-01	1.750111e+04	1.728971e+04	1.301403e+04
8.016489e-01	1.750563e+04	1.729445e+04	1.303211e+04
8.053431e-01	1.751345e+04	1.730223e+04	1.304161e+04
8.090374e-01	1.751419e+04	1.730351e+04	1.306923e+04
8.127316e-01	1.751769e+04	1.730732e+04	1.308968e+04
8.164258e-01	1.752110e+04	1.731105e+04	1.311023e+04
8.201201e-01	1.752442e+04	1.731470e+04	1.313095e+04
8.238143e-01	1.752771e+04	1.731833e+04	1.315162e+04
8.275086e-01	1.753414e+04	1.732484e+04	1.316398e+04
8.312028e-01	1.753887e+04	1.732979e+04	1.318073e+04
8.348970e-01	1.754006e+04	1.733148e+04	1.320663e+04
8.385913e-01	1.754366e+04	1.733539e+04	1.322613e+04
8.422855e-01	1.754683e+04	1.733891e+04	1.324663e+04
8.459797e-01	1.754999e+04	1.734241e+04	1.326710e+04
8.496740e-01	1.755358e+04	1.734632e+04	1.328631e+04
8.533682e-01	1.756121e+04	1.735397e+04	1.329459e+04
8.570624e-01	1.756241e+04	1.735567e+04	1.331998e+04
8.607567e-01	1.756515e+04	1.735879e+04	1.334118e+04
8.644509e-01	1.756833e+04	1.736233e+04	1.336109e+04
8.681451e-01	1.757134e+04	1.736570e+04	1.338135e+04
8.718394e-01	1.757433e+04	1.736906e+04	1.340158e+04
8.755336e-01	1.757924e+04	1.737421e+04	1.341645e+04
8.792278e-01	1.758520e+04	1.738033e+04	1.342836e+04
8.829221e-01	1.758561e+04	1.738129e+04	1.345532e+04
8.866163e-01	1.758888e+04	1.738492e+04	1.347438e+04
8.903105e-01	1.759176e+04	1.738818e+04	1.349438e+04
8.940048e-01	1.759460e+04	1.739141e+04	1.351440e+04
8.976990e-01	1.759753e+04	1.739472e+04	1.353409e+04
9.013932e-01	1.760433e+04	1.740164e+04	1.354288e+04
9.050875e-01	1.760648e+04	1.740422e+04	1.356452e+04
9.087817e-01	1.760828e+04	1.740649e+04	1.358700e+04
9.124759e-01	1.761123e+04	1.740982e+04	1.360620e+04
9.161702e-01	1.761392e+04	1.741292e+04	1.362601e+04
9.198644e-01	1.761659e+04	1.741599e+04	1.364578e+04
9.235587e-01	1.762030e+04	1.742004e+04	1.366250e+04
9.272529e-01	1.762675e+04	1.742666e+04	1.367134e+04
9.309471e-01	1.762695e+04	1.742742e+04	1.369779e+04
9.346414e-01	1.762968e+04	1.743056e+04	1.371697e+04
9.383356e-01	1.763228e+04	1.743358e+04	1.373640e+04
9.420298e-01	1.763479e+04	1.743652e+04	1.375597e+04
9.457241e-01	1.763728e+04	1.743943e+04	1.377549e+04
9.494183e-01	1.764271e+04	1.744511e+04	1.378644e+04
9.531125e-01	1.764619e+04	1.744896e+04	1.380290e+04
9.568068e-01	1.764692e+04	1.745023e+04	1.382716e+04
9.605010e-01	1.764964e+04	1.745337e+04	1.384559e+04
9.641952e-01	1.765200e+04	1.745617e+04	1.386494e+04
9.678895e-01	1.765433e+04	1.745894e+04	1.388426e+04
9.715837e-01	1.765710e+04	1.746214e+04	1.390217e+04
9.752779e-01	1.766339e+04	1.746865e+04	1.390967e+04
9.789722e-01	1.766387e+04	1.746968e+04	1.393410e+04
9.826664e-01	1.766588e+04	1.747216e+04	1.395391e+04
9.863606e-01	1.766820e+04	1.747493e+04	1.397271e+04
9.900549e-01	1.767038e+04	1.747757e+04	1.399182e+04
9.937491e-01	1.767252e+04	1.748018e+04	1.401090e+04
9.974433e-01	1.767649e+04	1.748452e+04	1.402441e+04
1.001138e+00	1.768109e+04	1.748945e+04	1.403597e+04
1.004832e+00	1.768098e+04	1.748993e+04	1.406142e+04
1.008526e+00	1.768337e+04	1.749278e+04	1.407933e+04
1.012220e+00	1.768540e+04	1.749528e+04	1.409819e+04
1.015915e+00	1.768738e+04	1.749775e+04	1.411705e+04
1.019609e+00	1.768947e+04	1.750031e+04	1.413551e+04
1.023303e+00	1.769501e+04	1.750617e+04	1.414334e+04
1.026997e+00	1.769619e+04	1.750787e+04	1.416431e+04
1.030691e+00	1.769734e+04	1.750955e+04	1.418526e+04
1.034386e+00	1.769938e+04	1.751208e+04	1.420337e+04
1.038080e+00	1.770120e+04	1.751440e+04	1.422202e+04
1.041774e+00	1.770300e+04	1.751670e+04	1.424064e+04
1.045468e+00	1.770580e+04	1.751996e+04	1.425605e+04
1.049163e+00	1.771082e+04	1.752535e+04	1.426448e+04
1.052857e+00	1.771040e+04	1.752552e+04	1.428957e+04
1.056551e+00	1.771227e+04	1.752789e+04	1.430750e+04
1.060245e+00	1.771397e+04	1.753011e+04	1.432581e+04
1.063940e+00	1.771560e+04	1.753225e+04	1.434422e+04
1.067634e+00	1.771720e+04	1.753438e+04	1.436260e+04
1.071328e+00	1.772152e+04	1.753911e+04	1.437235e+04
1.075022e+00	1.772374e+04	1.754184e+04	1.438853e+04
1.078717e+00	1.772389e+04	1.754257e+04	1.441106e+04
1.082411e+00	1.772566e+04	1.754487e+04	1.442843e+04
1.086105e+00	1.772712e+04	1.754686e+04	1.444662e+04
1.089799e+00	1.772856e+04	1.754884e+04	1.446479e+04
1.093493e+00	1.773043e+04	1.755123e+04	1.448143e+04
1.097188e+00	1.773530e+04	1.755653e+04	1.448843e+04
1.100882e+00	1.773500e+04	1.755683e+04	1.451173e+04
1.104576e+00	1.773619e+04	1.755857e+04	1.453018e+04
1.108270e+00	1.773757e+04	1.756050e+04	1.454787e+04
1.111965e+00	1.773883e+04	1.756231e+04	1.456583e+04
1.115659e+00	1.774007e+04	1.756410e+04	1.458376e+04
1.119353e+00	1.774300e+04	1.756755e+04	1.459608e+04
1.123047e+00	1.774619e+04	1.757125e+04	1.460741e+04
1.126742e+00	1.774548e+04	1.757116e+04	1.463120e+04
1.130436e+00	1.774691e+04	1.757314e+04	1.464799e+04
1.134130e+00	1.774800e+04	1.757481e+04	1.466571e+04
1.137824e+00	1.774906e+04	1.757645e+04	1.468343e+04
1.141518e+00	1.775022e+04	1.757819e+04	1.470065e+04
1.145213e+00	1.775442e+04	1.758290e+04	1.470783e+04
1.148907e+00	1.775462e+04	1.758369e+04	1.472800e+04
1.152601e+00	1.775500e+04	1.758466e+04	1.474742e+04
1.156295e+00	1.775607e+04	1.758632e+04	1.476445e+04
1.159990e+00	1.775695e+04	1.758779e+04	1.478196e+04
1.163684e+00	1.775781e+04	1.758924e+04	1.479944e+04
1.167378e+00	1.775961e+04	1.759162e+04	1.481365e+04
1.171072e+00	1.776317e+04	1.759573e+04	1.482188e+04
1.174767e+00	1.776205e+04	1.759526e+04	1.484545e+04
1.178461e+00	1.776297e+04	1.759678e+04	1.486218e+04
1.182155e+00	1.776371e+04	1.759812e+04	1.487937e+04
1.185849e+00	1.776438e+04	1.759941e+04	1.489664e+04
1.189544e+00	1.776503e+04	1.760067e+04	1.491385e+04
1.193238e+00	1.776814e+04	1.760437e+04	1.492268e+04
1.196932e+00	1.776911e+04	1.760596e+04	1.493853e+04
1.200626e+00	1.776858e+04	1.760606e+04	1.495932e+04
1.204320e+00	1.776934e+04	1.760743e+04	1.497565e+04
1.208015e+00	1.776983e+04	1.760856e+04	1.499271e+04
1.211709e+00	1.777030e+04	1.760965e+04	1.500974e+04
1.215403e+00	1.777119e+04	1.761118e+04	1.502518e+04
1.219097e+00	1.777459e+04	1.761520e+04	1.503193e+04
1.222792e+00	1.777347e+04	1.761472e+04	1.505395e+04
1.226486e+00	1.777375e+04	1.761564e+04	1.507107e+04
1.230180e+00	1.777413e+04	1.761667e+04	1.508768e+04
1.233874e+00	1.777441e+04	1.761760e+04	1.510451e+04
1.237569e+00	1.777467e+04	1.761850e+04	1.512130e+04
1.241263e+00	1.777648e+04	1.762096e+04	1.513258e+04
1.244957e+00	1.777826e+04	1.762341e+04	1.514382e+04
1.248651e+00	1.777687e+04	1.762267e+04	1.516584e+04
1.252346e+00	1.777727e+04	1.762373e+04	1.518157e+04
1.256040e+00	1.777737e+04	1.762450e+04	1.519818e+04
1.259734e+00	1.777744e+04	1.762523e+04	1.521477e+04
1.263428e+00	1.777762e+04	1.762608e+04	1.523081e+04
1.267122e+00	1.778042e+04	1.762958e+04	1.523762e+04
1.270817e+00	1.777960e+04	1.762943e+04	1.525686e+04
1.274511e+00	1.777912e+04	1.762962e+04	1.527478e+04
1.278205e+00	1.777916e+04	1.763034e+04	1.529077e+04
1.281899e+00	1.777904e+04	1.763090e+04	1.530716e+04
1.285594e+00	1.777889e+04	1.763144e+04	1.532351e+04
1.289288e+00	1.777962e+04	1.763287e+04	1.533663e+04
1.292982e+00	1.778171e+04	1.763568e+04	1.534485e+04
1.296676e+00	1.777985e+04	1.763449e+04	1.536678e+04
1.300371e+00	1.777975e+04	1.763509e+04	1.538237e+04
1.304065e+00	1.777947e+04	1.763551e+04	1.539847e+04
1.307759e+00	1.777914e+04	1.763587e+04	1.541463e+04
1.311453e+00	1.777878e+04	1.763622e+04	1.543071e+04
1.315148e+00	1.778060e+04	1.763880e+04	1.543891e+04
1.318842e+00	1.778034e+04	1.763926e+04	1.545435e+04
1.322536e+00	1.777902e+04	1.763863e+04	1.547340e+04
1.326230e+00	1.777871e+04	1.763904e+04	1.548874e+04
1.329924e+00	1.777818e+04	1.763923e+04	1.550469e+04
1.333619e+00	1.777763e+04	1.763940e+04	1.552062e+04
1.337313e+00	1.777748e+04	1.763999e+04	1.553494e+04
1.341007e+00	1.777939e+04	1.764271e+04	1.554171e+04
1.344701e+00	1.777740e+04	1.764140e+04	1.556230e+04
1.348396e+00	1.777670e+04	1.764143e+04	1.557816e+04
1.352090e+00	1.777604e+04	1.764150e+04	1.559372e+04
1.355784e+00	1.777529e+04	1.764149e+04	1.560945e+04
1.359478e+00	1.777451e+04	1.764145e+04	1.562515e+04
1.363173e+00	1.777514e+04	1.764288e+04	1.563559e+04
1.366867e+00	1.777553e+04	1.764406e+04	1.564680e+04
1.370561e+00	1.777337e+04	1.764260e+04	1.566698e+04
1.374255e+00	1.777270e+04	1.764268e+04	1.568173e+04
1.377950e+00	1.777176e+04	1.764250e+04	1.569725e+04
1.381644e+00	1.777078e+04	1.764228e+04	1.571276e+04
1.385338e+00	1.776993e+04	1.764219e+04	1.572767e+04
1.389032e+00	1.777130e+04	1.764444e+04	1.573438e+04
1.392726e+00	1.776946e+04	1.764332e+04	1.575257e+04
1.396421e+00	1.776805e+04	1.764266e+04	1.576906e+04
1.400115e+00	1.776701e+04	1.764240e+04	1.578404e+04
1.403809e+00	1.776585e+04	1.764201e+04	1.579935e+04
1.407503e+00	1.776465e+04	1.764158e+04	1.581464e+04
1.411198e+00	1.776426e+04	1.764202e+04	1.582682e+04
1.414892e+00	1.776486e+04	1.764351e+04	1.583519e+04
1.418586e+00	1.776220e+04	1.764154e+04	1.585537e+04
1.422280e+00	1.776104e+04	1.764118e+04	1.586990e+04
1.425975e+00	1.775970e+04	1.764062e+04	1.588496e+04
1.429669e+00	1.775830e+04	1.764002e+04	1.590004e+04
1.433363e+00	1.775690e+04	1.763941e+04	1.591504e+04
1.437057e+00	1.775739e+04	1.764083e+04	1.592288e+04
1.440751e+00	1.775591e+04	1.764015e+04	1.593781e+04
1.444446e+00	1.775373e+04	1.763872e+04	1.595520e+04
1.448140e+00	1.775232e+04	1.763813e+04	1.596959e+04
1.451834e+00	1.775074e+04	1.763735e+04	1.598449e+04
1.455528e+00	1.774912e+04	1.763653e+04	1.599936e+04
1.459223e+00	1.774788e+04	1.763614e+04	1.601266e+04
1.462917e+00	1.774830e+04	1.763755e+04	1.601965e+04
1.466611e+00	1.774542e+04	1.763539e+04	1.603871e+04
1.470305e+00	1.774368e+04	1.763447e+04	1.605341e+04
1.474000e+00	1.774194e+04	1.763355e+04	1.606796e+04
1.477694e+00	1.774012e+04	1.763256e+04	1.608264e+04
1.481388e+00	1.773827e+04	1.763154e+04	1.609729e+04
1.485082e+00	1.773768e+04	1.763189e+04	1.610712e+04
1.488777e+00	1.773668e+04	1.763180e+04	1.611832e+04
1.492471e+00	1.773371e+04	1.762957e+04	1.613667e+04
1.496165e+00	1.773192e+04	1.762863e+04	1.615049e+04
1.499859e+00	1.772991e+04	1.762746e+04	1.616498e+04
1.503553e+00	1.772786e+04	1.762626e+04	1.617945e+04
1.507248e+00	1.772594e+04	1.762519e+04	1.619332e+04
1.510942e+00	1.772585e+04	1.762616e+04	1.620018e+04
1.514636e+00	1.772299e+04	1.762407e+04	1.621722e+04
1.518330e+00	1.772059e+04	1.762250e+04	1.623237e+04
1.522025e+00	1.771846e+04	1.762123e+04	1.624640e+04
1.525719e+00	1.771621e+04	1.761985e+04	1.626068e+04
1.529413e+00	1.771394e+04	1.761843e+04	1.627494e+04
1.533107e+00	1.771238e+04	1.761782e+04	1.628635e+04
1.536802e+00	1.771153e+04	1.761800e+04	1.629498e+04
1.540496e+00	1.770802e+04	1.761523e+04	1.631337e+04
1.544190e+00	1.770576e+04	1.761386e+04	1.632694e+04
1.547884e+00	1.770333e+04	1.761230e+04	1.634100e+04
1.551579e+00	1.770085e+04	1.761070e+04	1.635508e+04
1.555273e+00	1.769837e+04	1.760910e+04	1.636904e+04
1.558967e+00	1.769750e+04	1.760933e+04	1.637680e+04
1.562661e+00	1.769484e+04	1.760753e+04	1.639112e+04
1.566355e+00	1.769173e+04	1.760525e+04	1.640693e+04
1.570050e+00	1.768921e+04	1.760363e+04	1.642043e+04
1.573744e+00	1.768653e+04	1.760185e+04	1.643432e+04
1.577438e+00	1.768383e+04	1.760003e+04	1.644820e+04
1.581132e+00	1.768147e+04	1.759863e+04	1.646061e+04
1.584827e+00	1.768042e+04	1.759871e+04	1.646799e+04
1.588521e+00	1.767662e+04	1.759567e+04	1.648546e+04
1.592215e+00	1.767381e+04	1.759377e+04	1.649909e+04
1.595909e+00	1.767097e+04	1.759184e+04	1.651269e+04
1.599604e+00	1.766807e+04	1.758984e+04	1.652639e+04
1.603298e+00	1.766513e+04	1.758781e+04	1.654006e+04
1.606992e+00	1.766329e+04	1.758706e+04	1.654948e+04
1.610686e+00	1.766094e+04	1.758572e+04	1.656065e+04
1.614381e+00	1.765709e+04	1.758267e+04	1.657722e+04
1.618075e+00	1.765417e+04	1.758070e+04	1.659020e+04
1.621769e+00	1.765107e+04	1.757852e+04	1.660372e+04
1.625463e+00	1.764793e+04	1.757631e+04	1.661721e+04
1.629157e+00	1.764491e+04	1.757424e+04	1.663013e+04
1.632852e+00	1.764338e+04	1.757393e+04	1.663735e+04
1.636546e+00	1.763949e+04	1.757086e+04	1.665315e+04
1.640240e+00	1.763607e+04	1.756836e+04	1.666707e+04
1.643934e+00	1.763283e+04	1.756606e+04	1.668021e+04
1.647629e+00	1.762949e+04	1.756366e+04	1.669353e+04
1.651323e+00	1.762612e+04	1.756123e+04	1.670684e+04
1.655017e+00	1.762338e+04	1.755956e+04	1.671764e+04
1.658711e+00	1.762111e+04	1.755845e+04	1.672659e+04
1.662406e+00	1.761671e+04	1.755483e+04	1.674320e+04
1.666100e+00	1.761334e+04	1.755244e+04	1.675590e+04
1.669794e+00	1.760981e+04	1.754987e+04	1.676902e+04
1.673488e+00	1.760624e+04	1.754726e+04	1.678216e+04
1.677183e+00	1.760266e+04	1.754465e+04	1.679516e+04
1.680877e+00	1.760044e+04	1.754367e+04	1.680307e+04
1.684571e+00	1.759661e+04	1.754077e+04	1.681667e+04
1.688265e+00	1.759254e+04	1.753760e+04	1.683104e+04
1.691959e+00	1.758889e+04	1.753494e+04	1.684371e+04
1.695654e+00	1.758512e+04	1.753214e+04	1.685667e+04
1.699348e+00	1.758132e+04	1.752931e+04	1.686962e+04
1.703042e+00	1.757783e+04	1.752687e+04	1.688128e+04
1.706736e+00	1.757533e+04	1.752566e+04	1.688915e+04
1.710431e+00	1.757060e+04	1.752173e+04	1.690501e+04
1.714125e+00	1.756671e+04	1.751883e+04	1.691768e+04
1.717819e+00	1.756276e+04	1.751588e+04	1.693040e+04
1.721513e+00	1.755876e+04	1.751287e+04	1.694318e+04
1.725208e+00	1.755472e+04	1.750982e+04	1.695594e+04
1.728902e+00	1.755163e+04	1.750795e+04	1.696516e+04
1.732596e+00	1.754797e+04	1.750539e+04	1.697627e+04
1.736290e+00	1.754322e+04	1.750150e+04	1.699114e+04
1.739985e+00	1.753917e+04	1.749848e+04	1.700335e+04
1.743679e+00	1.753497e+04	1.749529e+04	1.701597e+04
1.747373e+00	1.753073e+04	1.749206e+04	1.702857e+04
1.751067e+00	1.752661e+04	1.748898e+04	1.704064e+04
1.754761e+00	1.752366e+04	1.748739e+04	1.704837e+04
1.758456e+00	1.751876e+04	1.748336e+04	1.706288e+04
1.762150e+00	1.751430e+04	1.747989e+04	1.707570e+04
1.765844e+00	1.750994e+04	1.747656e+04	1.708801e+04
1.769538e+00	1.750551e+04	1.747315e+04	1.710045e+04
1.773233e+00	1.750104e+04	1.746971e+04	1.711287e+04
1.776927e+00	1.749712e+04	1.746697e+04	1.712324e+04
1.780621e+00	1.749346e+04	1.746458e+04	1.713252e+04
1.784315e+00	1.748817e+04	1.746012e+04	1.714740e+04
1.788010e+00	1.748368e+04	1.745669e+04	1.715932e+04
1.791704e+00	1.747905e+04	1.745311e+04	1.717159e+04
1.795398e+00	1.747439e+04	1.744948e+04	1.718385e+04
1.799092e+00	1.746972e+04	1.744587e+04	1.719598e+04
1.802786e+00	1.746614e+04	1.744367e+04	1.720423e+04
1.806481e+00	1.746119e+04	1.743971e+04	1.721704e+04
1.810175e+00	1.745613e+04	1.743562e+04	1.723010e+04
1.813869e+00	1.745137e+04	1.743193e+04	1.724201e+04
1.817563e+00	1.744650e+04	1.742812e+04	1.725412e+04
1.821258e+00	1.744161e+04	1.742428e+04	1.726621e+04
1.824952e+00	1.743698e+04	1.742081e+04	1.727726e+04
1.828646e+00	1.743308e+04	1.741831e+04	1.728570e+04
1.832340e+00	1.742742e+04	1.741350e+04	1.729995e+04
1.836035e+00	1.742244e+04	1.740960e+04	1.731177e+04
1.839729e+00	1.741740e+04	1.740563e+04	1.732368e+04
1.843423e+00	1.741231e+04	1.740160e+04	1.733563e+04
1.847117e+00	1.740718e+04	1.739755e+04	1.734755e+04
1.850812e+00	1.740283e+04	1.739456e+04	1.735677e+04
1.854506e+00	1.739792e+04	1.739081e+04	1.736772e+04
1.858200e+00	1.739224e+04	1.738606e+04	1.738104e+04
1.861894e+00	1.738708e+04	1.738201e+04	1.739256e+04
1.865588e+00	1.738179e+04	1.737780e+04	1.740435e+04
1.869283e+00	1.737646e+04	1.737357e+04	1.741613e+04
1.872977e+00	1.737124e+04	1.736947e+04	1.742748e+04
1.876671e+00	1.736690e+04	1.736663e+04	1.743581e+04
1.880365e+00	1.736101e+04	1.736165e+04	1.744901e+04
1.884060e+00	1.735550e+04	1.735722e+04	1.746086e+04
1.887754e+00	1.735005e+04	1.735287e+04	1.747242e+04
1.891448e+00	1.734453e+04	1.734845e+04	1.748405e+04
1.895142e+00	1.733898e+04	1.734400e+04	1.749566e+04
1.898837e+00	1.733388e+04	1.734020e+04	1.750577e+04
1.902531e+00	1.732889e+04	1.733658e+04	1.751535e+04
1.906225e+00	1.732269e+04	1.733127e+04	1.752859e+04
1.909919e+00	1.731710e+04	1.732682e+04	1.753983e+04
1.913614e+00	1.731139e+04	1.732223e+04	1.755131e+04
1.917308e+00	1.730565e+04	1.731760e+04	1.756278e+04
1.921002e+00	1.729990e+04	1.731299e+04	1.757414e+04
1.924696e+00	1.729499e+04	1.730959e+04	1.758287e+04
1.928390e+00	1.728896e+04	1.730460e+04	1.759481e+04
1.932085e+00	1.728291e+04	1.729960e+04	1.760672e+04
1.935779e+00	1.727705e+04	1.729488e+04	1.761794e+04
1.939473e+00	1.727111e+04	1.729007e+04	1.762928e+04
1.943167e+00	1.726514e+04	1.728523e+04	1.764060e+04
1.946862e+00	1.725939e+04	1.728073e+04	1.765118e+04
1.950556e+00	1.725413e+04	1.727699e+04	1.766018e+04
1.954250e+00	1.724756e+04	1.727131e+04	1.767288e+04
1.957944e+00	1.724150e+04	1.726642e+04	1.768397e+04
1.961639e+00	1.723538e+04	1.726144e+04	1.769514e+04
1.965333e+00	1.722922e+04	1.725643e+04	1.770633e+04
1.969027e+00	1.722302e+04	1.725138e+04	1.771749e+04
1.972721e+00	1.721743e+04	1.724727e+04	1.772689e+04
1.976416e+00	1.721132e+04	1.724239e+04	1.773758e+04
1.980110e+00	1.720472e+04	1.723677e+04	1.774951e+04
1.983804e+00	1.719846e+04	1.723170e+04	1.776041e+04
1.987498e+00	1.719210e+04	1.722651e+04	1.777147e+04
1.991192e+00	1.718571e+04	1.722128e+04	1.778250e+04
1.994887e+00	1.717940e+04	1.721619e+04	1.779324e+04
1.998581e+00	1.717371e+04	1.721212e+04	1.780224e+04
2.002275e+00	1.716687e+04	1.720622e+04	1.781413e+04
2.005969e+00	1.716033e+04	1.720084e+04	1.782514e+04
2.009664e+00	1.715380e+04	1.719549e+04	1.783601e+04
2.013358e+00	1.714722e+04	1.719009e+04	1.784691e+04
2.017052e+00	1.714061e+04	1.718466e+04	1.785780e+04
2.020746e+00	1.713434e+04	1.717979e+04	1.786778e+04
2.024441e+00	1.712809e+04	1.717499e+04	1.787760e+04
2.028135e+00	1.712099e+04	1.716883e+04	1.788934e+04
2.031829e+00	1.711432e+04	1.716339e+04	1.789999e+04
2.035523e+00	1.710756e+04	1.715781e+04	1.791076e+04
2.039218e+00	1.710076e+04	1.715220e+04	1.792153e+04
2.042912e+00	1.709395e+04	1.714660e+04	1.793221e+04
2.046606e+00	1.708774e+04	1.714202e+04	1.794151e+04
2.050300e+00	1.708068e+04	1.713606e+04	1.795254e+04
2.053994e+00	1.707365e+04	1.713014e+04	1.796346e+04
2.057689e+00	1.706672e+04	1.712444e+04	1.797405e+04
2.061383e+00	1.705973e+04	1.711865e+04	1.798469e+04
2.065077e+00	1.705271e+04	1.711283e+04	1.799531e+04
2.068771e+00	1.704585e+04	1.710732e+04	1.800555e+04
2.072466e+00	1.703929e+04	1.710237e+04	1.801509e+04
2.076160e+00	1.703183e+04	1.709585e+04	1.802634e+04
2.079854e+00	1.702472e+04	1.708998e+04	1.803681e+04
2.083548e+00	1.701755e+04	1.708403e+04	1.804732e+04
2.087243e+00	1.701034e+04	1.707804e+04	1.805782e+04
2.090937e+00	1.700310e+04	1.707202e+04	1.806831e+04
2.094631e+00	1.699629e+04	1.706681e+04	1.807802e+04
2.098325e+00	1.698905e+04	1.706085e+04	1.808834e+04
2.102019e+00	1.698153e+04	1.705439e+04	1.809908e+04
2.105714e+00	1.697421e+04	1.704833e+04	1.810941e+04
2.109408e+00	1.696682e+04	1.704217e+04	1.811980e+04
2.113102e+00	1.695940e+04	1.703598e+04	1.813017e+04
2.116796e+00	1.695202e+04	1.702991e+04	1.814042e+04
2.120491e+00	1.694504e+04	1.702464e+04	1.815007e+04
2.124185e+00	1.693728e+04	1.701788e+04	1.816071e+04
2.127879e+00	1.692972e+04	1.701155e+04	1.817101e+04
2.131573e+00	1.692215e+04	1.700524e+04	1.818127e+04
2.135268e+00	1.691455e+04	1.699888e+04	1.819153e+04
2.138962e+00	1.690691e+04	1.699249e+04	1.820177e+04
2.142656e+00	1.689949e+04	1.698659e+04	1.821176e+04
2.146350e+00	1.689204e+04	1.698064e+04	1.822171e+04
2.150045e+00	1.688407e+04	1.697367e+04	1.823211e+04
2.153739e+00	1.687635e+04	1.696725e+04	1.824224e+04
2.157433e+00	1.686856e+04	1.696072e+04	1.825238e+04
2.161127e+00	1.686074e+04	1.695415e+04	1.826252e+04
2.164821e+00	1.685291e+04	1.694761e+04	1.827262e+04
2.168516e+00	1.684542e+04	1.694187e+04	1.828253e+04
2.172210e+00	1.683740e+04	1.693498e+04	1.829264e+04
2.175904e+00	1.682940e+04	1.692817e+04	1.830273e+04
2.179598e+00	1.682145e+04	1.692151e+04	1.831276e+04
2.183293e+00	1.681344e+04	1.691478e+04	1.832278e+04
2.186987e+00	1.680541e+04	1.690802e+04	1.833279e+04
2.190681e+00	1.679747e+04	1.690152e+04	1.834281e+04
2.194375e+00	1.678967e+04	1.689541e+04	1.835281e+04
2.198070e+00	1.678134e+04	1.688807e+04	1.836272e+04
2.201764e+00	1.677321e+04	1.688125e+04	1.837265e+04
2.205458e+00	1.676503e+04	1.687436e+04	1.838257e+04
2.209152e+00	1.675682e+04	1.686743e+04	1.839248e+04
2.212847e+00	1.674857e+04	1.686048e+04	1.840237e+04
2.216541e+00	1.674056e+04	1.685418e+04	1.841249e+04
2.220235e+00	1.673228e+04	1.684721e+04	1.842234e+04
2.223929e+00	1.672385e+04	1.683992e+04	1.843207e+04
2.227623e+00	1.671551e+04	1.683291e+04	1.844191e+04
2.231318e+00	1.670712e+04	1.682581e+04	1.845171e+04
2.235012e+00	1.669870e+04	1.681869e+04	1.846150e+04
2.238706e+00	1.669029e+04	1.681167e+04	1.847136e+04
2.242400e+00	1.668207e+04	1.680525e+04	1.848163e+04
2.246095e+00	1.667343e+04	1.679765e+04	1.849107e+04
2.249789e+00	1.666489e+04	1.679041e+04	1.850079e+04
2.253483e+00	1.665632e+04	1.678317e+04	1.851050e+04
2.257177e+00	1.664772e+04	1.677589e+04	1.852019e+04
2.260872e+00	1.663910e+04	1.676857e+04	1.852987e+04
2.264566e+00	1.663056e+04	1.676165e+04	1.853996e+04
2.268260e+00	1.662197e+04	1.675463e+04	1.854994e+04
2.271954e+00	1.661316e+04	1.674687e+04	1.855918e+04
2.275649e+00	1.660443e+04	1.673951e+04	1.856885e+04
2.279343e+00	1.659566e+04	1.673206e+04	1.857844e+04
2.283037e+00	1.658686e+04	1.672459e+04	1.858801e+04
2.286731e+00	1.657804e+04	1.671712e+04	1.859764e+04
2.290425e+00	1.656933e+04	1.671026e+04	1.860815e+04
2.294120e+00	1.656039e+04	1.670249e+04	1.861735e+04
2.297814e+00	1.655146e+04	1.669482e+04	1.862674e+04
2.301508e+00	1.654252e+04	1.668723e+04	1.863628e+04
2.305202e+00	1.653354e+04	1.667959e+04	1.864576e+04
2.308897e+00	1.652453e+04	1.667193e+04	1.865523e+04
2.312591e+00	1.651554e+04	1.666446e+04	1.866512e+04
2.316285e+00	1.650657e+04	1.665724e+04	1.867550e+04
2.319979e+00	1.649742e+04	1.664912e+04	1.868420e+04
2.323674e+00	1.648830e+04	1.664140e+04	1.869369e+04
2.327368e+00	1.647916e+04	1.663360e+04	1.870309e+04
2.331062e+00	1.646998e+04	1.662577e+04	1.871247e+04
2.334756e+00	1.646077e+04	1.661792e+04	1.872185e+04
2.338451e+00	1.645159e+04	1.661055e+04	1.873241e+04
2.342145e+00	1.644233e+04	1.660264e+04	1.874173e+04
2.345839e+00	1.643303e+04	1.659454e+04	1.875063e+04
2.349533e+00	1.642371e+04	1.658662e+04	1.876002e+04
2.353227e+00	1.641436e+04	1.657863e+04	1.876931e+04
2.356922e+00	1.640499e+04	1.657062e+04	1.877859e+04
2.360616e+00	1.639558e+04	1.656269e+04	1.878817e+04
2.364310e+00	1.638616e+04	1.655514e+04	1.879896e+04
2.368004e+00	1.637670e+04	1.654676e+04	1.880732e+04
2.371699e+00	1.636721e+04	1.653865e+04	1.881654e+04
2.375393e+00	1.635769e+04	1.653051e+04	1.882578e+04
2.379087e+00	1.634815e+04	1.652234e+04	1.883497e+04
2.382781e+00	1.633858e+04	1.651414e+04	1.884414e+04
2.386476e+00	1.632895e+04	1.650622e+04	1.885443e+04
2.390170e+00	1.631931e+04	1.649818e+04	1.886433e+04
2.393864e+00	1.630967e+04	1.648967e+04	1.887257e+04
2.397558e+00	1.629999e+04	1.648141e+04	1.888185e+04
2.401252e+00	1.629027e+04	1.647309e+04	1.889096e+04
2.404947e+00	1.628053e+04	1.646473e+04	1.890005e+04
2.408641e+00	1.627076e+04	1.645639e+04	1.890928e+04
2.412335e+00	1.626088e+04	1.644842e+04	1.892036e+04
2.416029e+00	1.625109e+04	1.643984e+04	1.892867e+04
2.419724e+00	1.624125e+04	1.643134e+04	1.893749e+04
2.423418e+00	1.623137e+04	1.642287e+04	1.894659e+04
2.427112e+00	1.622147e+04	1.641436e+04	1.895560e+04
2.430806e+00	1.621153e+04	1.640583e+04	1.896460e+04
2.434501e+00	1.620152e+04	1.639742e+04	1.897445e+04
2.438195e+00	1.619143e+04	1.638914e+04	1.898508e+04
2.441889e+00	1.618150e+04	1.638030e+04	1.899274e+04
2.445583e+00	1.617145e+04	1.637170e+04	1.900185e+04
2.449278e+00	1.616138e+04	1.636304e+04	1.901079e+04
2.452972e+00	1.615128e+04	1.635435e+04	1.901971e+04
2.456666e+00	1.614115e+04	1.634564e+04	1.902865e+04
2.460360e+00	1.613083e+04	1.633721e+04	1.903968e+04
2.464054e+00	1.612067e+04	1.632844e+04	1.904841e+04
2.467749e+00	1.611051e+04	1.631956e+04	1.905665e+04
2.471443e+00	1.610027e+04	1.631076e+04	1.906564e+04
2.475137e+00	1.609001e+04	1.630192e+04	1.907449e+04
2.478831e+00	1.607973e+04	1.629306e+04	1.908332e+04
2.482526e+00	1.606936e+04	1.628423e+04	1.909269e+04
2.486220e+00	1.605879e+04	1.627561e+04	1.910392e+04
2.489914e+00	1.604857e+04	1.626650e+04	1.911128e+04
2.493608e+00	1.603817e+04	1.625755e+04	1.912011e+04
2.497303e+00	1.602775e+04	1.624856e+04	1.912892e+04
2.500997e+00	1.601731e+04	1.623955e+04	1.913767e+04
2.504691e+00	1.600683e+04	1.623051e+04	1.914641e+04
2.508385e+00	1.599614e+04	1.622161e+04	1.915694e+04
2.512080e+00	1.598552e+04	1.621261e+04	1.916664e+04
2.515774e+00	1.597510e+04	1.620339e+04	1.917409e+04
2.519468e+00	1.596450e+04	1.619427e+04	1.918302e+04
2.523162e+00	1.595389e+04	1.618511e+04	1.919170e+04
2.526856e+00	1.594326e+04	1.617592e+04	1.920037e+04
2.530551e+00	1.593257e+04	1.616672e+04	1.920930e+04
2.534245e+00	1.592155e+04	1.615769e+04	1.922086e+04
2.537939e+00	1.591098e+04	1.614835e+04	1.922833e+04
2.541633e+00	1.590027e+04	1.613905e+04	1.923671e+04
2.545328e+00	1.588950e+04	1.612974e+04	1.924541e+04
2.549022e+00	1.587871e+04	1.612041e+04	1.925401e+04
2.552716e+00	1.586789e+04	1.611105e+04	1.926260e+04
2.556410e+00	1.585689e+04	1.610173e+04	1.927247e+04
2.560105e+00	1.584574e+04	1.609243e+04	1.928322e+04
2.563799e+00	1.583508e+04	1.608291e+04	1.929000e+04
2.567493e+00	1.582413e+04	1.607347e+04	1.929879e+04
2.571187e+00	1.581319e+04	1.606399e+04	1.930733e+04
2.574882e+00	1.580222e+04	1.605448e+04	1.931585e+04
2.578576e+00	1.579121e+04	1.604495e+04	1.932443e+04
2.582270e+00	1.577979e+04	1.603549e+04	1.933588e+04
2.585964e+00	1.576879e+04	1.602591e+04	1.934400e+04
2.589658e+00	1.575782e+04	1.601628e+04	1.935171e+04
2.593353e+00	1.574670e+04	1.600666e+04	1.936036e+04
2.597047e+00	1.573557e+04	1.599701e+04	1.936881e+04
2.600741e+00	1.572442e+04	1.598733e+04	1.937725e+04
2.604435e+00	1.571313e+04	1.597764e+04	1.938649e+04
2.608130e+00	1.570147e+04	1.596798e+04	1.939804e+04
2.611824e+00	1.569053e+04	1.595821e+04	1.940453e+04
2.615518e+00	1.567927e+04	1.594844e+04	1.941303e+04
2.619212e+00	1.566799e+04	1.593865e+04	1.942146e+04
2.622907e+00	1.565669e+04	1.592883e+04	1.942984e+04
2.626601e+00	1.564536e+04	1.591898e+04	1.943821e+04
2.630295e+00	1.563363e+04	1.590912e+04	1.944901e+04
2.633989e+00	1.562209e+04	1.589924e+04	1.945840e+04
2.637684e+00	1.561093e+04	1.588932e+04	1.946521e+04
2.641378e+00	1.559945e+04	1.587939e+04	1.947383e+04
2.645072e+00	1.558800e+04	1.586942e+04	1.948214e+04
2.648766e+00	1.557652e+04	1.585944e+04	1.949044e+04
2.652460e+00	1.556495e+04	1.584942e+04	1.949912e+04
2.656155e+00	1.555283e+04	1.583935e+04	1.951107e+04
2.659849e+00	1.554154e+04	1.582932e+04	1.951778e+04
2.663543e+00	1.553000e+04	1.581925e+04	1.952579e+04
2.667237e+00	1.551838e+04	1.580915e+04	1.953416e+04
2.670932e+00	1.550675e+04	1.579902e+04	1.954240e+04
2.674626e+00	1.549510e+04	1.578888e+04	1.955063e+04
2.678320e+00	1.548313e+04	1.577866e+04	1.956056e+04
2.682014e+00	1.547100e+04	1.576841e+04	1.957132e+04
2.685709e+00	1.545964e+04	1.575825e+04	1.957736e+04
2.689403e+00	1.544784e+04	1.574800e+04	1.958588e+04
2.693097e+00	1.543606e+04	1.573773e+04	1.959407e+04
2.696791e+00	1.542426e+04	1.572745e+04	1.960224e+04
2.700486e+00	1.541241e+04	1.571713e+04	1.961051e+04
2.704180e+00	1.539991e+04	1.570666e+04	1.962233e+04
2.707874e+00	1.538816e+04	1.569633e+04	1.962984e+04
2.711568e+00	1.537641e+04	1.568598e+04	1.963714e+04
2.715262e+00	1.536445e+04	1.567557e+04	1.964547e+04
2.718957e+00	1.535251e+04	1.566515e+04	1.965358e+04
2.722651e+00	1.534054e+04	1.565470e+04	1.966168e+04
2.726345e+00	1.532834e+04	1.564417e+04	1.967083e+04
2.730039e+00	1.531565e+04	1.563350e+04	1.968257e+04
2.733734e+00	1.530404e+04	1.562311e+04	1.968832e+04
2.737428e+00	1.529194e+04	1.561256e+04	1.969655e+04
2.741122e+00	1.527984e+04	1.560199e+04	1.970466e+04
2.744816e+00	1.526772e+04	1.559141e+04	1.971270e+04
2.748511e+00	1.525558e+04	1.558080e+04	1.972073e+04
2.752205e+00	1.524283e+04	1.556999e+04	1.973182e+04
2.755899e+00	1.523046e+04	1.555928e+04	1.974080e+04
2.759593e+00	1.521857e+04	1.554871e+04	1.974713e+04
2.763287e+00	1.520627e+04	1.553799e+04	1.975546e+04
2.766982e+00	1.519401e+04	1.552727e+04	1.976345e+04
2.770676e+00	1.518173e+04	1.551652e+04	1.977142e+04
2.774370e+00	1.516932e+04	1.550572e+04	1.977992e+04
2.778064e+00	1.515613e+04	1.549463e+04	1.979215e+04
2.781759e+00	1.514417e+04	1.548396e+04	1.979816e+04
2.785453e+00	1.513184e+04	1.547314e+04	1.980589e+04
2.789147e+00	1.511941e+04	1.546228e+04	1.981394e+04
2.792841e+00	1.510699e+04	1.545140e+04	1.982187e+04
2.796536e+00	1.509454e+04	1.544050e+04	1.982978e+04
2.800230e+00	1.508163e+04	1.542940e+04	1.983981e+04
2.803924e+00	1.506856e+04	1.541823e+04	1.985044e+04
2.807618e+00	1.505655e+04	1.540747e+04	1.985590e+04
2.811313e+00	1.504392e+04	1.539645e+04	1.986417e+04
2.815007e+00	1.503135e+04	1.538543e+04	1.987205e+04
2.818701e+00	1.501876e+04	1.537440e+04	1.987991e+04
2.822395e+00	1.500611e+04	1.536333e+04	1.988792e+04
2.826089e+00	1.499256e+04	1.535185e+04	1.990004e+04
2.829784e+00	1.498010e+04	1.534084e+04	1.990695e+04
2.833478e+00	1.496760e+04	1.532980e+04	1.991394e+04
2.837172e+00	1.495485e+04	1.531864e+04	1.992197e+04
2.840866e+00	1.494212e+04	1.530747e+04	1.992978e+04
2.844561e+00	1.492936e+04	1.529628e+04	1.993758e+04
2.848255e+00	1.491630e+04	1.528493e+04	1.994668e+04
2.851949e+00	1.490261e+04	1.527329e+04	1.995849e+04
2.855643e+00	1.489038e+04	1.526231e+04	1.996361e+04
2.859338e+00	1.487748e+04	1.525101e+04	1.997160e+04
2.863032e+00	1.486460e+04	1.523971e+04	1.997941e+04
2.866726e+00	1.485170e+04	1.522839e+04	1.998716e+04
2.870420e+00	1.483878e+04	1.521704e+04	1.999490e+04
2.874115e+00	1.482502e+04	1.520527e+04	2.000624e+04
2.877809e+00	1.481188e+04	1.519380e+04	2.001474e+04
2.881503e+00	1.479930e+04	1.518259e+04	2.002073e+04
2.885197e+00	1.478621e+04	1.517112e+04	2.002879e+04
2.888891e+00	1.477318e+04	1.515967e+04	2.003648e+04
2.892586e+00	1.476013e+04	1.514819e+04	2.004417e+04
2.896280e+00	1.474689e+04	1.513662e+04	2.005251e+04
2.899974e+00	1.473268e+04	1.512452e+04	2.006491e+04
2.903668e+00	1.472010e+04	1.511327e+04	2.007030e+04
2.907363e+00	1.470699e+04	1.510173e+04	2.007780e+04
2.911057e+00	1.469379e+04	1.509013e+04	2.008557e+04
2.914751e+00	1.468060e+04	1.507852e+04	2.009321e+04
2.918445e+00	1.466738e+04	1.506690e+04	2.010084e+04
2.922140e+00	1.465354e+04	1.505492e+04	2.011096e+04
2.925834e+00	1.463960e+04	1.504288e+04	2.012136e+04
2.929528e+00	1.462696e+04	1.503154e+04	2.012636e+04
2.933222e+00	1.461355e+04	1.501977e+04	2.013440e+04
2.936917e+00	1.460022e+04	1.500804e+04	2.014200e+04
2.940611e+00	1.458687e+04	1.499628e+04	2.014958e+04
2.944305e+00	1.457345e+04	1.498447e+04	2.015737e+04
2.947999e+00	1.455886e+04	1.497200e+04	2.016970e+04
2.951693e+00	1.454575e+04	1.496036e+04	2.017603e+04
2.955388e+00	1.453251e+04	1.494863e+04	2.018278e+04
2.959082e+00	1.451899e+04	1.493673e+04	2.019054e+04
2.962776e+00	1.450551e+04	1.492485e+04	2.019807e+04
2.966470e+00	1.449200e+04	1.491294e+04	2.020560e+04
2.970165e+00	1.447807e+04	1.490077e+04	2.021467e+04
2.973859e+00	1.446342e+04	1.488819e+04	2.022641e+04
2.977553e+00	1.445060e+04	1.487666e+04	2.023101e+04
2.981247e+00	1.443693e+04	1.486463e+04	2.023880e+04
2.984942e+00	1.442330e+04	1.485261e+04	2.024633e+04
2.988636e+00	1.440965e+04	1.484057e+04	2.025381e+04
2.992330e+00	1.439598e+04	1.482851e+04	2.026130e+04
2.996024e+00	1.438121e+04	1.481578e+04	2.027283e+04
2.999719e+00	1.436736e+04	1.480359e+04	2.028081e+04
3.003413e+00	1.435409e+04	1.479175e+04	2.028655e+04
3.007107e+00	1.434024e+04	1.477955e+04	2.029434e+04
3.010801e+00	1.432646e+04	1.476738e+04	2.030177e+04
3.014495e+00	1.431266e+04	1.475520e+04	2.030919e+04
3.018190e+00	1.429862e+04	1.474285e+04	2.031741e+04
3.021884e+00	1.428339e+04	1.472976e+04	2.032985e+04
3.025578e+00	1.427023e+04	1.471796e+04	2.033469e+04
3.029272e+00	1.425637e+04	1.470571e+04	2.034200e+04
3.032967e+00	1.424243e+04	1.469339e+04	2.034950e+04
3.036661e+00	1.422849e+04	1.468108e+04	2.035688e+04
3.040355e+00	1.421453e+04	1.466875e+04	2.036425e+04
3.044049e+00	1.419975e+04	1.465587e+04	2.037445e+04
3.047744e+00	1.418499e+04	1.464300e+04	2.038451e+04
3.051438e+00	1.417173e+04	1.463110e+04	2.038916e+04
3.055132e+00	1.415755e+04	1.461859e+04	2.039697e+04
3.058826e+00	1.414348e+04	1.460614e+04	2.040430e+04
3.062520e+00	1.412939e+04	1.459368e+04	2.041162e+04
3.066215e+00	1.411520e+04	1.458113e+04	2.041922e+04
3.069909e+00	1.409957e+04	1.456764e+04	2.043164e+04
3.073603e+00	1.408586e+04	1.455541e+04	2.043743e+04
3.077297e+00	1.407190e+04	1.454301e+04	2.044399e+04
3.080992e+00	1.405763e+04	1.453039e+04	2.045149e+04
3.084686e+00	1.404340e+04	1.451780e+04	2.045877e+04
3.088380e+00	1.402916e+04	1.450519e+04	2.046603e+04
3.092074e+00	1.401435e+04	1.449219e+04	2.047507e+04
3.095769e+00	1.399878e+04	1.447867e+04	2.048662e+04
3.099463e+00	1.398539e+04	1.446661e+04	2.049079e+04
3.103157e+00	1.397095e+04	1.445384e+04	2.049838e+04
3.106851e+00	1.395658e+04	1.444111e+04	2.050565e+04
3.110546e+00	1.394220e+04	1.442837e+04	2.051287e+04
3.114240e+00	1.392779e+04	1.441559e+04	2.052011e+04
3.117934e+00	1.391200e+04	1.440186e+04	2.053177e+04
3.121628e+00	1.389748e+04	1.438901e+04	2.053921e+04
3.125322e+00	1.388352e+04	1.437653e+04	2.054475e+04
3.129017e+00	1.386891e+04	1.436360e+04	2.055229e+04
3.132711e+00	1.385440e+04	1.435073e+04	2.055947e+04
3.136405e+00	1.383986e+04	1.433783e+04	2.056663e+04
3.140099e+00	1.382500e+04	1.432471e+04	2.057473e+04
3.143794e+00	1.380877e+04	1.431061e+04	2.058709e+04
3.147488e+00	1.379505e+04	1.429827e+04	2.059145e+04
3.151182e+00	1.378043e+04	1.428530e+04	2.059856e+04
3.154876e+00	1.376574e+04	1.427227e+04	2.060580e+04
3.158571e+00	1.375107e+04	1.425924e+04	2.061292e+04
3.162265e+00	1.373637e+04	1.424619e+04	2.062003e+04
3.165959e+00	1.372062e+04	1.423238e+04	2.063028e+04
3.169653e+00	1.370507e+04	1.421870e+04	2.063990e+04
3.173348e+00	1.369119e+04	1.420623e+04	2.064430e+04
3.177042e+00	1.367624e+04	1.419298e+04	2.065187e+04
3.180736e+00	1.366143e+04	1.417982e+04	2.065895e+04
3.184430e+00	1.364660e+04	1.416663e+04	2.066601e+04
3.188124e+00	1.363162e+04	1.415334e+04	2.067343e+04
3.191819e+00	1.361495e+04	1.413881e+04	2.068583e+04
3.195513e+00	1.360066e+04	1.412601e+04	2.069109e+04
3.199207e+00	1.358595e+04	1.411290e+04	2.069747e+04
3.202901e+00	1.357093e+04	1.409956e+04	2.070471e+04
3.206596e+00	1.355596e+04	1.408624e+04	2.071172e+04
3.210290e+00	1.354097e+04	1.407291e+04	2.071873e+04
3.213984e+00	1.352527e+04	1.405904e+04	2.072771e+04
3.217678e+00	1.350877e+04	1.404457e+04	2.073897e+04
3.221373e+00	1.349480e+04	1.403198e+04	2.074279e+04
3.225067e+00	1.347958e+04	1.401846e+04	2.075016e+04
3.228761e+00	1.346446e+04	1.400500e+04	2.075716e+04
3.232455e+00	1.344932e+04	1.399152e+04	2.076412e+04
3.236150e+00	1.343415e+04	1.397801e+04	2.077112e+04
3.239844e+00	1.341730e+04	1.396323e+04	2.078280e+04
3.243538e+00	1.340213e+04	1.394972e+04	2.078968e+04
3.247232e+00	1.338745e+04	1.393657e+04	2.079506e+04
3.250926e+00	1.337208e+04	1.392290e+04	2.080232e+04
3.254621e+00	1.335681e+04	1.390929e+04	2.080923e+04
3.258315e+00	1.334151e+04	1.389566e+04	2.081613e+04
3.262009e+00	1.332580e+04	1.388170e+04	2.082410e+04
3.265703e+00	1.330855e+04	1.386656e+04	2.083624e+04
3.269398e+00	1.329426e+04	1.385368e+04	2.084017e+04
3.273092e+00	1.327885e+04	1.383994e+04	2.084709e+04
3.276786e+00	1.326339e+04	1.382617e+04	2.085405e+04
3.280480e+00	1.324795e+04	1.381239e+04	2.086090e+04
3.284175e+00	1.323249e+04	1.379860e+04	2.086774e+04
3.287869e+00	1.321572e+04	1.378378e+04	2.087799e+04
3.291563e+00	1.319936e+04	1.376928e+04	2.088708e+04
3.295257e+00	1.318482e+04	1.375619e+04	2.089127e+04
3.298952e+00	1.316907e+04	1.374216e+04	2.089857e+04
3.302646e+00	1.315349e+04	1.372824e+04	2.090537e+04
3.306340e+00	1.313788e+04	1.371430e+04	2.091215e+04
3.310034e+00	1.312207e+04	1.370020e+04	2.091937e+04
3.313728e+00	1.310431e+04	1.368456e+04	2.093162e+04
3.317423e+00	1.308940e+04	1.367116e+04	2.093638e+04
3.321117e+00	1.307391e+04	1.365730e+04	2.094258e+04
3.324811e+00	1.305810e+04	1.364317e+04	2.094952e+04
3.328505e+00	1.304234e+04	1.362909e+04	2.095626e+04
3.332200e+00	1.302655e+04	1.361498e+04	2.096298e+04
3.335894e+00	1.300988e+04	1.360015e+04	2.097187e+04
3.339588e+00	1.299242e+04	1.358469e+04	2.098269e+04
3.343282e+00	1.297782e+04	1.357152e+04	2.098620e+04
3.346977e+00	1.296176e+04	1.355717e+04	2.099332e+04
3.350671e+00	1.294584e+04	1.354293e+04	2.100003e+04
3.354365e+00	1.292990e+04	1.352866e+04	2.100669e+04
3.358059e+00	1.291390e+04	1.351435e+04	2.101343e+04
3.361753e+00	1.289590e+04	1.349840e+04	2.102501e+04
3.365448e+00	1.288003e+04	1.348419e+04	2.103130e+04
3.369142e+00	1.286457e+04	1.347030e+04	2.103651e+04
3.372836e+00	1.284836e+04	1.345580e+04	2.104346e+04
3.376530e+00	1.283226e+04	1.344138e+04	2.105007e+04
3.380225e+00	1.281614e+04	1.342693e+04	2.105667e+04
3.383919e+00	1.279948e+04	1.341204e+04	2.106446e+04
3.387613e+00	1.278113e+04	1.339577e+04	2.107624e+04
3.391307e+00	1.276620e+04	1.338229e+04	2.107976e+04
3.395002e+00	1.274992e+04	1.336770e+04	2.108644e+04
3.398696e+00	1.273362e+04	1.335308e+04	2.109308e+04
3.402390e+00	1.271733e+04	1.333847e+04	2.109961e+04
3.406084e+00	1.270101e+04	1.332383e+04	2.110613e+04
3.409779e+00	1.268309e+04	1.330787e+04	2.111629e+04
3.413473e+00	1.266589e+04	1.329249e+04	2.112475e+04
3.417167e+00	1.265056e+04	1.327866e+04	2.112874e+04
3.420861e+00	1.263392e+04	1.326374e+04	2.113571e+04
3.424555e+00	1.261745e+04	1.324896e+04	2.114218e+04
3.428250e+00	1.260096e+04	1.323415e+04	2.114864e+04
3.431944e+00	1.258421e+04	1.321912e+04	2.115560e+04
3.435638e+00	1.256522e+04	1.320221e+04	2.116755e+04
3.439332e+00	1.254962e+04	1.318813e+04	2.117178e+04
3.443027e+00	1.253321e+04	1.317337e+04	2.117775e+04
3.446721e+00	1.251648e+04	1.315835e+04	2.118433e+04
3.450415e+00	1.249981e+04	1.314336e+04	2.119072e+04
3.454109e+00	1.248310e+04	1.312834e+04	2.119709e+04
3.457804e+00	1.246530e+04	1.311238e+04	2.120579e+04
3.461498e+00	1.244677e+04	1.309580e+04	2.121605e+04
3.465192e+00	1.243141e+04	1.308191e+04	2.121924e+04
3.468886e+00	1.241436e+04	1.306659e+04	2.122603e+04
3.472581e+00	1.239749e+04	1.305140e+04	2.123237e+04
3.476275e+00	1.238059e+04	1.303619e+04	2.123867e+04
3.479969e+00	1.236360e+04	1.302089e+04	2.124507e+04
3.483663e+00	1.234427e+04	1.300359e+04	2.125640e+04
3.487357e+00	1.232758e+04	1.298855e+04	2.126202e+04
3.491052e+00	1.231115e+04	1.297371e+04	2.126700e+04
3.494746e+00	1.229394e+04	1.295821e+04	2.127354e+04
3.498440e+00	1.227683e+04	1.294279e+04	2.127976e+04
3.502134e+00	1.225969e+04	1.292734e+04	2.128596e+04
3.505829e+00	1.224188e+04	1.291130e+04	2.129347e+04
3.509523e+00	1.222224e+04	1.289368e+04	2.130472e+04
3.513217e+00	1.220649e+04	1.287941e+04	2.130780e+04
3.516911e+00	1.218912e+04	1.286374e+04	2.131413e+04
3.520606e+00	1.217176e+04	1.284808e+04	2.132034e+04
3.524300e+00	1.215440e+04	1.283240e+04	2.132646e+04
3.527994e+00	1.213700e+04	1.281669e+04	2.133256e+04
3.531688e+00	1.211766e+04	1.279929e+04	2.134248e+04
3.535383e+00	1.209941e+04	1.278282e+04	2.135015e+04
3.539077e+00	1.208305e+04	1.276800e+04	2.135388e+04
3.542771e+00	1.206527e+04	1.275194e+04	2.136037e+04
3.546465e+00	1.204767e+04	1.273602e+04	2.136640e+04
3.550159e+00	1.203002e+04	1.272007e+04	2.137240e+04
3.553854e+00	1.201204e+04	1.270381e+04	2.137898e+04
3.557548e+00	1.199154e+04	1.268532e+04	2.139042e+04
3.561242e+00	1.197497e+04	1.267030e+04	2.139404e+04
3.564936e+00	1.195733e+04	1.265433e+04	2.139962e+04
3.568631e+00	1.193939e+04	1.263809e+04	2.140571e+04
3.572325e+00	1.192149e+04	1.262187e+04	2.141161e+04
3.576019e+00	1.190354e+04	1.260561e+04	2.141748e+04
3.579713e+00	1.188424e+04	1.258814e+04	2.142582e+04
3.583408e+00	1.186431e+04	1.257010e+04	2.143529e+04
3.587102e+00	1.184782e+04	1.255513e+04	2.143805e+04
3.590796e+00	1.182942e+04	1.253846e+04	2.144432e+04
3.594490e+00	1.181122e+04	1.252194e+04	2.145012e+04
3.598185e+00	1.179297e+04	1.250538e+04	2.145588e+04
3.601879e+00	1.177458e+04	1.248869e+04	2.146177e+04
3.605573e+00	1.175349e+04	1.246956e+04	2.147259e+04
3.609267e+00	1.173558e+04	1.245329e+04	2.147739e+04
3.612961e+00	1.171773e+04	1.243706e+04	2.148195e+04
3.616656e+00	1.169906e+04	1.242009e+04	2.148788e+04
3.620350e+00	1.168048e+04	1.240320e+04	2.149351e+04
3.624044e+00	1.166185e+04	1.238624e+04	2.149911e+04
3.627738e+00	1.163827e+04	1.236244e+04	2.151300e+04
3.631433e+00	1.160776e+04	1.232944e+04	2.153877e+04
3.635127e+00	1.160727e+04	1.233856e+04	2.151324e+04
3.638821e+00	1.159205e+04	1.232692e+04	2.151249e+04
3.642515e+00	1.157781e+04	1.231671e+04	2.150991e+04
3.646210e+00	1.156375e+04	1.230682e+04	2.150682e+04
3.649904e+00	1.154962e+04	1.229685e+04	2.150368e+04
3.653598e+00	1.145598e+04	1.215718e+04	2.158696e+04
3.657292e+00	1.143719e+04	1.214554e+04	2.161216e+04
3.660987e+00	1.148103e+04	1.223534e+04	2.156458e+04
3.664681e+00	1.146965e+04	1.223386e+04	2.157178e+04
3.668375e+00	1.146771e+04	1.224828e+04	2.156971e+04
3.672069e+00	1.146564e+04	1.226263e+04	2.156750e+04
3.675763e+00	1.431472e+04	1.489555e+04	2.127828e+04
3.679458e+00	3.782897e+04	3.723529e+04	1.905426e+04
3.683152e+00	2.717567e+04	2.726922e+04	2.011433e+04
3.686846e+00	2.598255e+04	2.605647e+04	2.021921e+04
3.690540e+00	2.664341e+04	2.669978e+04	2.016318e+04
3.694235e+00	2.664085e+04	2.669863e+04	2.016552e+04


