-27.85506366534235
-27.847871338860493
-27.840714323962416
-27.833592579574244
-27.826506062670376
-27.81945472827673
-27.812438529473816
-27.805457417399772
-27.7985113412533
-27.7916002482964
-27.784724083857284
-27.777882791332893
-27.771076312191504
-27.764304585975196
-27.757567550302227
-27.750865140869337
-27.744197291453943
-27.73756393391624
-27.730964998201262
-27.724400412340763
-27.71787010245513
-27.711373992755085
-27.70491200554341
-27.698484061216462
-27.692090078265764
-27.68572997327936
-27.679403660943166
-27.673111054042142
-27.666852063461587
-27.660626598188095
-27.654434565310552
-27.648275870021113
-27.642150415615937
-27.636058103495955
-27.629998833167537
-27.623972502243035
-27.61797900644128
-27.61201823958798
-27.60609009361606
-27.60019445856589
-27.594331222585375
-27.588500271930208
-27.58270149096368
-27.576934762156704
-27.571199966087637
-27.565496981442
-27.559825685012207
-27.55418595169715
-27.548577654501678
-27.543000664536144
-27.537454851015664
-6.8643791106538155
-7.0370341464138
-7.208874668988519
-7.379884092704833
-7.550045803380006
-7.719343176014978
-7.887759592847377
-8.055278461756355
-8.221883235009397
-8.387557428339214
-8.552284640336698
-8.716048572143764
-8.878833047427728
-9.04062203261648
-9.201399657371525
-9.361150235273518
-9.519858284692567
-9.677508549813183
-9.834086021781335
-9.989575959938682
-10.143963913106704
-10.297235740881032
-10.449377634894034
-10.600376140001584
-10.750218175347577
-10.898891055257996
-11.04638250991417
-11.192680705753297
-11.337774265542603
-11.481652288072045
-11.624304367409428
-11.76572061166053
-11.905891661176366
-12.044808706148995
-12.182463503537177
-12.318848393263195
-12.453956313622596
-12.587780815849197
-12.72031607777885
-12.851556916556698
-12.981498800334444
-13.110137858906167
-13.23747089323364
-13.363495383814746
-13.488209497851855
-13.611612095180238
-13.733702732920428
-13.854481668822416
-13.973949863273898
-14.092108979949346
-14.208961385081487
-14.324510145341751
-14.438759024321548
-14.55171247761136
-14.66337564648036
-14.773754350164548
-14.882855076777151
-14.990684972860425
-15.09725183160371
-15.202564079757877
-15.306630763281749
-15.409461531761245
-15.511066621646865
-15.611456838360194
-15.71064353732415
-15.80863860397645
-15.905454432829169
-16.001103905641166
-16.095600368773127
-16.188957609797818
-16.281189833440585
-16.372311636926963
-16.462337984815886
-16.551284183398145
-16.639165854740213
-16.725998910453978
-16.811799525272708
-16.896584110512798
-16.980369287500167
-17.063171861038327
-17.145008792993828
-17.225897176072415
-17.305854207856736
-17.384897165173896
-17.463043378858057
-17.540310208969885
-17.616715020531387
-17.69227515983085
-17.767007931348807
-17.840930575352125
-17.91406024619899
-17.986413991393768
-18.058008731426337
-18.128861240426428
-18.198988127659263
-18.268405819884833
-18.337130544598924
-18.40517831417015
-18.472564910883357
-18.539305872896033
-18.605416481110765
-18.67091174696329
-18.735806401122503
-18.800114883095624
-18.8638513317288
-18.92702957659071
-18.9896631302242
-19.051765181248776
-19.113348588294283
-19.17442587474472
-19.235009224268936
-19.295110477113607
-19.354741127132684
-19.413912319526105
-19.472634849259762
-19.53091916013791
-19.5887753444986
-19.646213143502116
-19.703241947982324
-19.759870799830495
-19.8161083938813
-19.87196308027055
-19.927442867234745
-19.982555424322655
-20.037308085989586
-20.091707855545607
-20.14576140942946
-20.199475101780713
-20.252854969283305
-20.305906736254457
-20.358635819953868
-20.411047336088778
-20.46314610449157
-20.514936654947483
-20.566423233150843
-20.617609806769345
-20.668500071596746
-20.719097457775533
-20.769405136071747
-20.819426024185496
-20.86916279308145
-20.918617873324518
-20.967793461407066
-21.016691526054643
-21.065313814498445
-21.11366185870323
-21.161736981540614
-21.209540302898148
-21.257072745715824
-19.66910578753474
-19.670277460562815
-19.671357036136243
-19.672344576483216
-19.67324014266591
-19.674043794593302
-19.674755591016435
-19.675375589533637
-19.675903846593833
-19.676340417494032
-19.676685356388468
-19.67693871628738
-19.677100549059418
-19.67717090543399
-19.677149835004023
-19.6770373862301
-19.676833606438294
-19.67653854182775
-19.676152237467672
-19.675674737304018
-19.675106084159452
-19.67444631973648
-19.67369548461921
-19.672853618273322
-19.67192075905351
-19.670896944200777
-19.669782209847213
-19.668576591016773
-19.66728012162696
-19.665892834493505
-19.664414761328914
-19.662845932748944
-19.661186378268397
-19.659436126308492
-19.657595204197925
-19.65566363817265
-19.65364145338093
-19.65152867387956
-19.64932532264413
-19.647031421564392
-19.64464699144916
-19.642172052027348
-19.639606621948086
-19.63695071878606
-19.634204359040716
-19.631367558141573
-19.628440330442146
-19.62542268923224
-19.622314646730956
-19.61911621409371
-19.6158274014127
