"DELTA_ROBOT"

"Time      "	"TORQUE_M1.Q"	"TORQUE_M2.Q"	"TORQUE_M3.Q"
0.000000e+00	-3.131142e+04	7.577807e+03	8.375515e+04
4.000000e-04	-3.130637e+04	7.584787e+03	8.375864e+04
8.000000e-04	-3.129855e+04	7.595765e+03	8.376391e+04
1.200000e-03	-3.131420e+04	7.572974e+03	8.375321e+04
1.600000e-03	-4.916861e+04	4.827911e+03	1.114183e+05
2.000000e-03	-1.939287e+04	9.439258e+03	6.531791e+04
2.400000e-03	-3.332180e+04	7.237212e+03	8.680920e+04
2.800000e-03	-3.132888e+04	7.553898e+03	8.373942e+04
3.200000e-03	-3.129172e+04	7.610963e+03	8.376158e+04
3.600000e-03	-3.139714e+04	7.447827e+03	8.369920e+04
4.000000e-03	-3.128639e+04	7.623226e+03	8.376294e+04
4.400000e-03	-3.138436e+04	7.474636e+03	8.370391e+04
4.800000e-03	-3.138653e+04	7.477155e+03	8.370092e+04
5.200000e-03	-3.131117e+04	7.597792e+03	8.374297e+04
5.600000e-03	-3.149338e+04	7.311835e+03	8.363084e+04
6.000000e-03	-3.131050e+04	7.591716e+03	8.373871e+04
6.400000e-03	-3.145483e+04	7.369538e+03	8.364981e+04
6.800000e-03	-3.146440e+04	7.367771e+03	8.364153e+04
7.200000e-03	-3.135046e+04	7.552748e+03	8.370729e+04
7.600000e-03	-3.160863e+04	7.149808e+03	8.355223e+04
8.000000e-03	-3.136140e+04	7.531067e+03	8.369921e+04
8.400000e-03	-3.155103e+04	7.236539e+03	8.358033e+04
8.800000e-03	-3.156190e+04	7.229717e+03	8.356822e+04
9.200000e-03	-3.140844e+04	7.476550e+03	8.365679e+04
9.600000e-03	-3.174428e+04	6.952025e+03	8.344781e+04
1.000000e-02	-3.143455e+04	7.438523e+03	8.363822e+04
1.040000e-02	-3.167156e+04	7.071667e+03	8.348786e+04
1.080000e-02	-3.168555e+04	7.057391e+03	8.347589e+04
1.120000e-02	-3.149211e+04	7.366084e+03	8.359191e+04
1.160000e-02	-3.190064e+04	6.729367e+03	8.332985e+04
1.200000e-02	-3.152898e+04	7.319467e+03	8.355838e+04
1.240000e-02	-3.180896e+04	6.880980e+03	8.337577e+04
1.280000e-02	-3.182847e+04	6.855641e+03	8.336475e+04
1.320000e-02	-3.159975e+04	7.222881e+03	8.350772e+04
1.360000e-02	-3.207814e+04	6.469749e+03	8.319220e+04
1.400000e-02	-3.164347e+04	7.166388e+03	8.346523e+04
1.440000e-02	-3.196728e+04	6.659170e+03	8.324693e+04
1.480000e-02	-3.199425e+04	6.625773e+03	8.323068e+04
1.520000e-02	-3.173021e+04	7.052363e+03	8.340063e+04
1.560000e-02	-3.227623e+04	6.186152e+03	8.303059e+04
1.600000e-02	-3.178196e+04	6.981320e+03	8.335520e+04
1.640000e-02	-3.214504e+04	6.404651e+03	8.310105e+04
1.680000e-02	-3.217617e+04	6.366109e+03	8.307830e+04
1.720000e-02	-3.187878e+04	6.852506e+03	8.327585e+04
1.760000e-02	-3.249180e+04	5.873087e+03	8.284490e+04
1.800000e-02	-3.194271e+04	6.766235e+03	8.322162e+04
1.840000e-02	-3.234596e+04	6.120865e+03	8.293116e+04
1.880000e-02	-3.237969e+04	6.076912e+03	8.290537e+04
1.920000e-02	-3.204802e+04	6.622454e+03	8.313299e+04
1.960000e-02	-3.272402e+04	5.530516e+03	8.264311e+04
2.000000e-02	-3.212412e+04	6.519728e+03	8.307228e+04
2.040000e-02	-3.256388e+04	5.808148e+03	8.273960e+04
2.080000e-02	-3.260015e+04	5.758352e+03	8.270954e+04
2.120000e-02	-3.223761e+04	6.360900e+03	8.297009e+04
2.160000e-02	-3.297390e+04	5.163512e+03	8.240921e+04
2.200000e-02	-3.232448e+04	6.247531e+03	8.289776e+04
2.240000e-02	-3.279954e+04	5.469361e+03	8.252410e+04
2.280000e-02	-3.284142e+04	5.410147e+03	8.249178e+04
2.320000e-02	-3.245031e+04	6.067536e+03	8.278706e+04
2.360000e-02	-3.323739e+04	4.763884e+03	8.215778e+04
2.400000e-02	-3.254125e+04	5.943739e+03	8.270621e+04
2.440000e-02	-3.304768e+04	5.103154e+03	8.228427e+04
2.480000e-02	-3.309647e+04	5.037242e+03	8.224620e+04
2.520000e-02	-3.268095e+04	5.748717e+03	8.257897e+04
2.560000e-02	-3.351957e+04	4.340389e+03	8.187298e+04
2.600000e-02	-3.277975e+04	5.607451e+03	8.248983e+04
2.640000e-02	-3.331418e+04	4.705082e+03	8.202200e+04
2.680000e-02	-3.336618e+04	4.637323e+03	8.197817e+04
2.720000e-02	-3.292673e+04	5.403511e+03	8.234832e+04
2.760000e-02	-3.380979e+04	3.893639e+03	8.156547e+04
2.800000e-02	-3.303354e+04	5.245376e+03	8.225407e+04
2.840000e-02	-3.359577e+04	4.280918e+03	8.173174e+04
2.880000e-02	-3.365290e+04	4.206603e+03	8.167946e+04
2.920000e-02	-3.319182e+04	5.024640e+03	8.209173e+04
2.960000e-02	-3.411462e+04	3.419741e+03	8.122268e+04
3.000000e-02	-3.330538e+04	4.858950e+03	8.199070e+04
3.040000e-02	-3.388792e+04	3.836379e+03	8.141470e+04
3.080000e-02	-3.394747e+04	3.751043e+03	8.135695e+04
3.120000e-02	-3.346921e+04	4.616081e+03	8.181366e+04
3.160000e-02	-3.442874e+04	2.917677e+03	8.085059e+04
3.200000e-02	-3.359204e+04	4.443366e+03	8.169946e+04
3.240000e-02	-3.419595e+04	3.365017e+03	8.106280e+04
3.280000e-02	-3.425932e+04	3.270813e+03	8.100093e+04
3.320000e-02	-3.376433e+04	4.182660e+03	8.150809e+04
3.360000e-02	-3.474986e+04	2.394404e+03	8.044793e+04
3.400000e-02	-3.389086e+04	3.999080e+03	8.138141e+04
3.440000e-02	-3.450910e+04	2.866264e+03	8.068246e+04
3.480000e-02	-3.457721e+04	2.767072e+03	8.061686e+04
3.520000e-02	-3.407214e+04	3.725562e+03	8.117576e+04
3.560000e-02	-3.508226e+04	1.846986e+03	8.000740e+04
3.600000e-02	-3.420456e+04	3.525747e+03	8.103386e+04
3.640000e-02	-3.483467e+04	2.340730e+03	8.026575e+04
3.680000e-02	-3.490534e+04	2.238696e+03	8.019698e+04
3.720000e-02	-3.439066e+04	3.242911e+03	8.081428e+04
3.760000e-02	-3.541620e+04	1.280402e+03	7.953097e+04
3.800000e-02	-3.452976e+04	3.027871e+03	8.065538e+04
3.840000e-02	-3.516719e+04	1.792349e+03	7.981495e+04
3.880000e-02	-3.523937e+04	1.686898e+03	7.974125e+04
3.920000e-02	-3.471977e+04	2.733937e+03	8.041882e+04
3.960000e-02	-3.575623e+04	6.888312e+02	7.901676e+04
4.000000e-02	-3.486364e+04	2.506236e+03	8.024792e+04
4.040000e-02	-3.550593e+04	1.221684e+03	7.932957e+04
4.080000e-02	-3.558227e+04	1.108703e+03	7.924764e+04
4.120000e-02	-3.506081e+04	2.196002e+03	7.998867e+04
4.160000e-02	-3.609825e+04	7.741441e+01	7.845812e+04
4.200000e-02	-3.520659e+04	1.961400e+03	7.980627e+04
4.240000e-02	-3.584694e+04	6.322695e+02	7.880564e+04
4.280000e-02	-3.592496e+04	5.119945e+02	7.871498e+04
4.320000e-02	-3.540639e+04	1.635677e+03	7.952401e+04
4.360000e-02	-3.644333e+04	-5.583636e+02	7.785725e+04
4.400000e-02	-3.556078e+04	1.388167e+03	7.932804e+04
4.440000e-02	-3.619578e+04	1.667856e+01	7.824001e+04
4.480000e-02	-3.627148e+04	-1.062413e+02	7.814116e+04
4.520000e-02	-3.575701e+04	1.054575e+03	7.902283e+04
4.560000e-02	-3.678222e+04	-1.207931e+03	7.721172e+04
4.600000e-02	-3.591737e+04	7.938483e+02	7.881257e+04
4.640000e-02	-3.654472e+04	-6.205915e+02	7.763072e+04
4.680000e-02	-3.662111e+04	-7.479218e+02	7.752516e+04
4.720000e-02	-3.611564e+04	4.478748e+02	7.848553e+04
4.760000e-02	-3.712420e+04	-1.881739e+03	7.651476e+04
4.800000e-02	-3.627965e+04	1.757381e+02	7.825402e+04
4.840000e-02	-2.671853e+04	-6.021098e+02	5.914672e+04
4.880000e-02	-5.055171e+04	-2.324532e+03	1.006138e+05
4.920000e-02	-6.101420e+04	-1.649862e+03	1.255781e+05
4.960000e-02	1.339653e+04	1.076532e+03	-4.334696e+03
5.000000e-02	-5.696019e+04	-3.164887e+03	6.783754e+04
5.040000e-02	1.254227e+04	1.162210e+04	3.040369e+04
5.080000e-02	5.129413e+04	1.731515e+04	-4.885905e+03
5.120000e-02	4.372835e+03	8.224994e+03	1.094830e+04
5.160000e-02	1.091483e+04	9.559827e+03	-4.128653e+02
5.200000e-02	9.157991e+03	9.199504e+03	-7.471127e+03
5.240000e-02	2.116228e+04	1.145611e+04	1.475181e+04
5.280000e-02	2.005754e+04	1.126856e+04	1.703376e+04
5.320000e-02	1.390830e+04	1.010349e+04	6.266538e+03
5.360000e-02	1.343531e+04	1.001133e+04	6.498789e+03
5.400000e-02	1.208841e+04	9.763334e+03	5.009607e+03
5.440000e-02	1.574053e+04	1.073620e+04	7.769143e+03
5.480000e-02	1.567861e+04	1.058370e+04	8.358303e+03
5.520000e-02	1.463391e+04	1.027424e+04	7.735474e+03
5.560000e-02	1.473291e+04	1.026180e+04	8.007663e+03
5.600000e-02	1.470357e+04	1.023961e+04	8.071683e+03
5.640000e-02	1.554910e+04	1.079531e+04	7.221576e+03
5.680000e-02	1.512520e+04	1.051160e+04	7.698905e+03
5.720000e-02	1.492220e+04	1.037439e+04	7.944792e+03
5.760000e-02	1.486117e+04	1.033110e+04	8.042516e+03
5.800000e-02	1.488464e+04	1.034362e+04	8.050162e+03
5.840000e-02	1.572361e+04	1.089438e+04	7.198594e+03
5.880000e-02	1.519473e+04	1.054202e+04	7.792283e+03
5.920000e-02	1.505889e+04	1.044944e+04	7.969919e+03
5.960000e-02	1.498864e+04	1.040025e+04	8.078457e+03
6.000000e-02	1.507898e+04	1.045716e+04	8.014823e+03
6.040000e-02	1.587090e+04	1.097697e+04	7.203540e+03
6.080000e-02	1.527553e+04	1.058016e+04	7.872448e+03
6.120000e-02	1.519185e+04	1.052190e+04	7.995366e+03
6.160000e-02	1.511394e+04	1.046748e+04	8.112018e+03
6.200000e-02	1.528372e+04	1.057694e+04	7.960680e+03
6.240000e-02	1.598974e+04	1.104106e+04	7.232997e+03
6.280000e-02	1.536651e+04	1.062590e+04	7.939398e+03
6.320000e-02	1.532079e+04	1.059301e+04	8.022426e+03
6.360000e-02	1.523726e+04	1.053518e+04	8.146107e+03
6.400000e-02	1.549907e+04	1.070569e+04	7.892541e+03
6.440000e-02	1.608251e+04	1.108807e+04	7.290154e+03
6.480000e-02	1.546779e+04	1.067802e+04	7.993408e+03
6.520000e-02	1.544619e+04	1.066079e+04	8.050274e+03
6.560000e-02	1.535885e+04	1.060006e+04	8.178527e+03
6.600000e-02	1.572449e+04	1.083923e+04	7.807411e+03
6.640000e-02	1.615006e+04	1.111794e+04	7.372795e+03
6.680000e-02	1.557885e+04	1.073679e+04	8.034545e+03
6.720000e-02	1.556799e+04	1.072688e+04	8.079709e+03
6.760000e-02	1.547852e+04	1.066498e+04	8.211072e+03
6.800000e-02	1.595878e+04	1.098109e+04	7.707996e+03
6.840000e-02	1.619286e+04	1.113315e+04	7.481507e+03
6.880000e-02	1.569923e+04	1.080252e+04	8.063318e+03
6.920000e-02	1.568632e+04	1.079124e+04	8.110709e+03
6.960000e-02	1.559818e+04	1.073006e+04	8.241411e+03
7.000000e-02	1.619717e+04	1.112560e+04	7.598306e+03
7.040000e-02	1.621599e+04	1.113479e+04	7.610300e+03
7.080000e-02	1.582637e+04	1.087277e+04	8.080691e+03
7.120000e-02	1.580053e+04	1.085286e+04	8.142149e+03
7.160000e-02	1.572676e+04	1.080113e+04	8.256980e+03
7.200000e-02	1.641131e+04	1.125438e+04	7.509583e+03
7.240000e-02	1.624605e+04	1.114098e+04	7.730939e+03
7.280000e-02	1.595150e+04	1.094188e+04	8.097785e+03
7.320000e-02	1.591315e+04	1.091361e+04	8.173725e+03
7.360000e-02	1.586729e+04	1.088049e+04	8.257323e+03
7.400000e-02	1.659820e+04	1.136646e+04	7.448975e+03
7.440000e-02	1.628714e+04	1.115523e+04	7.838844e+03
7.480000e-02	1.607309e+04	1.100936e+04	8.116314e+03
7.520000e-02	1.602402e+04	1.097392e+04	8.204576e+03
7.560000e-02	1.601833e+04	1.096771e+04	8.241587e+03
7.600000e-02	1.675734e+04	1.146078e+04	7.414629e+03
7.640000e-02	1.633763e+04	1.117592e+04	7.933736e+03
7.680000e-02	1.618975e+04	1.107400e+04	8.136638e+03
7.720000e-02	1.613157e+04	1.103233e+04	8.235561e+03
7.760000e-02	1.617761e+04	1.106092e+04	8.211478e+03
7.800000e-02	1.689044e+04	1.153782e+04	7.406874e+03
7.840000e-02	1.639835e+04	1.120329e+04	8.015822e+03
7.880000e-02	1.630336e+04	1.113662e+04	8.158531e+03
7.920000e-02	1.623836e+04	1.109018e+04	8.266123e+03
7.960000e-02	1.634762e+04	1.116166e+04	8.166442e+03
8.000000e-02	1.699968e+04	1.159983e+04	7.424492e+03
8.040000e-02	1.646838e+04	1.123770e+04	8.084787e+03
8.080000e-02	1.641278e+04	1.119763e+04	8.181438e+03
8.120000e-02	1.634212e+04	1.114742e+04	8.295783e+03
8.160000e-02	1.652441e+04	1.126898e+04	8.106746e+03
8.200000e-02	1.708412e+04	1.164580e+04	7.468013e+03
8.240000e-02	1.654692e+04	1.127768e+04	8.141686e+03
8.280000e-02	1.651848e+04	1.125565e+04	8.206484e+03
8.320000e-02	1.644418e+04	1.120245e+04	8.325979e+03
8.360000e-02	1.670933e+04	1.138115e+04	8.034493e+03
8.400000e-02	1.714629e+04	1.167679e+04	7.537045e+03
8.440000e-02	1.663391e+04	1.132401e+04	8.186366e+03
8.480000e-02	1.662065e+04	1.131250e+04	8.232756e+03
8.520000e-02	1.654419e+04	1.125785e+04	8.355238e+03
8.560000e-02	1.690101e+04	1.150078e+04	7.948187e+03
8.600000e-02	1.718685e+04	1.169420e+04	7.629698e+03
8.640000e-02	1.672807e+04	1.137631e+04	8.219166e+03
8.680000e-02	1.671846e+04	1.136733e+04	8.260817e+03
8.720000e-02	1.664110e+04	1.131182e+04	8.384830e+03
8.760000e-02	1.709803e+04	1.162469e+04	7.850134e+03
8.800000e-02	1.720747e+04	1.169667e+04	7.746245e+03
8.840000e-02	1.683008e+04	1.143332e+04	8.240795e+03
8.880000e-02	1.681389e+04	1.141945e+04	8.290736e+03
8.920000e-02	1.674303e+04	1.136789e+04	8.407638e+03
8.960000e-02	1.728666e+04	1.174337e+04	7.758330e+03
9.000000e-02	1.722213e+04	1.169582e+04	7.868205e+03
9.040000e-02	1.693325e+04	1.149261e+04	8.256766e+03
9.080000e-02	1.690533e+04	1.147093e+04	8.320609e+03
9.120000e-02	1.685230e+04	1.143197e+04	8.415096e+03
9.160000e-02	1.744847e+04	1.184721e+04	7.692859e+03
9.200000e-02	1.724623e+04	1.170196e+04	7.977530e+03
9.240000e-02	1.703296e+04	1.154985e+04	8.274760e+03
9.280000e-02	1.699566e+04	1.152112e+04	8.350866e+03
9.320000e-02	1.697144e+04	1.150188e+04	8.409466e+03
9.360000e-02	1.758657e+04	1.193403e+04	7.654771e+03
9.400000e-02	1.727918e+04	1.171385e+04	8.074963e+03
9.440000e-02	1.712846e+04	1.160490e+04	8.295143e+03
9.480000e-02	1.708306e+04	1.157042e+04	8.381526e+03
9.520000e-02	1.709686e+04	1.157838e+04	8.390892e+03
9.560000e-02	1.770070e+04	1.200634e+04	7.641580e+03
9.600000e-02	1.732063e+04	1.173189e+04	8.159655e+03
9.640000e-02	1.722043e+04	1.165784e+04	8.316865e+03
9.680000e-02	1.716891e+04	1.161851e+04	8.411520e+03
9.720000e-02	1.720045e+04	1.165755e+04	8.356081e+03
9.760000e-02	1.767922e+04	1.205298e+04	7.641577e+03
9.800000e-02	1.743945e+04	1.176294e+04	8.239403e+03
9.840000e-02	1.743576e+04	1.172189e+04	8.353072e+03
9.880000e-02	1.744192e+04	1.168505e+04	8.460377e+03
9.920000e-02	1.742180e+04	1.175417e+04	8.320789e+03
9.960000e-02	1.738651e+04	1.206084e+04	7.641676e+03
1.000000e-01	1.745105e+04	1.178782e+04	8.296925e+03
1.004000e-01	1.746424e+04	1.176521e+04	8.373687e+03
1.008000e-01	1.748201e+04	1.172677e+04	8.487312e+03
1.012000e-01	1.759471e+04	1.184955e+04	8.269377e+03
1.016000e-01	1.772095e+04	1.211901e+04	7.727253e+03
1.020000e-01	1.750356e+04	1.182161e+04	8.345867e+03
1.024000e-01	1.748268e+04	1.180676e+04	8.394614e+03
1.028000e-01	1.743753e+04	1.176066e+04	8.505477e+03
1.032000e-01	1.768166e+04	1.194263e+04	8.198153e+03
1.036000e-01	1.794327e+04	1.215574e+04	7.825948e+03
1.040000e-01	1.756116e+04	1.186054e+04	8.384328e+03
1.044000e-01	1.754831e+04	1.185132e+04	8.422616e+03
1.048000e-01	1.748325e+04	1.180216e+04	8.533210e+03
1.052000e-01	1.781469e+04	1.204338e+04	8.122027e+03
1.056000e-01	1.798107e+04	1.216236e+04	7.929873e+03
1.060000e-01	1.763234e+04	1.190425e+04	8.414149e+03
1.064000e-01	1.762176e+04	1.189432e+04	8.454127e+03
1.068000e-01	1.755830e+04	1.184562e+04	8.563373e+03
1.072000e-01	1.796887e+04	1.214861e+04	8.042702e+03
1.076000e-01	1.798477e+04	1.215781e+04	8.047419e+03
1.080000e-01	1.771170e+04	1.195296e+04	8.435022e+03
1.084000e-01	1.769260e+04	1.193681e+04	8.485854e+03
1.088000e-01	1.763959e+04	1.189560e+04	8.581306e+03
1.092000e-01	1.810563e+04	1.224367e+04	7.982655e+03
1.096000e-01	1.799393e+04	1.215702e+04	8.157891e+03
1.100000e-01	1.778871e+04	1.200083e+04	8.457269e+03
1.104000e-01	1.776095e+04	1.197798e+04	8.519731e+03
1.108000e-01	1.772690e+04	1.195066e+04	8.590002e+03
1.112000e-01	1.821964e+04	1.232280e+04	7.949608e+03
1.116000e-01	1.800970e+04	1.216081e+04	8.256930e+03
1.120000e-01	1.786146e+04	1.204627e+04	8.480920e+03
1.124000e-01	1.782660e+04	1.201785e+04	8.552271e+03
1.128000e-01	1.781961e+04	1.201107e+04	8.585180e+03
1.132000e-01	1.831409e+04	1.238872e+04	7.937611e+03
1.136000e-01	1.803284e+04	1.217029e+04	8.344520e+03
1.140000e-01	1.793086e+04	1.209008e+04	8.507329e+03
1.144000e-01	1.789038e+04	1.205711e+04	8.586760e+03
1.148000e-01	1.791793e+04	1.207718e+04	8.572851e+03
1.152000e-01	1.839107e+04	1.244267e+04	7.950324e+03
1.156000e-01	1.806273e+04	1.218490e+04	8.421412e+03
1.160000e-01	1.799675e+04	1.213166e+04	8.534908e+03
1.164000e-01	1.795168e+04	1.209465e+04	8.619786e+03
1.168000e-01	1.802007e+04	1.214715e+04	8.548533e+03
1.172000e-01	1.844967e+04	1.248357e+04	7.982852e+03
1.176000e-01	1.809861e+04	1.220503e+04	8.488520e+03
1.180000e-01	1.805970e+04	1.217272e+04	8.565684e+03
1.184000e-01	1.801162e+04	1.213319e+04	8.655387e+03
1.188000e-01	1.812701e+04	1.222399e+04	8.518779e+03
1.192000e-01	1.849196e+04	1.251257e+04	8.036879e+03
1.196000e-01	1.813923e+04	1.222907e+04	8.545515e+03
1.200000e-01	1.811823e+04	1.221050e+04	8.596963e+03
1.204000e-01	1.806774e+04	1.216840e+04	8.688852e+03
1.208000e-01	1.823522e+04	1.230233e+04	8.478107e+03
1.212000e-01	1.851879e+04	1.252903e+04	8.108496e+03
1.216000e-01	1.818531e+04	1.225752e+04	8.593995e+03
1.220000e-01	1.817484e+04	1.224725e+04	8.631601e+03
1.224000e-01	1.812376e+04	1.220418e+04	8.725383e+03
1.228000e-01	1.834857e+04	1.238726e+04	8.434238e+03
1.232000e-01	1.853261e+04	1.253630e+04	8.199064e+03
1.236000e-01	1.823555e+04	1.229112e+04	8.633679e+03
1.240000e-01	1.822745e+04	1.228304e+04	8.666688e+03
1.244000e-01	1.817592e+04	1.223938e+04	8.759830e+03
1.248000e-01	1.846120e+04	1.247543e+04	8.381431e+03
1.252000e-01	1.853188e+04	1.253144e+04	8.304802e+03
1.256000e-01	1.828909e+04	1.232751e+04	8.665909e+03
1.260000e-01	1.827692e+04	1.231557e+04	8.704722e+03
1.264000e-01	1.822969e+04	1.227451e+04	8.792354e+03
1.268000e-01	1.856807e+04	1.255846e+04	8.338918e+03
1.272000e-01	1.852855e+04	1.252341e+04	8.414939e+03
1.276000e-01	1.834359e+04	1.236600e+04	8.694730e+03
1.280000e-01	1.832428e+04	1.234834e+04	8.742754e+03
1.284000e-01	1.828852e+04	1.231701e+04	8.813542e+03
1.288000e-01	1.865731e+04	1.263148e+04	8.316196e+03
1.292000e-01	1.853127e+04	1.252107e+04	8.514569e+03
1.296000e-01	1.839501e+04	1.240274e+04	8.726728e+03
1.300000e-01	1.836979e+04	1.237952e+04	8.783227e+03
1.304000e-01	1.835174e+04	1.236287e+04	8.829207e+03
1.308000e-01	1.872922e+04	1.269016e+04	8.316176e+03
1.312000e-01	1.853856e+04	1.252242e+04	8.603877e+03
1.316000e-01	1.844215e+04	1.243716e+04	8.759318e+03
1.320000e-01	1.841188e+04	1.240949e+04	8.821525e+03
1.324000e-01	1.841698e+04	1.241341e+04	8.833513e+03
1.328000e-01	1.878552e+04	1.273814e+04	8.333352e+03
1.332000e-01	1.855155e+04	1.252876e+04	8.684274e+03
1.336000e-01	1.848718e+04	1.247030e+04	8.795264e+03
1.340000e-01	1.845355e+04	1.243901e+04	8.862985e+03
1.344000e-01	1.848748e+04	1.246880e+04	8.835149e+03
1.348000e-01	1.882941e+04	1.277566e+04	8.371794e+03
1.352000e-01	1.856916e+04	1.253964e+04	8.756567e+03
1.356000e-01	1.852858e+04	1.250195e+04	8.832722e+03
1.360000e-01	1.849177e+04	1.246764e+04	8.903382e+03
1.364000e-01	1.855800e+04	1.252796e+04	8.828259e+03
1.368000e-01	1.885773e+04	1.280133e+04	8.424252e+03
1.372000e-01	1.859066e+04	1.255449e+04	8.820305e+03
1.376000e-01	1.856756e+04	1.253205e+04	8.872010e+03
1.380000e-01	1.852931e+04	1.249567e+04	8.945003e+03
1.384000e-01	1.863241e+04	1.259127e+04	8.817977e+03
1.388000e-01	1.887504e+04	1.281643e+04	8.493165e+03
1.392000e-01	1.861529e+04	1.257266e+04	8.877445e+03
1.396000e-01	1.860251e+04	1.255972e+04	8.913703e+03
1.400000e-01	1.856285e+04	1.252168e+04	8.987671e+03
1.404000e-01	1.870575e+04	1.265721e+04	8.804112e+03
1.408000e-01	1.888086e+04	1.282203e+04	8.575545e+03
1.412000e-01	1.864365e+04	1.259488e+04	8.927441e+03
1.416000e-01	1.863610e+04	1.258657e+04	8.956204e+03
1.420000e-01	1.859668e+04	1.254789e+04	9.029675e+03
1.424000e-01	1.878260e+04	1.272800e+04	8.786183e+03
1.428000e-01	1.887729e+04	1.281878e+04	8.670035e+03
1.432000e-01	1.867426e+04	1.262065e+04	8.971892e+03
1.436000e-01	1.866578e+04	1.261163e+04	9.001136e+03
1.440000e-01	1.862686e+04	1.257306e+04	9.072853e+03
1.444000e-01	1.885543e+04	1.279949e+04	8.769870e+03
1.448000e-01	1.886467e+04	1.280684e+04	8.774266e+03
1.452000e-01	1.870671e+04	1.264904e+04	9.012320e+03
1.456000e-01	1.869371e+04	1.263517e+04	9.047804e+03
1.460000e-01	1.866111e+04	1.260197e+04	9.110540e+03
1.464000e-01	1.891854e+04	1.286249e+04	8.767813e+03
1.468000e-01	1.885531e+04	1.279736e+04	8.871710e+03
1.472000e-01	1.873701e+04	1.267682e+04	9.052873e+03
1.476000e-01	1.871904e+04	1.265801e+04	9.094252e+03
1.480000e-01	1.869694e+04	1.263536e+04	9.141304e+03
1.484000e-01	1.896695e+04	1.291481e+04	8.782639e+03
1.488000e-01	1.884980e+04	1.279189e+04	8.961288e+03
1.492000e-01	1.876447e+04	1.270275e+04	9.095798e+03
1.496000e-01	1.874280e+04	1.267957e+04	9.142072e+03
1.500000e-01	1.873567e+04	1.267219e+04	9.168275e+03
1.504000e-01	1.900365e+04	1.295628e+04	8.814937e+03
1.508000e-01	1.884811e+04	1.279027e+04	9.044059e+03
1.512000e-01	1.878903e+04	1.272716e+04	9.140960e+03
1.516000e-01	1.876430e+04	1.270048e+04	9.190563e+03
1.520000e-01	1.877553e+04	1.271315e+04	9.190946e+03
1.524000e-01	1.902867e+04	1.298802e+04	8.860435e+03
1.528000e-01	1.884968e+04	1.279262e+04	9.119675e+03
1.532000e-01	1.881097e+04	1.275029e+04	9.187799e+03
1.536000e-01	1.878411e+04	1.272078e+04	9.239681e+03
1.540000e-01	1.881692e+04	1.275782e+04	9.210628e+03
1.544000e-01	1.904371e+04	1.300974e+04	8.918372e+03
1.548000e-01	1.885406e+04	1.279800e+04	9.189320e+03
1.552000e-01	1.883012e+04	1.277116e+04	9.236573e+03
1.556000e-01	1.880167e+04	1.273924e+04	9.289787e+03
1.560000e-01	1.885856e+04	1.280481e+04	9.228594e+03
1.564000e-01	1.904929e+04	1.302220e+04	8.987634e+03
1.568000e-01	1.886102e+04	1.280690e+04	9.253491e+03
1.572000e-01	1.884706e+04	1.279097e+04	9.286657e+03
1.576000e-01	1.881785e+04	1.275757e+04	9.340054e+03
1.580000e-01	1.890090e+04	1.285604e+04	9.244809e+03
1.584000e-01	1.904637e+04	1.302660e+04	9.066422e+03
1.588000e-01	1.887015e+04	1.281934e+04	9.313012e+03
1.592000e-01	1.886168e+04	1.280953e+04	9.338371e+03
1.596000e-01	1.883226e+04	1.277505e+04	9.391232e+03
1.600000e-01	1.894268e+04	1.290981e+04	9.261387e+03
1.604000e-01	1.903515e+04	1.302160e+04	9.153840e+03
1.608000e-01	1.888026e+04	1.283410e+04	9.368818e+03
1.612000e-01	1.887312e+04	1.282580e+04	9.391673e+03
1.616000e-01	1.884386e+04	1.279067e+04	9.443143e+03
1.620000e-01	1.898314e+04	1.296552e+04	9.278551e+03
1.624000e-01	1.901758e+04	1.300866e+04	9.247606e+03
1.628000e-01	1.889182e+04	1.285244e+04	9.421707e+03
1.632000e-01	1.888281e+04	1.284190e+04	9.446675e+03
1.636000e-01	1.885597e+04	1.280917e+04	9.494332e+03
1.640000e-01	1.901977e+04	1.302032e+04	9.302405e+03
1.644000e-01	1.899852e+04	1.299275e+04	9.341201e+03
1.648000e-01	1.890308e+04	1.287087e+04	9.473497e+03
1.652000e-01	1.889046e+04	1.285522e+04	9.502191e+03
1.656000e-01	1.886929e+04	1.282885e+04	9.541594e+03
1.660000e-01	1.904509e+04	1.306303e+04	9.338886e+03
1.664000e-01	1.898189e+04	1.298017e+04	9.428468e+03
1.668000e-01	1.891184e+04	1.288862e+04	9.526860e+03
1.672000e-01	1.889645e+04	1.286943e+04	9.558311e+03
1.676000e-01	1.888395e+04	1.285475e+04	9.586513e+03
1.680000e-01	1.906074e+04	1.309885e+04	9.387860e+03
1.684000e-01	1.896765e+04	1.297100e+04	9.510756e+03
1.688000e-01	1.891802e+04	1.290390e+04	9.582343e+03
1.692000e-01	1.890046e+04	1.288075e+04	9.615594e+03
1.696000e-01	1.889889e+04	1.288079e+04	9.630432e+03
1.700000e-01	1.906778e+04	1.312334e+04	9.446823e+03
1.704000e-01	1.895551e+04	1.296509e+04	9.588302e+03
1.708000e-01	1.892157e+04	1.291868e+04	9.639676e+03
1.712000e-01	1.890238e+04	1.289326e+04	9.673861e+03
1.716000e-01	1.891364e+04	1.291299e+04	9.673943e+03
1.720000e-01	1.906743e+04	1.314129e+04	9.513267e+03
1.724000e-01	1.894552e+04	1.296207e+04	9.661153e+03
1.728000e-01	1.892334e+04	1.293097e+04	9.697854e+03
1.732000e-01	1.890322e+04	1.290277e+04	9.732108e+03
1.736000e-01	1.892886e+04	1.294492e+04	9.717078e+03
1.740000e-01	1.906040e+04	1.314909e+04	9.586774e+03
1.744000e-01	1.893683e+04	1.296211e+04	9.730430e+03
1.748000e-01	1.892259e+04	1.294289e+04	9.757212e+03
1.752000e-01	1.890175e+04	1.291351e+04	9.790915e+03
1.756000e-01	1.894250e+04	1.298245e+04	9.761594e+03
1.760000e-01	1.904652e+04	1.315024e+04	9.666790e+03
1.764000e-01	1.892913e+04	1.296453e+04	9.797977e+03
1.768000e-01	1.891990e+04	1.295223e+04	9.819090e+03
1.772000e-01	1.889903e+04	1.292120e+04	9.851939e+03
1.776000e-01	1.895572e+04	1.301969e+04	9.809432e+03
1.780000e-01	1.902771e+04	1.314279e+04	9.750105e+03
1.784000e-01	1.892228e+04	1.296964e+04	9.862599e+03
1.788000e-01	1.891520e+04	1.296103e+04	9.880526e+03
1.792000e-01	1.889454e+04	1.292968e+04	9.911381e+03
1.796000e-01	1.896721e+04	1.306147e+04	9.857621e+03
1.800000e-01	1.900398e+04	1.312898e+04	9.835184e+03
1.804000e-01	1.891537e+04	1.297746e+04	9.926219e+03
1.808000e-01	1.890801e+04	1.296838e+04	9.944113e+03
1.812000e-01	1.888795e+04	1.293703e+04	9.973341e+03
1.816000e-01	1.897599e+04	1.310312e+04	9.912687e+03
1.820000e-01	1.897711e+04	1.310789e+04	9.922253e+03
1.824000e-01	1.890890e+04	1.298664e+04	9.989713e+03
1.828000e-01	1.889983e+04	1.297386e+04	1.000848e+04
1.832000e-01	1.888264e+04	1.294633e+04	1.003397e+04
1.836000e-01	1.897905e+04	1.313791e+04	9.973714e+03
1.840000e-01	1.895110e+04	1.308839e+04	1.000478e+04
1.844000e-01	1.890033e+04	1.299527e+04	1.005377e+04
1.848000e-01	1.888924e+04	1.297883e+04	1.007314e+04
1.852000e-01	1.887616e+04	1.295917e+04	1.009436e+04
1.856000e-01	1.897382e+04	1.316536e+04	1.004204e+04
1.860000e-01	1.892608e+04	1.307202e+04	1.008391e+04
1.864000e-01	1.888930e+04	1.300226e+04	1.011938e+04
1.868000e-01	1.887689e+04	1.298241e+04	1.013880e+04
1.872000e-01	1.886944e+04	1.297389e+04	1.015600e+04
1.876000e-01	1.896324e+04	1.318378e+04	1.011692e+04
1.880000e-01	1.890319e+04	1.305849e+04	1.016034e+04
1.884000e-01	1.887731e+04	1.300849e+04	1.018610e+04
1.888000e-01	1.886426e+04	1.298622e+04	1.020477e+04
1.892000e-01	1.886339e+04	1.299269e+04	1.021865e+04
1.896000e-01	1.894729e+04	1.319491e+04	1.019549e+04
1.900000e-01	1.888041e+04	1.304697e+04	1.023452e+04
1.904000e-01	1.886210e+04	1.301223e+04	1.025418e+04
1.908000e-01	1.884810e+04	1.298739e+04	1.027186e+04
1.912000e-01	1.885369e+04	1.301160e+04	1.028432e+04
1.916000e-01	1.892528e+04	1.319774e+04	1.027695e+04
1.920000e-01	1.885814e+04	1.303813e+04	1.030717e+04
1.924000e-01	1.884556e+04	1.301541e+04	1.032321e+04
1.928000e-01	1.883168e+04	1.298923e+04	1.033941e+04
1.932000e-01	1.884478e+04	1.303497e+04	1.035285e+04
1.936000e-01	1.890146e+04	1.319496e+04	1.035951e+04
1.940000e-01	1.883682e+04	1.303186e+04	1.037834e+04
1.944000e-01	1.882761e+04	1.301705e+04	1.039237e+04
1.948000e-01	1.881364e+04	1.298940e+04	1.040666e+04
1.952000e-01	1.883315e+04	1.305890e+04	1.042445e+04
1.956000e-01	1.887267e+04	1.318392e+04	1.044258e+04
1.960000e-01	1.881514e+04	1.302722e+04	1.045033e+04
1.964000e-01	1.880776e+04	1.301703e+04	1.046401e+04
1.968000e-01	1.879418e+04	1.298863e+04	1.047684e+04
1.972000e-01	1.881923e+04	1.308494e+04	1.050300e+04
1.976000e-01	1.884053e+04	1.316680e+04	1.052431e+04
1.980000e-01	1.879253e+04	1.302498e+04	1.052155e+04
1.984000e-01	1.878548e+04	1.301622e+04	1.053417e+04
1.988000e-01	1.877234e+04	1.298759e+04	1.054435e+04
1.992000e-01	1.880274e+04	1.311334e+04	1.058327e+04
1.996000e-01	1.880714e+04	1.314352e+04	1.060270e+04
2.000000e-01	1.876925e+04	1.302418e+04	1.059441e+04
2.004000e-01	1.876169e+04	1.301336e+04	1.060675e+04
2.008000e-01	1.874947e+04	1.298589e+04	1.061595e+04
2.012000e-01	1.878326e+04	1.313842e+04	1.067227e+04
2.016000e-01	1.877402e+04	1.311747e+04	1.067946e+04
2.020000e-01	1.874598e+04	1.302439e+04	1.066872e+04
2.024000e-01	1.873792e+04	1.301036e+04	1.067921e+04
2.028000e-01	1.872760e+04	1.298815e+04	1.068786e+04
2.032000e-01	1.875922e+04	1.315730e+04	1.076150e+04
2.036000e-01	1.874024e+04	1.309386e+04	1.075296e+04
2.040000e-01	1.871944e+04	1.302275e+04	1.074293e+04
2.044000e-01	1.871036e+04	1.300544e+04	1.075144e+04
2.048000e-01	1.870148e+04	1.299107e+04	1.076199e+04
2.052000e-01	1.872883e+04	1.316767e+04	1.085294e+04
2.056000e-01	1.870675e+04	1.307224e+04	1.082638e+04
2.060000e-01	1.869183e+04	1.301970e+04	1.081914e+04
2.064000e-01	1.868302e+04	1.299998e+04	1.082582e+04
2.068000e-01	1.867656e+04	1.299685e+04	1.084149e+04
2.072000e-01	1.869806e+04	1.317220e+04	1.094589e+04
2.076000e-01	1.867449e+04	1.305360e+04	1.089912e+04
2.080000e-01	1.866312e+04	1.301619e+04	1.089516e+04
2.084000e-01	1.865420e+04	1.299455e+04	1.089902e+04
2.088000e-01	1.864895e+04	1.300537e+04	1.092250e+04
2.092000e-01	1.866232e+04	1.316951e+04	1.103564e+04
2.096000e-01	1.864069e+04	1.303608e+04	1.097173e+04
2.100000e-01	1.863143e+04	1.301002e+04	1.097221e+04
2.104000e-01	1.862249e+04	1.298636e+04	1.097398e+04
2.108000e-01	1.861781e+04	1.301335e+04	1.101030e+04
2.112000e-01	1.862442e+04	1.315959e+04	1.112495e+04
2.116000e-01	1.860713e+04	1.302079e+04	1.104534e+04
2.120000e-01	1.859953e+04	1.300354e+04	1.104953e+04
2.124000e-01	1.859142e+04	1.297910e+04	1.104860e+04
2.128000e-01	1.858690e+04	1.302566e+04	1.110208e+04
2.132000e-01	1.858642e+04	1.314555e+04	1.121004e+04
2.136000e-01	1.857281e+04	1.300713e+04	1.112003e+04
2.140000e-01	1.856542e+04	1.299487e+04	1.112729e+04
2.144000e-01	1.855738e+04	1.296907e+04	1.112404e+04
2.148000e-01	1.855069e+04	1.303679e+04	1.120026e+04
2.152000e-01	1.854546e+04	1.312456e+04	1.129083e+04
2.156000e-01	1.853723e+04	1.299573e+04	1.119710e+04
2.160000e-01	1.853017e+04	1.298646e+04	1.120601e+04
2.164000e-01	1.852298e+04	1.296073e+04	1.120070e+04
2.168000e-01	1.851319e+04	1.305186e+04	1.130533e+04
2.172000e-01	1.850492e+04	1.309822e+04	1.136541e+04
2.176000e-01	1.850022e+04	1.298508e+04	1.127557e+04
2.180000e-01	1.849294e+04	1.297509e+04	1.128352e+04
2.184000e-01	1.848606e+04	1.294895e+04	1.127610e+04
2.188000e-01	1.847156e+04	1.306451e+04	1.141513e+04
2.192000e-01	1.846459e+04	1.306650e+04	1.143399e+04
2.196000e-01	1.846234e+04	1.297567e+04	1.135752e+04
2.200000e-01	1.845547e+04	1.296341e+04	1.136280e+04
2.204000e-01	1.844916e+04	1.294034e+04	1.135703e+04
2.208000e-01	1.842817e+04	1.307450e+04	1.152788e+04
2.212000e-01	1.842406e+04	1.303677e+04	1.150179e+04
2.216000e-01	1.842274e+04	1.296617e+04	1.144004e+04
2.220000e-01	1.841604e+04	1.295117e+04	1.144121e+04
2.224000e-01	1.840926e+04	1.293350e+04	1.144007e+04
2.228000e-01	1.838060e+04	1.307675e+04	1.163578e+04
2.232000e-01	1.838259e+04	1.300789e+04	1.156945e+04
2.236000e-01	1.838170e+04	1.295445e+04	1.152305e+04
2.240000e-01	1.837574e+04	1.293694e+04	1.152080e+04
2.244000e-01	1.836810e+04	1.292710e+04	1.152944e+04
2.248000e-01	1.833262e+04	1.307236e+04	1.174206e+04
2.252000e-01	1.834033e+04	1.298079e+04	1.163857e+04
2.256000e-01	1.833826e+04	1.294152e+04	1.160609e+04
2.260000e-01	1.833253e+04	1.292223e+04	1.159999e+04
2.264000e-01	1.832230e+04	1.292297e+04	1.162288e+04
2.268000e-01	1.828305e+04	1.306368e+04	1.184316e+04
2.272000e-01	1.829840e+04	1.295640e+04	1.170949e+04
2.276000e-01	1.829557e+04	1.292837e+04	1.168984e+04
2.280000e-01	1.829123e+04	1.290768e+04	1.168049e+04
2.284000e-01	1.827784e+04	1.292102e+04	1.172349e+04
2.288000e-01	1.823426e+04	1.304862e+04	1.193940e+04
2.292000e-01	1.825426e+04	1.293248e+04	1.178228e+04
2.296000e-01	1.824917e+04	1.291248e+04	1.177305e+04
2.300000e-01	1.824463e+04	1.289019e+04	1.176021e+04
2.304000e-01	1.822499e+04	1.291771e+04	1.182891e+04
2.308000e-01	1.818267e+04	1.302722e+04	1.202854e+04
2.312000e-01	1.820953e+04	1.291068e+04	1.185799e+04
2.316000e-01	1.820394e+04	1.289698e+04	1.185710e+04
2.320000e-01	1.820120e+04	1.287452e+04	1.184164e+04
2.324000e-01	1.817482e+04	1.291896e+04	1.194290e+04
2.328000e-01	1.813421e+04	1.300244e+04	1.211103e+04
2.332000e-01	1.816293e+04	1.288939e+04	1.193643e+04
2.336000e-01	1.815564e+04	1.287832e+04	1.194024e+04
2.340000e-01	1.815278e+04	1.285460e+04	1.192191e+04
2.344000e-01	1.811602e+04	1.291688e+04	1.206222e+04
2.348000e-01	1.808420e+04	1.297172e+04	1.218469e+04
2.352000e-01	1.811419e+04	1.287014e+04	1.201862e+04
2.356000e-01	1.810690e+04	1.286071e+04	1.202409e+04
2.360000e-01	1.810518e+04	1.283757e+04	1.200397e+04
2.364000e-01	1.805681e+04	1.291978e+04	1.219089e+04
2.368000e-01	1.803761e+04	1.293757e+04	1.224987e+04
2.372000e-01	1.806448e+04	1.285129e+04	1.210459e+04
2.376000e-01	1.805773e+04	1.284002e+04	1.210718e+04
2.380000e-01	1.805612e+04	1.281715e+04	1.208707e+04
2.384000e-01	1.799384e+04	1.291679e+04	1.232117e+04
2.388000e-01	1.799059e+04	1.290018e+04	1.230916e+04
2.392000e-01	1.801210e+04	1.283273e+04	1.219310e+04
2.396000e-01	1.800634e+04	1.281953e+04	1.219048e+04
2.400000e-01	1.800328e+04	1.280054e+04	1.217621e+04
2.404000e-01	1.792905e+04	1.291116e+04	1.244691e+04
2.408000e-01	1.794238e+04	1.286536e+04	1.237079e+04
2.412000e-01	1.795855e+04	1.281313e+04	1.228173e+04
2.416000e-01	1.795423e+04	1.279768e+04	1.227396e+04
2.420000e-01	1.794856e+04	1.278390e+04	1.227100e+04
2.424000e-01	1.786595e+04	1.289861e+04	1.256605e+04
2.428000e-01	1.789393e+04	1.283130e+04	1.243480e+04
2.432000e-01	1.790442e+04	1.279181e+04	1.237008e+04
2.436000e-01	1.790136e+04	1.277465e+04	1.235745e+04
2.440000e-01	1.789093e+04	1.276820e+04	1.237186e+04
2.444000e-01	1.780240e+04	1.288114e+04	1.267788e+04
2.448000e-01	1.784365e+04	1.279918e+04	1.250204e+04
2.452000e-01	1.784891e+04	1.277023e+04	1.245879e+04
2.456000e-01	1.784706e+04	1.275203e+04	1.244190e+04
2.460000e-01	1.782974e+04	1.275493e+04	1.248034e+04
2.464000e-01	1.773927e+04	1.285955e+04	1.278204e+04
2.468000e-01	1.779125e+04	1.276750e+04	1.257221e+04
2.472000e-01	1.779177e+04	1.274595e+04	1.254649e+04
2.476000e-01	1.779099e+04	1.272616e+04	1.252532e+04
2.480000e-01	1.776460e+04	1.273932e+04	1.259425e+04
2.484000e-01	1.767821e+04	1.283232e+04	1.287678e+04
2.488000e-01	1.773808e+04	1.273777e+04	1.264661e+04
2.492000e-01	1.773510e+04	1.272250e+04	1.263503e+04
2.496000e-01	1.773579e+04	1.270268e+04	1.261080e+04
2.500000e-01	1.769780e+04	1.272839e+04	1.271787e+04
2.504000e-01	1.761886e+04	1.280238e+04	1.296284e+04
2.508000e-01	1.768226e+04	1.270862e+04	1.272462e+04
2.512000e-01	1.767616e+04	1.269641e+04	1.272208e+04
2.516000e-01	1.767742e+04	1.267549e+04	1.269446e+04
2.520000e-01	1.762415e+04	1.271365e+04	1.284644e+04
2.524000e-01	1.756007e+04	1.276612e+04	1.303760e+04
2.528000e-01	1.762424e+04	1.267999e+04	1.280732e+04
2.532000e-01	1.761701e+04	1.266979e+04	1.280980e+04
2.536000e-01	1.761960e+04	1.264915e+04	1.278034e+04
2.540000e-01	1.754897e+04	1.270217e+04	1.298554e+04
2.544000e-01	1.750541e+04	1.272816e+04	1.310258e+04
2.548000e-01	1.756351e+04	1.265194e+04	1.289427e+04
2.552000e-01	1.755597e+04	1.264131e+04	1.289588e+04
2.556000e-01	1.755867e+04	1.262037e+04	1.286466e+04
2.560000e-01	1.746780e+04	1.268862e+04	1.312964e+04
2.564000e-01	1.745341e+04	1.268711e+04	1.315679e+04
2.568000e-01	1.750128e+04	1.262558e+04	1.298615e+04
2.572000e-01	1.749592e+04	1.261388e+04	1.298250e+04
2.576000e-01	1.749786e+04	1.259520e+04	1.295585e+04
2.580000e-01	1.738861e+04	1.267311e+04	1.327093e+04
2.584000e-01	1.740062e+04	1.264555e+04	1.321196e+04
2.588000e-01	1.743678e+04	1.259698e+04	1.307921e+04
2.592000e-01	1.743291e+04	1.258295e+04	1.306913e+04
2.596000e-01	1.743077e+04	1.256703e+04	1.305335e+04
2.600000e-01	1.730794e+04	1.264955e+04	1.340202e+04
2.604000e-01	1.734581e+04	1.260489e+04	1.326996e+04
2.608000e-01	1.737196e+04	1.256806e+04	1.317127e+04
2.612000e-01	1.737051e+04	1.255332e+04	1.315528e+04
2.616000e-01	1.736286e+04	1.254294e+04	1.315726e+04
2.620000e-01	1.723163e+04	1.262555e+04	1.352349e+04
2.624000e-01	1.728987e+04	1.256591e+04	1.333222e+04
2.628000e-01	1.730634e+04	1.253734e+04	1.326327e+04
2.632000e-01	1.730650e+04	1.252092e+04	1.324219e+04
2.636000e-01	1.728981e+04	1.251608e+04	1.326938e+04
2.640000e-01	1.715546e+04	1.259500e+04	1.363617e+04
2.644000e-01	1.723115e+04	1.252773e+04	1.339889e+04
2.648000e-01	1.723950e+04	1.250643e+04	1.335443e+04
2.652000e-01	1.724142e+04	1.248967e+04	1.332840e+04
2.656000e-01	1.721308e+04	1.249242e+04	1.338773e+04
2.660000e-01	1.708237e+04	1.256227e+04	1.373740e+04
2.664000e-01	1.717040e+04	1.249031e+04	1.347061e+04
2.668000e-01	1.717205e+04	1.247384e+04	1.344614e+04
2.672000e-01	1.717556e+04	1.245614e+04	1.341648e+04
2.676000e-01	1.713249e+04	1.246657e+04	1.351596e+04
2.680000e-01	1.701277e+04	1.252455e+04	1.382798e+04
2.684000e-01	1.710739e+04	1.245323e+04	1.354633e+04
2.688000e-01	1.710394e+04	1.244034e+04	1.353564e+04
2.692000e-01	1.710876e+04	1.242252e+04	1.350210e+04
2.696000e-01	1.704750e+04	1.244201e+04	1.364902e+04
2.700000e-01	1.694627e+04	1.248488e+04	1.390636e+04
2.704000e-01	1.704160e+04	1.241684e+04	1.362782e+04
2.708000e-01	1.703493e+04	1.240579e+04	1.362627e+04
2.712000e-01	1.704079e+04	1.238769e+04	1.359070e+04
2.716000e-01	1.695777e+04	1.241645e+04	1.379378e+04
2.720000e-01	1.688360e+04	1.244206e+04	1.397427e+04
2.724000e-01	1.697361e+04	1.238116e+04	1.371457e+04
2.728000e-01	1.696610e+04	1.237085e+04	1.371534e+04
2.732000e-01	1.697307e+04	1.235300e+04	1.367744e+04
2.736000e-01	1.686426e+04	1.239093e+04	1.394364e+04
2.740000e-01	1.682478e+04	1.239618e+04	1.402825e+04
2.744000e-01	1.690203e+04	1.234505e+04	1.380650e+04
2.748000e-01	1.689545e+04	1.233388e+04	1.380406e+04
2.752000e-01	1.690176e+04	1.231648e+04	1.376785e+04
2.756000e-01	1.676664e+04	1.236252e+04	1.409713e+04
2.760000e-01	1.676803e+04	1.234914e+04	1.407660e+04
2.764000e-01	1.682884e+04	1.230853e+04	1.390178e+04
2.768000e-01	1.682545e+04	1.229623e+04	1.389187e+04
2.772000e-01	1.682884e+04	1.228079e+04	1.386441e+04
2.776000e-01	1.667352e+04	1.233191e+04	1.423946e+04
2.780000e-01	1.670957e+04	1.230399e+04	1.412982e+04
2.784000e-01	1.675440e+04	1.227181e+04	1.399759e+04
2.788000e-01	1.675332e+04	1.225862e+04	1.398136e+04
2.792000e-01	1.674991e+04	1.224601e+04	1.397060e+04
2.796000e-01	1.658160e+04	1.229749e+04	1.437170e+04
2.800000e-01	1.664851e+04	1.225898e+04	1.418715e+04
2.804000e-01	1.667947e+04	1.223364e+04	1.409135e+04
2.808000e-01	1.668107e+04	1.221952e+04	1.406856e+04
2.812000e-01	1.666824e+04	1.221023e+04	1.408117e+04
2.816000e-01	1.649473e+04	1.225833e+04	1.449063e+04
2.820000e-01	1.658570e+04	1.221428e+04	1.425002e+04
2.824000e-01	1.660444e+04	1.219468e+04	1.418591e+04
2.828000e-01	1.660826e+04	1.218031e+04	1.415849e+04
2.832000e-01	1.658215e+04	1.217537e+04	1.420336e+04
2.836000e-01	1.641057e+04	1.221749e+04	1.460062e+04
2.840000e-01	1.652004e+04	1.216971e+04	1.431848e+04
2.844000e-01	1.652878e+04	1.215374e+04	1.427917e+04
2.848000e-01	1.653468e+04	1.213865e+04	1.424671e+04
2.852000e-01	1.649155e+04	1.213801e+04	1.433037e+04
2.856000e-01	1.632996e+04	1.217381e+04	1.469581e+04
2.860000e-01	1.645112e+04	1.212636e+04	1.439208e+04
2.864000e-01	1.645193e+04	1.211358e+04	1.437221e+04
2.868000e-01	1.645950e+04	1.209886e+04	1.433643e+04
2.872000e-01	1.639564e+04	1.210326e+04	1.446752e+04
2.876000e-01	1.625455e+04	1.212865e+04	1.477998e+04
2.880000e-01	1.637970e+04	1.208260e+04	1.447138e+04
2.884000e-01	1.637525e+04	1.207098e+04	1.446416e+04
2.888000e-01	1.638444e+04	1.205567e+04	1.442527e+04
2.892000e-01	1.629595e+04	1.206407e+04	1.461153e+04
2.896000e-01	1.618458e+04	1.207965e+04	1.485144e+04
2.900000e-01	1.630568e+04	1.203891e+04	1.455616e+04
2.904000e-01	1.629851e+04	1.202845e+04	1.455532e+04
2.908000e-01	1.630886e+04	1.201382e+04	1.451428e+04
2.912000e-01	1.619068e+04	1.202704e+04	1.476423e+04
2.916000e-01	1.611859e+04	1.203069e+04	1.491110e+04
2.920000e-01	1.622778e+04	1.199497e+04	1.464790e+04
2.924000e-01	1.622053e+04	1.198415e+04	1.464720e+04
2.928000e-01	1.623144e+04	1.196937e+04	1.460556e+04
2.932000e-01	1.608024e+04	1.198653e+04	1.492508e+04
2.936000e-01	1.605801e+04	1.198003e+04	1.495823e+04
2.940000e-01	1.614657e+04	1.195124e+04	1.474455e+04
2.944000e-01	1.614224e+04	1.194024e+04	1.473707e+04
2.948000e-01	1.615082e+04	1.192665e+04	1.470084e+04
2.952000e-01	1.597245e+04	1.194526e+04	1.507649e+04
2.956000e-01	1.599807e+04	1.192953e+04	1.500614e+04
2.960000e-01	1.606570e+04	1.190619e+04	1.484215e+04
2.964000e-01	1.606514e+04	1.189435e+04	1.482758e+04
2.968000e-01	1.606799e+04	1.188166e+04	1.480527e+04
2.972000e-01	1.586918e+04	1.189935e+04	1.521802e+04
2.976000e-01	1.593422e+04	1.187918e+04	1.506088e+04
2.980000e-01	1.598259e+04	1.186061e+04	1.493986e+04
2.984000e-01	1.598453e+04	1.184879e+04	1.491876e+04
2.988000e-01	1.597689e+04	1.183794e+04	1.491776e+04
2.992000e-01	1.576794e+04	1.185294e+04	1.534669e+04
2.996000e-01	1.586804e+04	1.182928e+04	1.512074e+04
3.000000e-01	1.590068e+04	1.181363e+04	1.503622e+04
3.004000e-01	1.590629e+04	1.180133e+04	1.500917e+04
3.008000e-01	1.588560e+04	1.179165e+04	1.503707e+04
3.012000e-01	1.567514e+04	1.180311e+04	1.546248e+04
3.016000e-01	1.579950e+04	1.177974e+04	1.518679e+04
3.020000e-01	1.581786e+04	1.176672e+04	1.513271e+04
3.024000e-01	1.582547e+04	1.175484e+04	1.510105e+04
3.028000e-01	1.578604e+04	1.174680e+04	1.516622e+04
3.032000e-01	1.558424e+04	1.175274e+04	1.556734e+04
3.036000e-01	1.572728e+04	1.172959e+04	1.525919e+04
3.040000e-01	1.573488e+04	1.171757e+04	1.522857e+04
3.044000e-01	1.574512e+04	1.170527e+04	1.519264e+04
3.048000e-01	1.568350e+04	1.169770e+04	1.530231e+04
3.052000e-01	1.550065e+04	1.169980e+04	1.565842e+04
3.056000e-01	1.565214e+04	1.168005e+04	1.533775e+04
3.060000e-01	1.565149e+04	1.166945e+04	1.532429e+04
3.064000e-01	1.566345e+04	1.165808e+04	1.528540e+04
3.068000e-01	1.557472e+04	1.165121e+04	1.544759e+04
3.072000e-01	1.542285e+04	1.164729e+04	1.573721e+04
3.076000e-01	1.557406e+04	1.162955e+04	1.542236e+04
3.080000e-01	1.556863e+04	1.161872e+04	1.541899e+04
3.084000e-01	1.558233e+04	1.160696e+04	1.537765e+04
3.088000e-01	1.546187e+04	1.159906e+04	1.560011e+04
3.092000e-01	1.535139e+04	1.159258e+04	1.580354e+04
3.096000e-01	1.549207e+04	1.157877e+04	1.551354e+04
3.100000e-01	1.548470e+04	1.156850e+04	1.551380e+04
3.104000e-01	1.549921e+04	1.155766e+04	1.547118e+04
3.108000e-01	1.534217e+04	1.154881e+04	1.576195e+04
3.112000e-01	1.528661e+04	1.153940e+04	1.585794e+04
3.116000e-01	1.540728e+04	1.152774e+04	1.561145e+04
3.120000e-01	1.540211e+04	1.151726e+04	1.560835e+04
3.124000e-01	1.541639e+04	1.150649e+04	1.556767e+04
3.128000e-01	1.522221e+04	1.149445e+04	1.592496e+04
3.132000e-01	1.522589e+04	1.148517e+04	1.590561e+04
3.136000e-01	1.532015e+04	1.147589e+04	1.571316e+04
3.140000e-01	1.531900e+04	1.146567e+04	1.570230e+04
3.144000e-01	1.532817e+04	1.145537e+04	1.567162e+04
3.148000e-01	1.510563e+04	1.143897e+04	1.607582e+04
3.152000e-01	1.516137e+04	1.143098e+04	1.596004e+04
3.156000e-01	1.523177e+04	1.142283e+04	1.581590e+04
3.160000e-01	1.523436e+04	1.141269e+04	1.579857e+04
3.164000e-01	1.523415e+04	1.140216e+04	1.578615e+04
3.168000e-01	1.499515e+04	1.138176e+04	1.621573e+04
3.172000e-01	1.509520e+04	1.137716e+04	1.602067e+04
3.176000e-01	1.514492e+04	1.136954e+04	1.591739e+04
3.180000e-01	1.515156e+04	1.135997e+04	1.589356e+04
3.184000e-01	1.513801e+04	1.134897e+04	1.590621e+04
3.188000e-01	1.489232e+04	1.132446e+04	1.634127e+04
3.192000e-01	1.502577e+04	1.132331e+04	1.608816e+04
3.196000e-01	1.505710e+04	1.131542e+04	1.601985e+04
3.200000e-01	1.506643e+04	1.130615e+04	1.599149e+04
3.204000e-01	1.503383e+04	1.129346e+04	1.603797e+04
3.208000e-01	1.479331e+04	1.126540e+04	1.645737e+04
3.212000e-01	1.495298e+04	1.126890e+04	1.616264e+04
3.216000e-01	1.497005e+04	1.126062e+04	1.612151e+04
3.220000e-01	1.498269e+04	1.125200e+04	1.608842e+04
3.224000e-01	1.492717e+04	1.123694e+04	1.617539e+04
3.228000e-01	1.470323e+04	1.120691e+04	1.655992e+04
3.232000e-01	1.487719e+04	1.121401e+04	1.624426e+04
3.236000e-01	1.488276e+04	1.120496e+04	1.622428e+04
3.240000e-01	1.489749e+04	1.119675e+04	1.618830e+04
3.244000e-01	1.481337e+04	1.117801e+04	1.632414e+04
3.248000e-01	1.461946e+04	1.114880e+04	1.665216e+04
3.252000e-01	1.479823e+04	1.115927e+04	1.633333e+04
3.256000e-01	1.479639e+04	1.114992e+04	1.632719e+04
3.260000e-01	1.481336e+04	1.114260e+04	1.628858e+04
3.264000e-01	1.469577e+04	1.111855e+04	1.647999e+04
3.268000e-01	1.454370e+04	1.109093e+04	1.673152e+04
3.272000e-01	1.471590e+04	1.110344e+04	1.642951e+04
3.276000e-01	1.471008e+04	1.109350e+04	1.643072e+04
3.280000e-01	1.472845e+04	1.108655e+04	1.639081e+04
3.284000e-01	1.457148e+04	1.105482e+04	1.664551e+04
3.288000e-01	1.447530e+04	1.103301e+04	1.680004e+04
3.292000e-01	1.463036e+04	1.104645e+04	1.653283e+04
3.296000e-01	1.462486e+04	1.103673e+04	1.653431e+04
3.300000e-01	1.464441e+04	1.103056e+04	1.649398e+04
3.304000e-01	1.444308e+04	1.099008e+04	1.681850e+04
3.308000e-01	1.441464e+04	1.097773e+04	1.685902e+04
3.312000e-01	1.454077e+04	1.098897e+04	1.664420e+04
3.316000e-01	1.453899e+04	1.098001e+04	1.664003e+04
3.320000e-01	1.455517e+04	1.097378e+04	1.660632e+04
3.324000e-01	1.431724e+04	1.092449e+04	1.698671e+04
3.328000e-01	1.435439e+04	1.092264e+04	1.692139e+04
3.332000e-01	1.445134e+04	1.093051e+04	1.675799e+04
3.336000e-01	1.445465e+04	1.092233e+04	1.674668e+04
3.340000e-01	1.446315e+04	1.091479e+04	1.672683e+04
3.344000e-01	1.420049e+04	1.085778e+04	1.714235e+04
3.348000e-01	1.429184e+04	1.086774e+04	1.699155e+04
3.352000e-01	1.436250e+04	1.087283e+04	1.687327e+04
3.356000e-01	1.436994e+04	1.086615e+04	1.685626e+04
3.360000e-01	1.436513e+04	1.085673e+04	1.685834e+04
3.364000e-01	1.408931e+04	1.079273e+04	1.728865e+04
3.368000e-01	1.422630e+04	1.081193e+04	1.707075e+04
3.372000e-01	1.427503e+04	1.081318e+04	1.699049e+04
3.376000e-01	1.428683e+04	1.080691e+04	1.696850e+04
3.380000e-01	1.426413e+04	1.079309e+04	1.699967e+04
3.384000e-01	1.398686e+04	1.072633e+04	1.742419e+04
3.388000e-01	1.415727e+04	1.075655e+04	1.715828e+04
3.392000e-01	1.418701e+04	1.075539e+04	1.710913e+04
3.396000e-01	1.420188e+04	1.075111e+04	1.708302e+04
3.400000e-01	1.466096e+04	1.018665e+04	1.718330e+04
3.404000e-01	1.558851e+04	8.833125e+03	1.765947e+04
3.408000e-01	1.295810e+04	1.191799e+04	1.718173e+04
3.412000e-01	1.212092e+04	1.283351e+04	1.710303e+04
3.416000e-01	1.116965e+04	1.387589e+04	1.701280e+04
3.420000e-01	1.374682e+04	7.780549e+03	1.717102e+04
3.424000e-01	2.156801e+04	-4.653124e+03	1.790197e+04
3.428000e-01	1.311393e+04	1.758641e+04	1.754233e+04
3.432000e-01	1.224791e+04	2.201153e+04	1.760834e+04
3.436000e-01	1.071791e+04	2.816404e+04	1.764263e+04
3.440000e-01	7.246320e+04	3.979116e+04	1.534570e+04
3.444000e-01	1.416788e+05	4.512719e+04	8.885689e+03
3.448000e-01	2.186243e+04	3.719346e+04	9.459919e+03
3.452000e-01	1.509187e+05	1.082355e+05	2.058396e+04
3.456000e-01	8.523944e+04	4.896525e+04	1.266749e+04
3.460000e-01	5.568082e+04	3.170239e+04	1.081673e+04
3.464000e-01	9.901306e+04	6.628357e+04	1.645730e+04
3.468000e-01	8.536411e+04	5.354725e+04	1.229860e+04
3.472000e-01	8.566536e+04	5.594684e+04	1.566420e+04
3.476000e-01	8.615237e+04	5.502985e+04	1.373974e+04
3.480000e-01	8.610092e+04	5.509391e+04	1.391966e+04
3.484000e-01	8.569954e+04	5.609656e+04	1.592688e+04
3.488000e-01	8.621614e+04	5.459442e+04	1.308746e+04
3.492000e-01	8.561296e+04	5.618444e+04	1.620372e+04
3.496000e-01	8.593737e+04	5.519388e+04	1.436498e+04
3.500000e-01	8.588764e+04	5.525570e+04	1.453367e+04
3.504000e-01	8.550692e+04	5.622274e+04	1.643696e+04
3.508000e-01	8.598965e+04	5.477796e+04	1.374322e+04
3.512000e-01	8.541681e+04	5.630604e+04	1.669364e+04
3.516000e-01	8.572106e+04	5.535366e+04	1.494855e+04
3.520000e-01	8.567396e+04	5.540976e+04	1.510544e+04
3.524000e-01	8.531615e+04	5.633305e+04	1.690722e+04
3.528000e-01	8.576723e+04	5.494821e+04	1.435597e+04
3.532000e-01	8.523386e+04	5.641147e+04	1.714638e+04
3.536000e-01	8.551395e+04	5.550167e+04	1.549450e+04
3.540000e-01	8.546694e+04	5.555657e+04	1.563979e+04
3.544000e-01	8.513226e+04	5.644063e+04	1.733976e+04
3.548000e-01	8.555404e+04	5.511236e+04	1.492736e+04
3.552000e-01	8.504784e+04	5.650996e+04	1.755909e+04
3.556000e-01	8.530676e+04	5.563927e+04	1.599997e+04
3.560000e-01	8.526181e+04	5.568956e+04	1.613484e+04
3.564000e-01	8.494995e+04	5.653470e+04	1.773704e+04
3.568000e-01	8.534330e+04	5.526930e+04	1.546152e+04
3.572000e-01	8.487434e+04	5.660047e+04	1.793686e+04
3.576000e-01	8.511259e+04	5.576731e+04	1.646674e+04
3.580000e-01	8.506809e+04	5.581356e+04	1.659067e+04
3.584000e-01	8.477214e+04	5.662054e+04	1.809644e+04
3.588000e-01	8.513446e+04	5.541708e+04	1.595499e+04
3.592000e-01	8.469666e+04	5.668157e+04	1.828087e+04
3.596000e-01	8.492365e+04	5.588689e+04	1.690047e+04
3.600000e-01	8.488292e+04	5.592883e+04	1.701371e+04
3.604000e-01	8.460188e+04	5.669711e+04	1.842179e+04
3.608000e-01	8.493434e+04	5.555711e+04	1.641117e+04
3.612000e-01	8.452594e+04	5.675215e+04	1.858695e+04
3.616000e-01	8.473592e+04	5.599857e+04	1.729381e+04
3.620000e-01	8.469778e+04	5.603627e+04	1.739837e+04
3.624000e-01	8.443933e+04	5.676072e+04	1.871857e+04
3.628000e-01	8.474653e+04	5.568358e+04	1.683760e+04
3.632000e-01	8.436674e+04	5.681346e+04	1.886528e+04
3.636000e-01	8.455456e+04	5.610387e+04	1.765361e+04
3.640000e-01	8.451639e+04	5.613923e+04	1.774608e+04
3.644000e-01	8.427980e+04	5.682031e+04	1.897655e+04
3.648000e-01	8.456513e+04	5.580281e+04	1.722699e+04
3.652000e-01	8.421366e+04	5.686355e+04	1.911128e+04
3.656000e-01	8.438264e+04	5.619940e+04	1.798160e+04
3.660000e-01	8.434550e+04	5.623152e+04	1.806497e+04
3.664000e-01	8.412700e+04	5.686961e+04	1.920787e+04
3.668000e-01	8.438932e+04	5.591697e+04	1.758228e+04
3.672000e-01	8.406440e+04	5.690712e+04	1.932576e+04
3.676000e-01	8.421735e+04	5.628493e+04	1.828042e+04
3.680000e-01	8.418294e+04	5.631365e+04	1.835447e+04
3.684000e-01	8.398309e+04	5.691055e+04	1.940647e+04
3.688000e-01	8.422109e+04	5.602248e+04	1.790295e+04
3.692000e-01	8.392443e+04	5.694451e+04	1.951047e+04
3.696000e-01	8.406429e+04	5.636720e+04	1.855211e+04
3.700000e-01	8.403113e+04	5.639147e+04	1.861809e+04
3.704000e-01	8.384297e+04	5.694099e+04	1.957856e+04
3.708000e-01	8.405816e+04	5.611859e+04	1.819428e+04
3.712000e-01	8.378855e+04	5.696855e+04	1.966521e+04
3.716000e-01	8.391736e+04	5.643773e+04	1.879017e+04
3.720000e-01	8.388875e+04	5.646071e+04	1.884900e+04
3.724000e-01	8.371867e+04	5.696966e+04	1.972925e+04
3.728000e-01	8.390986e+04	5.621231e+04	1.846696e+04
3.732000e-01	8.366409e+04	5.699019e+04	1.979875e+04
3.736000e-01	8.377837e+04	5.650158e+04	1.899747e+04
3.740000e-01	8.375067e+04	5.651972e+04	1.904625e+04
3.744000e-01	8.359751e+04	5.698509e+04	1.984937e+04
3.748000e-01	8.377197e+04	5.629606e+04	1.871143e+04
3.752000e-01	8.355076e+04	5.700493e+04	1.991222e+04
3.756000e-01	8.364924e+04	5.656437e+04	1.918641e+04
3.760000e-01	8.362407e+04	5.657929e+04	1.922591e+04
3.764000e-01	8.348894e+04	5.699450e+04	1.994476e+04
3.768000e-01	8.364313e+04	5.637036e+04	1.892364e+04
3.772000e-01	8.344737e+04	5.700638e+04	1.999641e+04
3.776000e-01	8.353330e+04	5.661653e+04	1.935445e+04
3.780000e-01	8.351026e+04	5.663093e+04	1.938799e+04
3.784000e-01	8.338933e+04	5.700321e+04	2.002271e+04
3.788000e-01	8.352423e+04	5.644517e+04	1.911568e+04
3.792000e-01	8.335255e+04	5.700707e+04	2.005732e+04
3.796000e-01	8.342844e+04	5.666268e+04	1.949707e+04
3.800000e-01	8.340877e+04	5.667220e+04	1.952402e+04
3.804000e-01	8.330251e+04	5.699865e+04	2.007859e+04
3.808000e-01	8.341860e+04	5.651249e+04	1.928895e+04
3.812000e-01	8.326924e+04	5.700249e+04	2.010353e+04
3.816000e-01	8.333367e+04	5.670393e+04	1.961837e+04
3.820000e-01	8.331676e+04	5.671134e+04	1.963847e+04
3.824000e-01	8.322703e+04	5.699454e+04	2.011816e+04
3.828000e-01	8.332716e+04	5.657553e+04	1.944389e+04
3.832000e-01	8.320028e+04	5.699152e+04	2.013257e+04
3.836000e-01	8.324978e+04	5.674079e+04	1.972502e+04
3.840000e-01	8.323561e+04	5.674444e+04	1.973728e+04
3.844000e-01	8.316544e+04	5.698190e+04	2.013558e+04
3.848000e-01	8.324918e+04	5.663505e+04	1.957693e+04
3.852000e-01	8.314592e+04	5.697540e+04	2.014127e+04
3.856000e-01	8.318292e+04	5.677051e+04	1.981446e+04
3.860000e-01	8.317024e+04	5.677171e+04	1.982183e+04
3.864000e-01	8.311296e+04	5.696702e+04	2.014188e+04
3.868000e-01	8.318127e+04	5.669081e+04	1.969603e+04
3.872000e-01	8.310002e+04	5.695747e+04	2.013447e+04
3.876000e-01	8.312931e+04	5.679848e+04	1.988453e+04
3.880000e-01	8.312165e+04	5.679540e+04	1.988631e+04
3.884000e-01	8.307667e+04	5.694503e+04	2.013255e+04
3.888000e-01	8.312415e+04	5.674152e+04	1.980087e+04
3.892000e-01	8.306948e+04	5.693268e+04	2.011873e+04
3.896000e-01	8.309376e+04	5.681982e+04	1.994385e+04
3.900000e-01	8.308941e+04	5.681521e+04	1.993830e+04
3.904000e-01	8.305341e+04	5.692353e+04	2.010820e+04
3.908000e-01	8.308344e+04	5.678911e+04	1.989136e+04
3.912000e-01	8.304803e+04	5.690746e+04	2.008385e+04
3.916000e-01	8.306451e+04	5.684364e+04	1.998690e+04
3.920000e-01	8.306630e+04	5.683295e+04	1.997509e+04
3.924000e-01	8.304868e+04	5.689090e+04	2.007184e+04
3.928000e-01	8.306010e+04	5.683416e+04	1.997465e+04
3.932000e-01	8.305188e+04	5.686751e+04	2.003513e+04
3.936000e-01	8.305505e+04	5.685286e+04	2.000892e+04
3.940000e-01	8.305785e+04	5.684113e+04	1.998769e+04
3.944000e-01	8.305931e+04	5.683776e+04	1.998099e+04
3.948000e-01	8.306139e+04	5.683389e+04	1.997292e+04
3.952000e-01	8.306373e+04	5.683108e+04	1.996625e+04
3.956000e-01	8.306634e+04	5.682931e+04	1.996099e+04
3.960000e-01	8.306922e+04	5.682859e+04	1.995715e+04
3.964000e-01	8.307236e+04	5.682892e+04	1.995470e+04
3.968000e-01	8.307577e+04	5.683029e+04	1.995366e+04
3.972000e-01	8.307943e+04	5.683271e+04	1.995403e+04
3.976000e-01	8.308335e+04	5.683618e+04	1.995578e+04
3.980000e-01	8.308753e+04	5.684068e+04	1.995894e+04
3.984000e-01	8.309197e+04	5.684622e+04	1.996348e+04
3.988000e-01	8.309666e+04	5.685280e+04	1.996941e+04
3.992000e-01	8.310159e+04	5.686041e+04	1.997671e+04
3.996000e-01	8.310678e+04	5.686906e+04	1.998539e+04
4.000000e-01	8.311221e+04	5.687873e+04	1.999545e+04


