-6.158944651677776
-6.204122726407434
-6.240322741999555
-6.267555438770179
-6.28583572719267
-6.295182662090365
-6.295619412090569
-6.2871732243862315
-6.269875384862273
-6.243761173651211
-6.208869816192031
-6.165244429874549
-6.112931966359942
-6.051983149676524
-5.98245241019697
-5.904397814611947
-5.817880992021334
-5.722967056272255
-5.619724524678994
-5.508225233267465
-5.388544248691307
-5.260759776974437
-5.1249530692386855
-4.981208324580495
-4.829612590266431
-4.670255659419641
-4.503229966375033
-4.328630479883291
-4.146554594347689
-3.957102019279966
-3.7603746671642124
-3.556476539919502
-3.345513614153865
-3.1275937254032042
-2.9028264515500215
-2.6713229956169338
-2.4331960681306377
-2.1885597692513983
-1.937529470863124
-1.6802216988179417
-1.416754015528097
-1.147244903096711
-0.8718136471770741
-0.5905802217478602
-0.3036651749895647
-0.011189516444432002
0.2867253943608592
0.5899579576538532
0.8983864413441118
1.2118890869722136
-11.444499242477923
-11.54199948553201
-11.637955567665273
-11.73237136100942
-11.825250371875583
-11.916595771498496
-12.006410425990072
-12.094696925510133
-12.181457612659807
-12.266694610101409
-12.350409847406825
-12.432605087135274
-12.513281950139525
-12.592441940099134
-12.670086467277972
-12.746216871502686
-12.820834444358262
-12.893940450596343
-12.96553614875174
-13.035622810962545
-13.104201741989154
-13.171274297427878
-13.236841901115035
-13.300906061717772
-13.363468388508617
-13.42453060632122
-13.484094569685592
-13.542162276141996
-13.59873587873348
-13.653817697678058
-13.707410231222722
-13.759516165682335
-13.810138384667702
-13.859279977508432
-13.906944246877067
-13.95313471562256
-13.997855132822052
-14.041109479061355
-14.082901970955659
-14.123237064923124
-14.162119460225387
-14.199554101289822
-14.235546179329852
-14.27010113328038
-14.303224650066563
-14.334922664225061
-14.365201356897764
-14.394067154218899
-14.421526725117033
-14.447586978554394
-14.472255060226335
-14.49553834874441
-14.517444451327023
-14.537981199022024
-14.55715664148566
-14.574979041343063
-14.591456868155
-14.606598792016179
-14.620413676810157
-14.632910573145844
-14.644098711000586
-14.653987492094469
-14.662586482020291
-14.669905402153235
-14.675954121364006
-14.680742647558592
-14.684281119067396
-14.686579795905908
-14.687649050928457
-14.687499360895952
-14.686141297477871
-14.683585518207948
-14.679842757412338
-14.67492381712828
-14.668839558030296
-14.661600890380472
-14.653218765018163
-14.643704164403928
-14.63306809373138
-14.62132157212007
-14.608475623901299
-14.594541270008293
-14.579529519480907
-14.563451361094552
-14.546317755121922
-14.528139625235355
-14.508927850556928
-14.488693257862419
-14.467446613944649
-14.445198618140797
-14.421959895027669
-14.397740987288076
-14.372552348750833
-14.346404337606153
-14.319307209797604
-14.291271112591186
-14.262306078321352
-14.232422018313336
-14.201628716980586
-14.169935826095472
-14.137352859231028
-14.103889186370939
-14.069554028684548
-14.034356453463257
-13.998305369214163
-13.961409520906537
-13.923677485366241
-13.885117666812942
-13.845738292534524
-13.805547408692895
-13.764552876255141
-13.722762367043398
-13.68018335989699
-13.63682313693981
-13.592688779945707
-13.547787166794688
-13.50212496801214
-13.45570864338338
-13.408544438635545
-13.360638382178585
-13.311996281896992
-13.262623721983806
-13.212526059808063
-13.161708422806893
-13.110175705393077
-13.057932565868999
-13.004983423337354
-12.9513324545992
-12.89698359102944
-12.841940515419756
-12.786206658778895
-12.729785197079732
-12.672679047942669
-12.614890867244315
-12.55642304564043
-12.4972777049917
-12.43745669468058
-12.376961587807331
-12.315793677252751
-12.253953971595028
-12.191443190867487
-12.128261762143888
-12.064409814937154
-11.999887176397166
-11.934693366292715
-11.868827591761942
-11.802288741815328
-11.735075381574344
-11.667185746228304
-11.598617734691334
-58.535268549997156
-58.59419842947326
-58.651366111808315
-58.706787786405634
-58.760477693481526
-58.81244821097416
-58.86270994033926
-58.91127179123916
-58.958141065126995
-59.00332353772397
-59.046823540382924
-59.08864404032748
-59.12878671975181
-59.16725205376247
-59.20403938713909
-59.23914700988847
-59.27257223156132
-59.30431145429904
-59.33436024457421
-59.362713403585
-59.389365036262035
-59.41430861884262
-59.43753706496567
-59.45904279023812
-59.47881777522216
-59.496853626790625
-59.513141637796814
-59.52767284500388
-59.540438085218156
-59.55142804956993
-59.560633335885434
-59.568044499093546
-59.573652099610555
-59.57744674964788
-59.579419157387434
-59.57956016897101
-59.577860808251195
-59.574312314252914
-59.56890617629654
-59.561634166735644
-59.5524883712648
-59.54146121675509
-59.52854549657815
-59.51373439338207
-59.497021499285886
-59.47840083346248
-59.45786685708315
-59.43541448560084
-59.41103909835223
-59.384736545463504
-59.356503152047125
