-0.4929580441044542
-0.49292028113685005
-0.4928069875224748
-0.492618149134397
-0.49235374245357866
-0.49201373460765074
-0.49159808342517214
-0.4911067375053736
-0.49053963630335845
-0.4898967102307406
-0.4891778807716864
-0.4883830606143281
-0.48751215379750656
-0.48656505587279586
-0.48554165408175215
-0.4844418275483259
-0.4832654474863629
-0.482012377422118
-0.4806824734316768
-0.4792755843932004
-0.4777915522538575
-0.4762302123113359
-0.47459139350977064
-0.4728749187499488
-0.4710806052136043
-0.46920826470161875
-0.4672577039859162
-0.4652287251748266
-0.46312112609166145
-0.46093470066623854
-0.45866923933906073
-0.4563245294778265
-0.4539003558059375
-0.4513965008426309
-0.44881274535434384
-0.4461488688168868
-0.44340464988797457
-0.44057986688963824
-0.4376742983000044
-0.43468772325389904
-0.43161992205170824
-0.4284706766758895
-0.425239771314492
-0.42192699289102764
-0.4185321315999778
-0.4150549814472142
-0.41149534079455435
-0.4078530129076657
-0.404127806506474
-0.40031953631722855
-0.39642802362531687
-0.38871805266824727
-0.3809907419542965
-0.37324695503698374
-0.3654875445581027
-0.35771335191209447
-0.3499252069314573
-0.3421239275930168
-0.3343103197448347
-0.3264851768534875
-0.3186492797714266
-0.31080339652407796
-0.30294828211632885
-0.2950846783579983
-0.28721331370788694
-0.279334903135957
-0.27145014800318296
-0.26355973595859866
-0.2556643408530369
-0.24776462266905827
-0.23986122746654834
-0.23195478734344555
-0.22404592041107219
-0.2161352307835184
-0.20822330858052843
-0.20031072994335003
-0.1923980570629877
-0.18448583822031348
-0.17657460783749027
-0.16866488654016507
-0.1607571812298891
-0.15285198516623993
-0.14494977805811832
-0.13705102616370285
-0.12915618239855253
-0.12126568645136616
-0.1133799649069054
-0.10549943137560656
-0.0976244866294175
-0.08975551874340615
-0.0818929032427007
-0.0740370032543317
-0.06618816966356705
-0.058346741274329324
-0.050513044973319085
-0.042687395897457805
-0.03487009760429983
-0.027061442245056654
-0.019261710739907945
-0.011471172955271175
-0.003690087882731605
0.004081296180672348
0.011842741451078958
0.01959402047562347
0.027334915949698932
0.035065220533905046
0.04278473667091308
0.05049327640246471
0.05819066118671743
0.06587672171612415
0.07355129773603981
0.08121423786422353
0.08886539941140274
0.09650464820305382
0.10413185840253965
0.1117469123357393
0.11934970031730159
0.12694012047862674
0.1345180785976977
0.14208348793085038
0.1496362690465805
0.15717634966147265
0.1647036644783232
0.17221815502653517
0.17971976950484284
0.18720846262642798
0.1946841954664797
0.20214693531223912
0.20959665551557746
0.21703333534813785
0.22445695985907263
0.23186751973540462
0.2392650111650315
0.24664943570239556
0.25402080013682643
0.26137911636357447
0.26872440125753544
0.27605667654967647
0.2833759687061586
0.29068230881015766
0.29797573244637876
0.3052562795882549
0.3125239944878239
0.3197789255682715
0.32702112531912547
0.3342506501940899
0.3414675605114991
0.3486719203573764
0.35586379749107894
0.3630432632535034
0.37021039247783943
0.37736526340283943
0.38450795758858863
0.39163855983475104
0.3987571581012593
0.4058638434314346
0.4129587098775027
0.4200418544284862
0.42711337694044094
0.43417338006901834
0.44122196920432066
0.4482592524080259
0.4552853403527574
0.4623003462636697
0.4693043858622275
0.4762975773121491
0.4832800411674937
0.4902519003228617
0.4972132799656906
0.5041643075306155
0.5111051126558784
0.5180358271417569
0.5249565849109914
0.5318675219711961
0.5387687763792217
0.5456604882074586
0.5525427995120592
0.5594158543030576
0.5662797985163733
0.5731347799876796
0.5799809484281221
0.5868184554018727
0.5936474543055035
0.6004681003491698
0.6072805505395898
0.6140849636648114
0.6208815002807524
0.6276703226995118
0.6344515949794437
0.6412254829169806
0.6479921540402155
0.6547517776042241
0.6615045245881392
0.6682505676939658
0.6749900813471434
0.6817232416988593
0.688450226630112
0.6951712157575343
0.701886390440982
0.7085959337928943
0.7153000306894458
0.7186878074520592
0.7220058634106872
0.7252542992480744
0.7284332113740191
0.7315426920488319
0.7345828295055735
0.737553708071006
0.7404554082851944
0.7432880070196327
0.746051577593874
0.7487461898905238
0.7513719104685903
0.7539288026750481
0.7564169267546071
0.7588363399575742
0.7611870966457465
0.7634692483962927
0.7656828441035172
0.7678279300784681
0.7699045501463337
0.7719127457415214
0.7738525560004202
0.7757240178517214
0.7775271661042942
0.7792620335325299
0.7809286509590929
0.7825270473350538
0.784057249817322
0.7855192838433396
0.7869131732029904
0.7882389401076636
0.7894966052564417
0.7906861878993416
0.7918077058976125
0.7928611757809787
0.7938466128018744
0.7947640309865425
0.7956134431830465
0.7963948611060907
0.7971082953786686
0.7977537555704801
0.798331250233103
0.7988407869318955
0.7992823722745965
0.7996560119366078
0.7999617106829543
0.8001994723868737
0.800369300045068
0.8004711957895512
0.8005051608961439
0.2199080100997764
0.21991089992839982
0.21991957688023547
0.21993406334862198
0.21995439664059702
0.21998062895412696
0.22001282734625702
0.22005107369221938
0.2200954646355334
0.22014611152915808
0.22020314036774438
0.22026669171106408
0.2203369205986867
0.22041399645599352
0.220498102991617
0.220589438086413
0.2206882136740742
0.22079465561349992
0.2209090035530534
0.22103151078683847
0.22116244410313465
0.22130208362514084
0.2214507226441893
0.22160866744557867
0.22177623712721029
0.22195376341119566
0.22214159044861828
0.22234007461763755
0.22254958431513228
0.2227704997420792
0.22300321268287213
0.22324812627879387
0.22350565479585421
0.22377622338721115
0.22406026785040478
0.22435823437962538
0.22467057931325313
0.22499776887690037
0.2253402789221995
0.22569859466157408
0.22607321039924339
0.2264646292587066
0.22687336290695367
0.22729993127566167
0.22774486227962829
0.2282086915326991
0.22869196206145068
0.22919522401688608
0.2297190343844062
0.2302639566923208
0.23083056071916144
0.23198198488709296
0.2331739710879513
0.2344060516601095
0.23567776539819654
0.23698865746954
0.23833827933279414
0.2397261886586431
0.24115194925248962
0.2426151309790366
0.24411530968867137
0.24565206714557858
0.24722499095749756
0.24883367450705463
0.2504777168846002
0.25215672282248625
0.25387030263072025
0.2556180721339401
0.25739965260965153
0.25921467072768173
0.26106275849079025
0.2629435531764042
0.2648566972794212
0.2668018384560484
0.268778629468634
0.2707867281314575
0.2728257972574424
0.2748955046057609
0.27699552283030077
0.2791255294289638
0.28128520669377294
0.28347424166175966
0.285692326066611
0.2879391562910535
0.2902144333199542
0.29251786269411895
0.2948491544647708
0.29720802314869466
0.29959418768402724
0.302007371386683
0.3044473019074021
0.3069137111894066
0.3094063354266541
0.31192491502268027
0.31446919455001826
0.3170389227101867
0.3196338522942401
0.3222537401438716
0.3248983471130634
0.32756743803027866
0.33026078166118517
0.332978150671913
0.3357193215928362
0.3384840747828768
0.34127219439432493
0.34408346833817666
0.34691768824998187
0.34977464945620357
0.3526541509410832
0.35555599531401466
0.35847998877742093
0.3614259410951367
0.36439366556129127
0.3673829789696985
0.37039370158374535
0.37342565710678477
0.376478672653032
0.37955257871896286
0.3826472091552184
0.38576240113901195
0.38889799514704443
0.39205383492892776
0.3952297674811158
0.3984256430213463
0.40164131496359784
0.4048766398935582
0.40813147754461454
0.4114056907743564
0.414699145541608
0.41801171088398054
0.4213432588959534
0.4246936647074869
0.42806280646316797
0.4314505653018942
0.43485682533709824
0.43828147363751646
0.4417244002085074
0.44518549797392104
0.44866466275852795
0.45216179327100614
0.4556767910874972
0.4592095606357307
0.462760009179726
0.4663280468050761
0.46991358640481473
0.4735165436658797
0.47713683705617166
0.4807743878122177
0.4844291199274484
0.4881009601410874
0.49178983792767017
0.4954956854871915
0.49921843773589303
0.5029580322976982
0.5067144094963011
0.5104875123479207
0.5142772865547242
0.5180836804989359
0.5219066452376345
0.5257461344982522
0.5296021046747854
0.5334745148247261
0.5373633266667289
0.5412685045790211
0.5451900155985703
0.5491278294210225
0.5530819184014223
0.5570522575557304
0.5610388245631518
0.5650415997692885
0.5690605661901368
0.5730957095169392
0.5771470181219115
0.5812144830648621
0.5852980981007222
0.5893978596880031
0.5935137669982051
0.5976458219261954
0.6017940291015762
0.6059583959010703
0.6101389324619387
0.6143356516964675
0.6185485693075357
0.6227777038053007
0.627023076525027
0.6312847116460822
0.6355626362121394
0.6398568801526074
0.6441674763053332
0.6484944604405987
0.6528378712864606
0.6571977505554594
0.6615741429727441
0.6659670963056538
0.6703766613947915
0.6748028921866465
0.6792458457678017
0.6837055824007822
0.6881821655615907
0.692675661978988
0.697186141675574
0.6994732620783035
0.7017184168982037
0.7039213557564261
0.7060818326798651
0.7081996061225081
0.7102744389888596
0.712306098659307
0.7142943570173138
0.7162389904782672
0.7181397800198907
0.7199965112140445
0.7218089742598289
0.7235769640178146
0.7253002800453123
0.7269787266325289
0.7286121128394889
0.7302002525336083
0.7317429644277847
0.7332400721188839
0.7346914041265209
0.7360967939319877
0.7374560800172449
0.7387691059038357
0.7400357201916293
0.7412557765972821
0.7424291339922944
0.7435556564405849
0.7446352132354567
0.7456676789358706
0.7466529334019255
0.7475908618294498
0.748481354783624
0.7493243082315257
0.7501196235735551
0.7508672076736003
0.7515669728879364
0.7522188370927171
0.7528227237100525
0.7533785617325548
0.7538862857463298
0.7543458359523372
0.754757158186071
0.7551202039355183
0.7554349303573437
0.7557013002912607
0.7559192822725671
0.7560888505427912
0.7562099850584544
0.7562826714978887
0.7563069012661383
0.7654280784292153
0.7653872896711752
0.7652649253076033
0.7650609910755852
0.7647754965550646
0.7644084551960574
0.7639598843567732
0.7634298053526736
0.7628182435164903
0.7621252282692469
0.7613507932023245
0.7604949761706176
0.7595578193968432
0.7585393695870576
0.7574396780574466
0.7562588008724691
0.7549967989944176
0.7536537384444845
0.7522296904754141
0.7507247317558322
0.7491389445663315
0.7474724170074175
0.745725243219404
0.7438975236143455
0.7419893651201083
0.7400008814366755
0.7379321933047656
0.7357834287868688
0.7335547235607767
0.7312462212256915
0.7288580736209906
0.7263904411577143
0.7238434931628405
0.7212174082363977
0.7185123746214613
0.71572859058706
0.7128662648240137
0.7099256168537025
0.7069068774497574
0.7038102890726349
0.700636106317033
0.6973845963720643
0.6940560394941042
0.6906507294921783
0.6871689742257477
0.6836110961147148
0.6799774326614348
0.6762683369844884
0.6724841783639397
0.6686253427977595
0.6646922335690472
0.6569297006362174
0.6491891682453701
0.6414713689522897
0.6337770361395324
0.6261069036102275
0.6184617051773617
0.6108421742490554
0.6032490434103563
0.5956830440020906
0.5881449056973258
0.5806353560760074
0.5731551201983521
0.5657049201775785
0.5582854747525676
0.5508974988610632
0.5435417032140049
0.5362187938716133
0.5289294718218359
0.5216744325617618
0.5144543656826205
0.5072699544589716
0.5001218754426866
0.4930107980623202
0.4859373842284632
0.4789022879456559
0.47190615493142646
0.46494962224301845
0.4580333179123437
0.4511578605896916
0.4443238591967004
0.43753191258908763
0.43078260922960376
0.4240765268716692
0.41741423225411445
0.410796280807437
0.40422321637194686
0.3976955709281677
0.391213864339814
0.3847786041096518
0.3783902851485209
0.37204938955775907
0.3657563864252566
0.3595117316353246
0.35331586769254086
0.3471692235597073
0.3410722145100188
0.3350252419935191
0.3290286935178885
0.3230829425435782
0.31718834839327814
0.3113452561756808
0.3055539967234701
0.2998148865454392
0.29412822779262093
0.288494308238277
0.28291340127158326
0.27738576590480674
0.2719116467937646
0.26649127427131986
0.26112486439365656
0.25581261899905405
0.250554725778861
0.24535135836035546
0.2402026764011583
0.23510882569485275
0.23006993828745348
0.22508613260434865
0.22015751358733565
0.21528417284135526
0.210466188790523
0.20570362684304855
0.20099653956463076
0.19634496685990474
0.19174893616152056
0.18720846262642518
0.18272354933892443
0.17829418752008977
0.17392035674309417
0.16960202515403883
0.1653391496978596
0.16113167634888817
0.1569795403456554
0.15288266642952777
0.1488409690867746
0.14485435279366957
0.14092271226424008
0.13704593270027934
0.13322389004325888
0.12945645122776858
0.12574347443614148
0.12208480935391426
0.11848029742579685
0.11492977211182955
0.11143305914341535
0.10798997677893318
0.10460033605864524
0.1012639410586226
0.09798058914342853
0.09475007121730682
0.09157217197363939
0.08844667014244487
0.08537333873570414
0.08235194529031177
0.07938225210846016
0.0764640164952815
0.07359699099357431
0.070780923615467
0.06801555807086428
0.06530063399255213
0.06263588715783143
0.0600210497065698
0.05745585035557386
0.05494001460918222
0.05247326496600408
0.050055321121724554
0.04768590016791862
0.04536471678681117
0.04309148344194578
0.04086591056471488
0.03868770673672593
0.03655657886798081
0.03447223237084554
0.03243437132981324
0.030442698667043692
0.028496916303695836
0.026596725317053274
0.024741826093462923
0.02293191847710602
0.021166701914624993
0.01944587559563851
0.01776913858917822
0.01613618997608387
0.014546728977402687
0.01300045507883486
0.01149706815127618
0.010036268567510456
0.00861775731510378
0.0072412361055631345
0.005906407479811634
0.004612974910049463
0.0033606428980626608
0.0021491170700369657
0.0009781042679589064
-0.00015268736234237514
-0.0012435482864338152
-0.0022947674997333923
-0.0033066324491031105
-0.004279428957516539
-0.005213441151723517
-0.006108951392837711
-0.006547181649944634
-0.006967115935551611
-0.007369365165589453
-0.007754524173918648
-0.008123171944247155
-0.008475871835988436
-0.008813171804073669
-0.009135604612760594
-0.009443688043466937
-0.009737925096674517
-0.01001880418794748
-0.010286799338115464
-0.010542370357673669
-0.01078596302545768
-0.011018009261651614
-0.011238927295183963
-0.01144912182558624
-0.011648984179360077
-0.011838892460933793
-0.012019211698264044
-0.01219029398314789
-0.012352478606314476
-0.012506092187358757
-0.012651448799582141
-0.012788850089805232
-0.01291858539321414
-0.013040931843302952
-0.013156154476975828
-0.013264506334862983
-0.013366228556913969
-0.013461550473320925
-0.0135506896908289
-0.013633852174486039
-0.013711232324879504
-0.013783013050912427
-0.013849365838166865
-0.013910450812892146
-0.013966416801666224
-0.01401740138676464
-0.01406353095728218
-0.014104920756030877
-0.014141674922252634
-0.014173886530176778
-0.014201637623445063
-0.014224999245431073
-0.014244031465472078
-0.014258783401037563
-0.014269293235842041
-0.01427558823392207
-0.014277684749682336
