-0.3
-0.2999825425687811
-0.2999301702751245
-0.2998428831190301
-0.29972068110049793
-0.299563564219528
-0.2993715324761203
-0.2991445858702749
-0.2988827244019917
-0.29858594807127076
-0.298254256878112
-0.2978876508225156
-0.29748612990448137
-0.2970496941240094
-0.2965783434810996
-0.29607207797575213
-0.29553089760796686
-0.2949548023777439
-0.29434379228508306
-0.29369786732998454
-0.29301702751244824
-0.29230127283247415
-0.2915506032900623
-0.2907650188852128
-0.28994451961792544
-0.2890891054882004
-0.28819877649603753
-0.28727353264143696
-0.28631337392439854
-0.28531830034492245
-0.2842883119030085
-0.28322340859865686
-0.28212359043186747
-0.2809888574026403
-0.2798192095109754
-0.2786146467568727
-0.2773751691403323
-0.2761007766613541
-0.27479146931993814
-0.2734472471160844
-0.272068110049793
-0.27065405812106375
-0.26920509132989673
-0.26772120967629204
-0.2662024131602495
-0.2646487017817692
-0.26306007554085115
-0.26143653443749537
-0.2597780784717018
-0.2580847076434706
-0.25635642195280145
-0.2529383363267641
-0.24952025070072678
-0.2461021650746894
-0.24268407944865206
-0.2392659938226147
-0.23584790819657736
-0.23242982257053998
-0.22901173694450264
-0.22559365131846526
-0.2221755656924279
-0.2187574800663906
-0.21533939444035322
-0.21192130881431587
-0.20850322318827852
-0.20508513756224117
-0.20166705193620382
-0.19824896631016647
-0.19483088068412913
-0.19141279505809178
-0.18799470943205443
-0.18457662380601708
-0.18115853817997968
-0.17774045255394239
-0.17432236692790504
-0.17090428130186766
-0.16748619567583029
-0.164068110049793
-0.1606500244237556
-0.15723193879771827
-0.15381385317168092
-0.15039576754564354
-0.14697768191960617
-0.1435595962935689
-0.1401415106675315
-0.13672342504149415
-0.1333053394154568
-0.12988725378941945
-0.12646916816338208
-0.12305108253734467
-0.11963299691130733
-0.11621491128526995
-0.11279682565923259
-0.10937874003319517
-0.10596065440715782
-0.10254256878112045
-0.09912448315508307
-0.0957063975290457
-0.09228831190300835
-0.08887022627697097
-0.08545214065093361
-0.08203405502489619
-0.07861596939885881
-0.07519788377282141
-0.07177979814678406
-0.0683617125207467
-0.06494362689470931
-0.061525541268671935
-0.058107455642634566
-0.05468937001659721
-0.05127128439055981
-0.047853198764522376
-0.04443511313848503
-0.04101702751244768
-0.037598941886410275
-0.03418085626037293
-0.03076277063433558
-0.02734468500829823
-0.023926599382260827
-0.020508513756223423
-0.017090428130186075
-0.013672342504148727
-0.010254256878111325
-0.006836171252073919
-0.003418085626036571
8.326672684688674e-16
0.003418085626038181
0.006836171252075641
0.010254256878112933
0.013672342504150337
0.017090428130187685
0.02050851375622509
0.02392659938226244
0.02734468500829984
0.03076277063433719
0.03418085626037465
0.03759894188641194
0.041017027512449344
0.04443511313848675
0.047853198764524096
0.05127128439056145
0.05468937001659879
0.0581074556426362
0.0615255412686736
0.06494362689471095
0.0683617125207483
0.0717797981467857
0.07519788377282305
0.07861596939886045
0.0820340550248978
0.0854521406509352
0.08887022627697261
0.09228831190300996
0.0957063975290473
0.09912448315508465
0.10254256878112206
0.10596065440715942
0.10937874003319681
0.11279682565923416
0.11621491128527162
0.11963299691130891
0.12305108253734633
0.12646916816338366
0.12988725378942106
0.1333053394154584
0.1367234250414958
0.1401415106675331
0.14355959629357046
0.1469776819196079
0.1503957675456452
0.1538138531716826
0.15723193879771996
0.16065002442375736
0.1640681100497947
0.16748619567583212
0.17090428130186947
0.17432236692790687
0.17774045255394427
0.18115853817998165
0.18457662380601908
0.18799470943205637
0.19141279505809372
0.19483088068413118
0.19824896631016853
0.20166705193620588
0.20508513756224317
0.20850322318828068
0.21192130881431798
0.2153393944403554
0.21875748006639267
0.2221755656924302
0.2255936513184675
0.22901173694450488
0.2324298225705423
0.2358479081965797
0.23926599382261712
0.2426840794486545
0.2461021650746918
0.24952025070072922
0.2529383363267665
0.2563564219528042
0.2580847076434734
0.2597780784717045
0.26143653443749854
0.26306007554085403
0.26464870178177163
0.26620241316025234
0.2677212096762944
0.2692050913298997
0.27065405812106597
0.27206811004979553
0.2734472471160863
0.2747914693199403
0.2761007766613564
0.2773751691403344
0.27861464675687514
0.27981920951097733
0.28098885740264196
0.2821235904318697
0.2832234085986585
0.2842883119030106
0.28531830034492384
0.2863133739244002
0.2872735326414388
0.2881987764960388
0.28908910548820205
0.289944519617927
0.29076501888521417
0.2915506032900638
0.2923012728324755
0.2930170275124497
0.2936978673299855
0.29434379228508484
0.2949548023777448
0.2955308976079685
0.296072077975753
0.29657834348110107
0.2970496941240101
0.29748612990448225
0.2978876508225164
0.29825425687811286
0.29858594807127187
0.29888272440199243
0.2991445858702751
0.29937153247612075
0.2995635642195282
0.2997206811004988
0.29984288311903046
0.29993017027512553
0.2999825425687816
0.3000000000000007
0.0
4.364357804719846e-06
1.7457431218879383e-05
3.927922024247862e-05
6.982972487551753e-05
0.00010910894511799617
0.00015711688096991448
0.00021385353243127253
0.00027931889950207013
0.00035351298218230765
0.0004364357804719849
0.0005280872943711017
0.0006284675238796583
0.0007375764689976546
0.0008554141297250906
0.0009819805060619663
0.0011172755980082818
0.0012612994055640368
0.0014140519287292317
0.0015755331675038665
0.0017457431218879406
0.001924681791881455
0.0021123491774844086
0.0023087452786968014
0.0025138700955186343
0.0027277236279499074
0.0029503058759906197
0.0031816168396407722
0.003421656518900364
0.003670424913769396
0.003927922024247867
0.004194147850335778
0.00446910239203313
0.004752785649339919
0.00504519762225615
0.0053463383107818195
0.005656207714916929
0.0059748058346614785
0.006302132670015468
0.006638188220978896
0.006982972487551763
0.007336485469734071
0.007698727167525822
0.00806969758092701
0.008449396709937636
0.008837824554557701
0.009234981114787209
0.009640866390626154
0.01005548038207454
0.010478823089132366
0.010910894511799631
0.01176541591830897
0.012619937324818309
0.013474458731327644
0.014328980137836983
0.015183501544346322
0.01603802295085566
0.016892544357365
0.017747065763874338
0.01860158717038368
0.019456108576893016
0.02031062998340235
0.021165151389911693
0.022019672796421027
0.022874194202930364
0.023728715609439704
0.02458323701594904
0.025437758422458382
0.02629227982896772
0.027146801235477053
0.028001322641986397
0.028855844048495727
0.029710365455005078
0.030564886861514404
0.031419408268023745
0.03227392967453308
0.033128451081042426
0.033982972487551756
0.0348374938940611
0.03569201530057043
0.036546536707079774
0.03740105811358911
0.038255579520098455
0.03911010092660778
0.03996462233311712
0.04081914373962646
0.0416736651461358
0.042528186552645134
0.043382707959154485
0.04423722936566383
0.045091750772173166
0.045946272178682517
0.046800793585191854
0.047655314991701204
0.04850983639821054
0.049364357804719886
0.05021887921122923
0.051073400617738574
0.05192792202424791
0.052782443430757255
0.0536369648372666
0.054491486243775956
0.055346007650285294
0.056200529056794644
0.05705505046330399
0.057909571869813325
0.05876409327632267
0.059618614682832013
0.06047313608934136
0.061327657495850695
0.062182178902360045
0.0630367003088694
0.06389122171537874
0.06474574312188808
0.06560026452839743
0.06645478593490677
0.0673093073414161
0.06816382874792544
0.06901835015443479
0.06987287156094416
0.07072739296745348
0.07158191437396282
0.07243643578047217
0.07329095718698152
0.07414547859349085
0.0750000000000002
0.07585452140650956
0.07670904281301891
0.07756356421952823
0.07841808562603758
0.07927260703254692
0.08012712843905627
0.08098164984556562
0.08183617125207496
0.0826906926585843
0.08354521406509366
0.08439973547160298
0.08525425687811233
0.08610877828462168
0.08696329969113104
0.08781782109764036
0.0886723425041497
0.08952686391065905
0.0903813853171684
0.09123590672367773
0.09209042813018709
0.09294494953669642
0.09379947094320576
0.09465399234971511
0.09550851375622445
0.0963630351627338
0.09721755656924315
0.0980720779757525
0.09892659938226182
0.09978112078877116
0.10063564219528051
0.10149016360178985
0.1023446850082992
0.10319920641480855
0.10405372782131792
0.10490824922782722
0.10576277063433658
0.10661729204084591
0.10747181344735526
0.1083263348538646
0.10918085626037395
0.11003537766688327
0.11088989907339261
0.11174442047990196
0.1125989418864113
0.11345346329292065
0.11430798469943
0.11516250610593935
0.11601702751244868
0.11687154891895803
0.11772607032546736
0.11858059173197671
0.11943511313848607
0.12028963454499542
0.12114415595150477
0.12199867735801409
0.12285319876452343
0.12370772017103279
0.12456224157754213
0.12541676298405147
0.1262712843905608
0.12712580579707017
0.1279803272035795
0.12883484861008884
0.12968937001659817
0.13054389142310754
0.13139841282961687
0.13225293423612622
0.13310745564263557
0.13396197704914495
0.1348164984556543
0.13567101986216362
0.13652554126867295
0.1373800626751823
0.13823458408169162
0.13908910548820105
0.13952117691086835
0.13994451961792612
0.14035913360937463
0.1407650188852135
0.1411621754454429
0.1415506032900631
0.1419303024190736
0.14230127283247493
0.1426635145302665
0.1430170275124489
0.14336181177902158
0.1436978673299851
0.1440251941653391
0.1443437922850836
0.14465366168921878
0.14495480237774433
0.14524721435066051
0.14553089760796745
0.14580585214966463
0.14607207797575264
0.14632957508623096
0.14657834348110005
0.1468183831603597
0.1470496941240097
0.1472722763720505
0.14748612990448173
0.14769125472130357
0.14788765082251595
0.14807531820811887
0.14825425687811242
0.14842446683249635
0.14858594807127123
0.14873870059443622
0.14888272440199213
0.14901801949393825
0.1491445858702753
0.14926242353100252
0.14937153247612056
0.14947191270562912
0.1495635642195282
0.149646487017818
0.1497206811004981
0.1497861464675688
0.14984288311903018
0.14989089105488204
0.1499301702751247
0.14996072077975764
0.14998254256878138
0.1499956356421954
0.15000000000000016
-0.45
-0.45000872871560943
-0.4500349148624378
-0.45007855844048494
-0.45013965944975104
-0.450218217890236
-0.4503142337619399
-0.45042770706486257
-0.4505586377990042
-0.4507070259643646
-0.45087287156094397
-0.4510561745887422
-0.4512569350477593
-0.45147515293799534
-0.4517108282594502
-0.45196396101212394
-0.4522345511960166
-0.4525225988111281
-0.4528281038574585
-0.45315106633500774
-0.45349148624377594
-0.45384936358376293
-0.45422469835496887
-0.45461749055739364
-0.4550277401910373
-0.4554554472558998
-0.45590061175198127
-0.45636323367928155
-0.45684331303780074
-0.4573408498275388
-0.4578558440484958
-0.4583882957006716
-0.4589382047840663
-0.45950557129867986
-0.4600903952445124
-0.46069267662156366
-0.4613124154298339
-0.46194961166932297
-0.46260426534003096
-0.46327637644195785
-0.4639659449751036
-0.4646729709394682
-0.4653974543350517
-0.46613939516185404
-0.46689879341987534
-0.46767564910911547
-0.4684699622295745
-0.46928173278125235
-0.47011096076414916
-0.4709576461782648
-0.47182178902359934
-0.47353083183661804
-0.47523987464963674
-0.47694891746265533
-0.47865796027567403
-0.4803670030886927
-0.4820760459017114
-0.4837850887147301
-0.48549413152774873
-0.48720317434076743
-0.4889122171537861
-0.4906212599668048
-0.4923303027798235
-0.4940393455928422
-0.4957483884058609
-0.4974574312188795
-0.4991664740318982
-0.5008755168449168
-0.5025845596579355
-0.5042936024709542
-0.5060026452839729
-0.5077116880969915
-0.5094207309100103
-0.5111297737230289
-0.5128388165360476
-0.5145478593490662
-0.516256902162085
-0.5179659449751036
-0.5196749877881224
-0.521384030601141
-0.5230930734141597
-0.5248021162271783
-0.5265111590401971
-0.5282202018532157
-0.5299292446662344
-0.5316382874792531
-0.5333473302922718
-0.5350563731052904
-0.5367654159183091
-0.5384744587313278
-0.5401835015443465
-0.5418925443573652
-0.5436015871703839
-0.5453106299834025
-0.5470196727964213
-0.54872871560944
-0.5504377584224588
-0.5521468012354774
-0.553855844048496
-0.5555648868615147
-0.5572739296745334
-0.5589829724875521
-0.5606920153005708
-0.5624010581135894
-0.5641101009266082
-0.5658191437396268
-0.5675281865526456
-0.5692372293656642
-0.5709462721786829
-0.5726553149917016
-0.5743643578047203
-0.576073400617739
-0.5777824434307577
-0.5794914862437763
-0.5812005290567951
-0.5829095718698137
-0.5846186146828325
-0.5863276574958511
-0.5880367003088698
-0.5897457431218885
-0.5914547859349072
-0.593163828747926
-0.5948728715609447
-0.5965819143739634
-0.5982909571869821
-0.6000000000000006
-0.6017090428130194
-0.603418085626038
-0.6051271284390567
-0.6068361712520755
-0.6085452140650941
-0.6102542568781129
-0.6119632996911315
-0.6136723425041501
-0.6153813853171688
-0.6170904281301876
-0.6187994709432063
-0.620508513756225
-0.6222175565692436
-0.6239265993822622
-0.625635642195281
-0.6273446850082998
-0.6290537278213184
-0.630762770634337
-0.6324718134473557
-0.6341808562603745
-0.6358898990733932
-0.6375989418864119
-0.6393079846994306
-0.6410170275124493
-0.642726070325468
-0.6444351131384868
-0.6461441559515053
-0.647853198764524
-0.6495622415775426
-0.6512712843905614
-0.65298032720358
-0.6546893700165988
-0.6563984128296174
-0.6581074556426361
-0.6598164984556548
-0.6615255412686735
-0.6632345840816922
-0.6649436268947109
-0.6666526697077295
-0.6683617125207482
-0.6700707553337669
-0.6717797981467856
-0.6734888409598043
-0.675197883772823
-0.6769069265858416
-0.6786159693988604
-0.680325012211879
-0.6820340550248978
-0.6837430978379165
-0.6854521406509352
-0.6871611834639539
-0.6888702262769726
-0.6905792690899912
-0.6922883119030099
-0.6939973547160285
-0.6957063975290473
-0.6974154403420659
-0.6991244831550847
-0.7008335259681033
-0.702542568781122
-0.7042516115941407
-0.7059606544071594
-0.7076696972201781
-0.7093787400331968
-0.7110877828462154
-0.7127968256592342
-0.7145058684722528
-0.7162149112852716
-0.7179239540982902
-0.719632996911309
-0.7213420397243278
-0.7230510825373463
-0.724760125350365
-0.7264691681633837
-0.7281782109764026
-0.7290423538217373
-0.7298890392358528
-0.7307182672187499
-0.7315300377704275
-0.7323243508908863
-0.7331012065801267
-0.7338606048381476
-0.7346025456649503
-0.7353270290605334
-0.7360340550248983
-0.7367236235580437
-0.7373957346599707
-0.7380503883306786
-0.7386875845701677
-0.7393073233784381
-0.7399096047554893
-0.7404944287013215
-0.7410617952159353
-0.7416117042993298
-0.7421441559515058
-0.7426591501724624
-0.7431566869622006
-0.7436367663207198
-0.7440993882480198
-0.7445445527441015
-0.7449722598089639
-0.7453825094426076
-0.7457753016450325
-0.7461506364162384
-0.7465085137562253
-0.7468489336649932
-0.7471718961425429
-0.7474774011888728
-0.7477654488039847
-0.748036038987877
-0.7482891717405511
-0.7485248470620056
-0.7487430649522415
-0.7489438254112586
-0.7491271284390569
-0.7492929740356364
-0.7494413622009967
-0.749572292935138
-0.7496857662380609
-0.7497817821097645
-0.7498603405502499
-0.7499214415595157
-0.7499650851375632
-0.7499912712843912
-0.7500000000000008
