38.60318222386482
38.47487793211623
38.35334853587629
38.238577569536204
38.13054101304908
38.02920736961477
37.93453774545631
37.8464859317428
37.7649984887457
37.69001483234729
37.62146732304962
37.55928135766148
37.503375463868416
37.45366139791746
37.41004424567339
37.372422527325696
37.34068830604856
37.31472730093464
37.294419004542846
37.27963680541452
37.270248115928574
37.26611450587533
37.26709184213964
37.27303043488983
37.28377519067376
37.29916577282273
37.31903676956566
37.343217870248
37.37153405004394
37.40380576354022
37.43984914755363
37.479476233529184
37.522495169842145
37.56871045430567
37.6179231771549
37.66993127474789
37.72452979418791
37.781511169033365
37.84066550621653
37.90178088424871
37.964643662737416
38.02903880318843
38.09475020100945
38.16156102857039
38.22925408911479
38.297612181249015
38.36641847366888
38.43545688971219
38.50451250125364
38.57337193138386
-21.101381593554983
-21.239850897578624
-21.374562351330223
-21.505497829863625
-21.63264274455445
-21.75598593896826
-21.87551958178906
-21.991239057285384
-22.10314285377494
-22.211232450528385
-22.315512203534727
-22.415989230528588
-22.51267329565929
-22.605576694159062
-22.694714137346082
-22.78010263827486
-22.86176139832481
-22.93971169499508
-23.013976771151547
-23.084581725950883
-23.151553407644258
-23.214920308443418
-23.274712461611617
-23.330961340922222
-23.383699762609616
-23.432961789918906
-23.47878264034435
-23.521198595630068
-23.560246914591545
-23.59596574880234
-23.628394061176728
-23.65757154746719
-23.68353856068333
-23.706336038428947
-23.726005433144053
-23.742588645229205
-23.756127959022592
-23.7666659815917
-23.77424558429633
-23.778909847072587
-23.78070200538388
-23.779665399779162
-23.77584342799618
-23.769279499543405
-23.76001699269228
-23.748099213809194
-23.73356935895478
-23.716470477677397
-23.696845438926523
-23.674736899011506
-23.650187271531458
-23.62323869920153
-23.59393302750212
-23.5623117800781
-23.528416135815846
-23.492286907527443
-23.45396452217261
-23.413489002550392
-23.370899950394097
-23.326236530805197
-23.279537457962945
-23.23084098204892
-23.180184877327264
-23.127606431323642
-23.073142435047146
-23.01682917420253
-22.958702421340814
-22.898797428899123
-22.837148923082264
-22.773791098540237
-22.708757613798028
-22.642081587395648
-22.573795594698332
-22.503931665338225
-22.43252128125088
-22.359595375271383
-22.28518433025638
-22.209317978699914
-22.13202560281241
-22.05333593503366
-21.973277158951518
-21.891876910600025
-21.80916228011136
-21.72515981369726
-21.639895515936963
-21.553394852349577
-21.46568275222957
-21.376783611725696
-21.286721297143814
-21.195519148455492
-21.10319998299502
-21.009786099327897
-20.915299281275153
-20.819760802078
-20.723191428688608
-20.62561142617278
-20.527040562211436
-20.427498111688102
-20.327002861350156
-20.225573114532345
-20.123226695931155
-20.019980956419474
-19.915852777891118
-19.810858578125487
-19.70501431566268
-19.5983354946801
-19.490837169861486
-19.382533951250394
-19.273440009079337
-19.163569078567225
-19.052934464677243
-18.941549046827884
-18.829425283549995
-18.716575217082934
-18.603010477903247
-18.4887422891792
-18.37378147114494
-18.258138445388155
-18.14182323904504
-18.024845488897025
-17.907214445362996
-17.788938976381836
-17.67002757117948
-17.550488343914942
-17.43032903719999
-17.309557025487173
-17.188179318320557
-17.06620256344424
-16.943633049762994
-16.820476710149933
-16.696739124095803
-16.57242552019445
-16.447540778459164
-16.322089432464335
-16.196075671306765
-16.069503341381207
-15.942375947963953
-15.814696656598974
-15.68646829428011
-15.557693350423401
-15.428373977622783
-15.298511992182819
-15.16810887442121
-15.037165768734193
-14.905683483417235
-14.773662490233317
-14.641102923720656
-14.508004580231503
-14.374366916693074
-14.240189049081419
-93.68375912215178
-93.56638559019633
-93.45202493658087
-93.34063106469843
-93.23215792244179
-93.1265595472283
-93.0237901098353
-92.92380395712063
-92.82655565369596
-92.73200002261157
-92.6400921851033
-92.55078759944723
-92.46404209895749
-92.37981192915956
-92.29805378416299
-92.21872484225254
-92.14178280071198
-92.0671859098884
-91.9948930065013
-91.92486354619608
-91.85705763533673
-91.79143606203013
-91.72796032636919
-91.66659266988108
-91.60729610416108
-91.55003443867255
-91.49477230769025
-91.44147519636121
-91.39010946585717
-91.34064237759047
-91.29304211646297
-91.2472778131183
-91.20331956516586
-91.16113845734458
-91.12070658059379
-91.08199705000011
-91.04498402158636
-91.00964270791219
-90.97594939245373
-90.94388144273236
-90.91341732216198
-90.88453660058647
-90.85721996347925
-90.83144921977855
-90.80720730833353
-90.78447830293788
-90.76324741592903
-90.74350100033318
-90.72522655053751
-90.70841270147466
-90.6930492263034
