-87.47172627171634
-87.39331140362548
-87.31180560054426
-87.22719746919516
-87.1394694719294
-87.04859795071519
-86.95455314773034
-86.8572992226534
-86.75679426676227
-86.65299031396532
-86.54583334890924
-86.43526331232238
-86.32121410377209
-86.20361358203061
-86.08238356326338
-85.95743981727252
-85.82869206204575
-85.69604395688305
-85.55939309439219
-85.41863099166494
-85.27364308096877
-85.1243087003098
-84.97050108424556
-84.81208735535105
-84.64892851676451
-84.48087944626457
-84.30778889235687
-84.12949947287395
-83.94584767661907
-83.75666386861329
-83.5617722995318
-83.36099111994608
-83.15413240001627
-82.94100215530798
-82.72140037943872
-82.49512108428776
-82.2619523485339
-82.02167637531628
-81.77406955984209
-81.5189025677947
-81.25594042542494
-80.98494262223531
-80.70566322719361
-80.41785101943884
-80.1212496344639
-79.81559772678342
-79.50062915011266
-79.17607315610002
-78.84165461267112
-78.49709424304919
-3.913459987827583
-3.946132399686107
-3.9789270651371487
-4.011895465331399
-4.045089010989084
-4.078558965773929
-4.112356368840054
-4.146531956750469
-4.1811360849708645
-4.216218649148076
-4.2518290063858935
-4.288015896734938
-4.324827365115169
-4.362310683891648
-4.400512276324317
-4.439477641112832
-4.479251278255653
-4.51987661644082
-4.561395942182631
-4.603850330914044
-4.647279580239751
-4.6917221455491065
-4.73721507818042
-4.783793966321301
-4.831492878820053
-4.880344312074451
-4.930379140153532
-4.981626568296908
-5.034114089924946
-5.087867447280479
-5.14291059580979
-5.199265672377868
-5.256952967398566
-5.315990900946447
-5.37639600290336
-5.4381828971769695
-5.501364290015376
-5.565950962426303
-5.631951766694697
-5.699373626979108
-5.7682215439517615
-5.838498603433826
-5.910205988963942
-5.983342998224259
-6.0579070632359775
-6.133893774223908
-6.2112969070383794
-6.2901084540110235
-6.370318658111986
-6.451916050265245
-6.534887489671101
-6.619218206976609
-6.704891850127251
-6.791890532727835
-6.880194884734334
-6.969784105294694
-7.060636017552618
-7.152727125225721
-7.246032670767934
-7.340526694924588
-7.436182097488999
-7.5329706990696295
-7.630863303678735
-7.729829761955593
-7.829839034839975
-7.930859257515903
-8.032857803449424
-8.135801348349172
-8.239655933884116
-8.344387030998707
-8.449959602671878
-8.556338165973731
-8.663486853279913
-8.771369472512408
-8.879949566282143
-8.989190469817366
-9.099055367569715
-9.209507348397787
-9.320509459237154
-9.43202475717294
-9.544016359840336
-9.656447494086471
-9.769281542834428
-9.882482090099614
-9.99601296411538
-10.10983827853286
-10.223922471667723
-10.3382303437735
-10.452727092327866
-10.567378345325622
-10.682150192577742
-10.797009215022591
-10.911922512060517
-11.026857726929165
-11.141783070141223
-11.256667341011639
-11.371479947305264
-11.48619092304043
-11.600770944487083
-11.715191344402099
-11.829424124546886
-11.943441966535438
-12.057218241063167
-12.170727015569247
-12.283943060386434
-12.39684185343436
-12.509399583513135
-12.621593152255192
-12.733400174793907
-12.844798979208084
-12.955768604801378
-13.066288799275945
-13.176340014859447
-13.285903403443687
-13.394960810793322
-13.503494769881726
-13.611488493410448
-13.718925865567915
-13.825791433081502
-13.932070395616194
-14.037748595571571
-14.142812507327495
-14.24724922598734
-14.351046455666236
-14.454192497369943
-14.556676236508503
-14.658487130087163
-14.759615193615309
-14.860050987772373
-14.959785604868095
-15.05881065513281
-15.15711825287144
-15.254701002513595
-15.351551984590138
-15.447664741664976
-15.54303326424947
-15.637651976724696
-15.731515723295837
-15.824619754000945
-15.916959710794949
-16.008531613728614
-16.099331847240087
-16.189357146576043
-16.278604584357424
-16.367071557304016
-16.45475577313053
-16.54165523762579
-16.627768241925416
-16.713093349987506
-16.79762938627942
-10.900010868469726
-11.301535111200126
-11.691912954465076
-12.071305121367176
-12.439868021049271
-12.797753785457179
-13.14511030883434
-13.48208128959283
-13.808806274234104
-14.125420703010892
-14.43205595705089
-14.728839406676538
-15.01589446068294
-15.29334061634524
-15.561293509952847
-15.819864967676963
-16.06916305659622
-16.30929213571924
-16.5403529068532
-16.76244246518331
-16.975654349436937
-17.180078591515496
-17.375801765491897
-17.562907035873103
-17.741474205043087
-17.91157975980446
-18.07329691694494
-18.226695667764698
-18.371842821502636
-18.508802047608192
-18.6376339168102
-18.75839594093838
-18.871142611459625
-18.97592543669218
-19.072792977670495
-19.161790882629266
-19.24296192008829
-19.316346010513115
-19.381980256538473
-19.439898971737048
-19.490133707924294
-19.53271328098885
-19.56766379524211
-19.595008666283398
-19.614768642377037
-19.626961824341752
-19.631603683954886
-19.628707080872875
-19.618282278076546
-19.60033695584471
-19.5748762242687
