0.0
0.001
0.002
0.003
0.004
0.005
0.006
0.007
0.008
0.009000000000000001
0.010000000000000002
0.011000000000000003
0.012000000000000004
0.013000000000000005
0.014000000000000005
0.015000000000000006
0.016000000000000007
0.017000000000000008
0.01800000000000001
0.01900000000000001
0.02000000000000001
0.02100000000000001
0.022000000000000013
0.023000000000000013
0.024000000000000014
0.025000000000000015
0.026000000000000016
0.027000000000000017
0.028000000000000018
0.02900000000000002
0.03000000000000002
0.03100000000000002
0.03200000000000002
0.03300000000000002
0.03400000000000002
0.035000000000000024
0.036000000000000025
0.037000000000000026
0.03800000000000003
0.03900000000000003
0.04000000000000003
0.04100000000000003
0.04200000000000003
0.04300000000000003
0.04400000000000003
0.04500000000000003
0.046000000000000034
0.047000000000000035
0.048000000000000036
0.04900000000000004
0.05000000000000004
0.05195795451414462
0.05391590902828921
0.055873863542433795
0.05783181805657838
0.05978977257072297
0.06174772708486755
0.06370568159901215
0.06566363611315673
0.06762159062730132
0.0695795451414459
0.07153749965559049
0.07349545416973507
0.07545340868387966
0.07741136319802425
0.07936931771216883
0.08132727222631342
0.083285226740458
0.08524318125460259
0.08720113576874718
0.08915909028289176
0.09111704479703635
0.09307499931118093
0.09503295382532552
0.0969909083394701
0.09894886285361469
0.10090681736775928
0.10286477188190386
0.10482272639604845
0.10678068091019303
0.10873863542433762
0.1106965899384822
0.11265454445262679
0.11461249896677138
0.11657045348091596
0.11852840799506055
0.12048636250920514
0.12244431702334972
0.12440227153749431
0.1263602260516389
0.1283181805657835
0.1302761350799281
0.1322340895940727
0.1341920441082173
0.1361499986223619
0.1381079531365065
0.1400659076506511
0.1420238621647957
0.1439818166789403
0.1459397711930849
0.1478977257072295
0.1498556802213741
0.1518136347355187
0.1537715892496633
0.1557295437638079
0.1576874982779525
0.1596454527920971
0.1616034073062417
0.1635613618203863
0.1655193163345309
0.1674772708486755
0.1694352253628201
0.1713931798769647
0.1733511343911093
0.1753090889052539
0.1772670434193985
0.1792249979335431
0.1811829524476877
0.1831409069618323
0.1850988614759769
0.1870568159901215
0.1890147705042661
0.1909727250184107
0.1929306795325553
0.1948886340466999
0.1968465885608445
0.1988045430749891
0.2007624975891337
0.2027204521032783
0.2046784066174229
0.2066363611315675
0.2085943156457121
0.2105522701598567
0.2125102246740013
0.2144681791881459
0.2164261337022905
0.2183840882164351
0.2203420427305797
0.2222999972447243
0.2242579517588689
0.2262159062730135
0.2281738607871581
0.2301318153013027
0.2320897698154473
0.2340477243295919
0.2360056788437365
0.2379636333578811
0.2399215878720257
0.2418795423861703
0.2438374969003149
0.2457954514144595
0.2477534059286041
0.2497113604427487
0.25166931495689326
0.25362726947103786
0.25558522398518246
0.25754317849932706
0.25950113301347166
0.26145908752761626
0.26341704204176086
0.26537499655590546
0.26733295107005006
0.26929090558419466
0.27124886009833926
0.27320681461248386
0.27516476912662846
0.27712272364077306
0.27908067815491766
0.28103863266906226
0.28299658718320686
0.28495454169735146
0.28691249621149606
0.28887045072564066
0.29082840523978526
0.29278635975392986
0.29474431426807446
0.29670226878221906
0.29866022329636366
0.30061817781050826
0.30257613232465286
0.30453408683879746
0.30649204135294206
0.30844999586708666
0.31040795038123126
0.31236590489537586
0.31432385940952046
0.31628181392366506
0.31823976843780966
0.32019772295195426
0.32215567746609886
0.32411363198024346
0.32607158649438805
0.32802954100853265
0.32998749552267725
0.33194545003682185
0.33390340455096645
0.33586135906511105
0.33781931357925565
0.33977726809340025
0.34173522260754485
0.34369317712168945
0.34469317712168945
0.34569317712168945
0.34669317712168946
0.34769317712168946
0.34869317712168946
0.34969317712168946
0.35069317712168946
0.35169317712168946
0.35269317712168946
0.35369317712168946
0.35469317712168946
0.35569317712168946
0.35669317712168946
0.35769317712168947
0.35869317712168947
0.35969317712168947
0.36069317712168947
0.36169317712168947
0.36269317712168947
0.36369317712168947
0.36469317712168947
0.36569317712168947
0.3666931771216895
0.3676931771216895
0.3686931771216895
0.3696931771216895
0.3706931771216895
0.3716931771216895
0.3726931771216895
0.3736931771216895
0.3746931771216895
0.3756931771216895
0.3766931771216895
0.3776931771216895
0.3786931771216895
0.3796931771216895
0.3806931771216895
0.3816931771216895
0.3826931771216895
0.3836931771216895
0.3846931771216895
0.3856931771216895
0.3866931771216895
0.3876931771216895
0.3886931771216895
0.3896931771216895
0.3906931771216895
0.3916931771216895
0.3926931771216895
0.393693177121688
